dst,src,length,offset,content
0,-1,31,1,"00000000000000000000000000000000000000000000000000000000000000"
32,0,31,32,"00000000000000000000000000000000000000000000000000000000000000"
64,33,30,31,"000000000000000000000000000000000000000000000000000000000000"
96,64,30,32,"000000000000000000000000000000000000000000000000000000000000"
128,96,30,32,"000000000000000000000000000000000000000000000000000000000000"
192,130,28,62,"00000000000000000000000000000000000000000000000000000000"
224,32,31,192,"00000000000000000000000000000000000000000000000000000000000000"
256,225,30,31,"000000000000000000000000000000000000000000000000000000000000"
287,255,32,32,"c000000000000000000000000000000000000000000000000000000000000044"
320,288,30,32,"000000000000000000000000000000000000000000000000000000000000"
352,224,31,128,"00000000000000000000000000000000000000000000000000000000000000"
384,353,30,31,"000000000000000000000000000000000000000000000000000000000000"
416,384,30,32,"000000000000000000000000000000000000000000000000000000000000"
447,352,31,95,"00000000000000000000000000000000000000000000000000000000000000"
480,448,30,32,"000000000000000000000000000000000000000000000000000000000000"
512,480,30,32,"000000000000000000000000000000000000000000000000000000000000"
544,512,30,32,"000000000000000000000000000000000000000000000000000000000000"
576,544,30,32,"000000000000000000000000000000000000000000000000000000000000"
608,576,30,32,"000000000000000000000000000000000000000000000000000000000000"
640,608,30,32,"000000000000000000000000000000000000000000000000000000000000"
672,640,30,32,"000000000000000000000000000000000000000000000000000000000000"
703,447,31,256,"00000000000000000000000000000000000000000000000000000000000000"
736,704,30,32,"000000000000000000000000000000000000000000000000000000000000"
768,736,30,32,"000000000000000000000000000000000000000000000000000000000000"
800,768,30,32,"000000000000000000000000000000000000000000000000000000000000"
832,800,30,32,"000000000000000000000000000000000000000000000000000000000000"
864,832,30,32,"000000000000000000000000000000000000000000000000000000000000"
896,864,30,32,"000000000000000000000000000000000000000000000000000000000000"
928,896,30,32,"000000000000000000000000000000000000000000000000000000000000"
959,703,31,256,"00000000000000000000000000000000000000000000000000000000000000"
992,960,30,32,"000000000000000000000000000000000000000000000000000000000000"
1024,992,30,32,"000000000000000000000000000000000000000000000000000000000000"
1056,1024,30,32,"000000000000000000000000000000000000000000000000000000000000"
1088,1056,30,32,"000000000000000000000000000000000000000000000000000000000000"
1120,1088,30,32,"000000000000000000000000000000000000000000000000000000000000"
1152,1120,31,32,"00000000000000000000000000000000000000000000000000000000000025"
1184,1152,30,32,"000000000000000000000000000000000000000000000000000000000000"
1215,959,31,256,"00000000000000000000000000000000000000000000000000000000000000"
1248,1216,30,32,"000000000000000000000000000000000000000000000000000000000000"
1280,1248,30,32,"000000000000000000000000000000000000000000000000000000000000"
1311,1215,31,96,"00000000000000000000000000000000000000000000000000000000000000"
1344,1312,31,32,"00000000000000000000000000000000000000000000000000000000000031"
1376,1344,30,32,"000000000000000000000000000000000000000000000000000000000000"
1408,1376,30,32,"000000000000000000000000000000000000000000000000000000000000"
1440,1408,30,32,"000000000000000000000000000000000000000000000000000000000000"
1471,1311,31,160,"00000000000000000000000000000000000000000000000000000000000000"
1504,1472,31,32,"00000000000000000000000000000000000000000000000000000000000034"
1536,1504,30,32,"000000000000000000000000000000000000000000000000000000000000"
1568,1536,30,32,"000000000000000000000000000000000000000000000000000000000000"
1600,1568,30,32,"000000000000000000000000000000000000000000000000000000000000"
1632,1600,30,32,"000000000000000000000000000000000000000000000000000000000000"
1664,1632,30,32,"000000000000000000000000000000000000000000000000000000000000"
1696,1664,30,32,"000000000000000000000000000000000000000000000000000000000000"
1728,1696,30,32,"000000000000000000000000000000000000000000000000000000000000"
1759,1471,31,288,"00000000000000000000000000000000000000000000000000000000000000"
1792,1760,31,32,"00000000000000000000000000000000000000000000000000000000000043"
1824,1792,30,32,"000000000000000000000000000000000000000000000000000000000000"
1872,1867,4,5,"84307e4f"
1910,1842,12,68,"000000000000000000000000"
1942,1910,44,32,"000000000000000000000000c96cfec066404b0d688f7854e314ecc051bec36b000000000000000000000000"
1986,1985,14,1,"0000000000000000000000000000"
2005,6,26,1999,"0000000000000000000000000000000000000000000000000004"
2037,-64,64,2101,"00000000000000000000000000000000000000000000000000000000000000000000000000000000000000000000000000000000000000000000000000000000"
2102,2072,29,30,"0000000000000000000000000000000000000000000000000000000000"
2134,2069,32,65,"0000000000000000000000000000000000000000000000000000000000000000"
2167,2062,39,105,"000000000000000000000000000000000000000000000000000000000000000000000000000000"
2206,1854,12,352,"013702f9013382e7088303c6"
2219,1867,12,352,"84307e4f6984307e4f778301"
2233,1881,41,352,"94508ca82df566dcd1b0de8296e70a96332cd644ec80b90104491e0936000000000000000000000000"
2294,2262,44,32,"000000000000000000000000fd99ff9eb12d388cc02d3220eabacd1693f515bc000000000000000000000000"
2338,1986,15,352,"00000000000000000000000000009f"
2358,2327,25,31,"00000000000000000000000000000000000000000000000000"
2389,2037,96,352,"00000000000000000000000000000000000000000000000000000000000000000000000000000000000000000000000000000000000000000000000000000000e0000000000000000000000000000000000000000000000000000000000003e4"
2486,2134,84,352,"0000000000000000000000000000000000000000000000000000000000000000c0000000000000000000000000000000000000000000000000000000000000000000000000000000013702f9013382e7088303c6"
2571,1867,55,704,"84307e4f6984307e4f778301995294508ca82df566dcd1b0de8296e70a96332cd644ec80b90104491e0936000000000000000000000000"
2646,2614,44,32,"000000000000000000000000d2d097c39a22563447fbb54cc2620246835ac2c1000000000000000000000000"
2690,2338,15,352,"00000000000000000000000000009f"
2709,2458,26,251,"0000000000000000000000000000000000000000000000000003"
2741,2389,96,352,"00000000000000000000000000000000000000000000000000000000000000000000000000000000000000000000000000000000000000000000000000000000e0000000000000000000000000000000000000000000000000000000000003e4"
2838,2486,84,352,"0000000000000000000000000000000000000000000000000000000000000000c0000000000000000000000000000000000000000000000000000000000000000000000000000000013702f9013382e7088303c6"
2923,2571,13,352,"84307e4f6984307e4f77830199"
2937,2585,41,352,"94508ca82df566dcd1b0de8296e70a96332cd644ec80b90104491e0936000000000000000000000000"
2998,2966,44,32,"000000000000000000000000d7b9d7c12cbd32ce5b1197616518bef4e9811d1b000000000000000000000000"
3042,2690,44,352,"00000000000000000000000000009f16c2c97700000000000000000000000000000000000000000000000000"
3092,-65,65,3157,"0000000000000000000000000000000000000000000000000000000000000000000000000000000000000000000000000000000000000000000000000000000000"
3157,2805,32,352,"e0000000000000000000000000000000000000000000000000000000000003e4"
3190,2838,84,352,"0000000000000000000000000000000000000000000000000000000000000000c0000000000000000000000000000000000000000000000000000000000000000000000000000000013702f9013382e7088303c6"
3275,2219,55,1056,"84307e4f6984307e4f778301361d94508ca82df566dcd1b0de8296e70a96332cd644ec80b90104491e0936000000000000000000000000"
3350,3318,44,32,"0000000000000000000000004e935b522d7a4674a91945db6898cd5c313fa72a000000000000000000000000"
3394,3042,15,352,"00000000000000000000000000009f"
3414,3383,25,31,"00000000000000000000000000000000000000000000000000"
3444,2388,97,1056,"8000000000000000000000000000000000000000000000000000000000000000000000000000000000000000000000000000000000000000000000000000000000e0000000000000000000000000000000000000000000000000000000000003e4"
3542,3190,84,352,"0000000000000000000000000000000000000000000000000000000000000000c0000000000000000000000000000000000000000000000000000000000000000000000000000000013702f9013382e7088303c6"
3627,2923,55,704,"84307e4f6984307e4f778301994694508ca82df566dcd1b0de8296e70a96332cd644ec80b90104491e0936000000000000000000000000"
3702,3670,44,32,"00000000000000000000000088ce9717c13476e47f028e374cf079ceffbb5592000000000000000000000000"
3746,3745,14,1,"0000000000000000000000000000"
3766,997,26,2769,"000000000000000000000000000000000000000000000000001f"
3796,3092,97,704,"0000000000000000000000000000000000000000000000000000000000000000000000000000000000000000000000000000000000000000000000000000000000e0000000000000000000000000000000000000000000000000000000000003e4"
3894,3542,84,352,"0000000000000000000000000000000000000000000000000000000000000000c0000000000000000000000000000000000000000000000000000000000000000000000000000000013702f9013382e7088303c6"
3979,3275,13,704,"84307e4f6984307e4f77830136"
3993,3641,41,352,"94508ca82df566dcd1b0de8296e70a96332cd644ec80b90104491e0936000000000000000000000000"
4054,4022,44,32,"000000000000000000000000658191594cda88744d8158813029420dcf137a32000000000000000000000000"
4098,3394,15,704,"00000000000000000000000000009f"
4118,3942,25,176,"00000000000000000000000000000000000000000000000001"
4148,3444,97,704,"8000000000000000000000000000000000000000000000000000000000000000000000000000000000000000000000000000000000000000000000000000000000e0000000000000000000000000000000000000000000000000000000000003e4"
4246,3894,84,352,"0000000000000000000000000000000000000000000000000000000000000000c0000000000000000000000000000000000000000000000000000000000000000000000000000000013702f9013382e7088303c6"
4331,3275,55,1056,"84307e4f6984307e4f778301361d94508ca82df566dcd1b0de8296e70a96332cd644ec80b90104491e0936000000000000000000000000"
4406,4374,44,32,"0000000000000000000000001ba8ab6712e593a650a1b208f740597ec820cd89000000000000000000000000"
4450,4230,14,220,"0000000000000000000000000003"
4469,4292,26,177,"0000000000000000000000000000000000000000000000000000"
4500,4148,97,352,"8000000000000000000000000000000000000000000000000000000000000000000000000000000000000000000000000000000000000000000000000000000000e0000000000000000000000000000000000000000000000000000000000003e4"
4598,4246,84,352,"0000000000000000000000000000000000000000000000000000000000000000c0000000000000000000000000000000000000000000000000000000000000000000000000000000013702f9013382e7088303c6"
4683,2571,55,2112,"84307e4f6984307e4f778301995294508ca82df566dcd1b0de8296e70a96332cd644ec80b90104491e0936000000000000000000000000"
4758,4726,44,32,"000000000000000000000000572cbc94879833f41499d6e001e5c74c18c692be000000000000000000000000"
4802,3746,15,1056,"00000000000000000000000000009e"
4822,965,26,3857,"000000000000000000000000000000000000000000000000001e"
4852,2740,97,2112,"c000000000000000000000000000000000000000000000000000000000000000000000000000000000000000000000000000000000000000000000000000000000e0000000000000000000000000000000000000000000000000000000000003e4"
4950,4598,84,352,"0000000000000000000000000000000000000000000000000000000000000000c0000000000000000000000000000000000000000000000000000000000000000000000000000000013702f9013382e7088303c6"
5035,3627,55,1408,"84307e4f6984307e4f778301994694508ca82df566dcd1b0de8296e70a96332cd644ec80b90104491e0936000000000000000000000000"
5110,5078,44,32,"00000000000000000000000054050db8c7ba01eba6308d8e87e14923417aa455000000000000000000000000"
5154,4802,15,352,"00000000000000000000000000009e"
5174,5143,25,31,"00000000000000000000000000000000000000000000000000"
5204,3796,97,1408,"0000000000000000000000000000000000000000000000000000000000000000000000000000000000000000000000000000000000000000000000000000000000e0000000000000000000000000000000000000000000000000000000000003e4"
5302,4950,84,352,"0000000000000000000000000000000000000000000000000000000000000000c0000000000000000000000000000000000000000000000000000000000000000000000000000000013702f9013382e7088303c6"
5387,4331,55,1056,"84307e4f6984307e4f778301361d94508ca82df566dcd1b0de8296e70a96332cd644ec80b90104491e0936000000000000000000000000"
5462,5430,44,32,"000000000000000000000000a74a98d79ad5830c4140bb4204e17a6ad4dc22ae000000000000000000000000"
5506,5154,44,352,"00000000000000000000000000009eb1cd137360000000000000000000000000000000000000000000000000"
5556,5204,97,352,"0000000000000000000000000000000000000000000000000000000000000000000000000000000000000000000000000000000000000000000000000000000000e0000000000000000000000000000000000000000000000000000000000003e4"
5654,5302,84,352,"0000000000000000000000000000000000000000000000000000000000000000c0000000000000000000000000000000000000000000000000000000000000000000000000000000013702f9013382e7088303c6"
5739,5035,55,704,"84307e4f6984307e4f778301994694508ca82df566dcd1b0de8296e70a96332cd644ec80b90104491e0936000000000000000000000000"
5814,5782,44,32,"0000000000000000000000004fb98a770a8884318199772a2b7c09b9ac06a0ae000000000000000000000000"
5858,5506,15,352,"00000000000000000000000000009e"
5877,5846,26,31,"0000000000000000000000000000000000000000000000000000"
5908,4852,97,1056,"c000000000000000000000000000000000000000000000000000000000000000000000000000000000000000000000000000000000000000000000000000000000e0000000000000000000000000000000000000000000000000000000000003e4"
6006,5654,84,352,"0000000000000000000000000000000000000000000000000000000000000000c0000000000000000000000000000000000000000000000000000000000000000000000000000000013702f9013382e7088303c6"
6091,3275,56,2816,"84307e4f6984307e4f778301361d94508ca82df566dcd1b0de8296e70a96332cd644ec80b90104491e09360000000000000000000000004e"
6166,6134,44,32,"0000000000000000000000004e181a26b35fec8a9cddcaf6c1f462b56d93d455000000000000000000000000"
6210,4450,45,1760,"00000000000000000000000000038d7ea4c6800000000000000000000000000000000000000000000000000000"
6260,4500,97,1760,"8000000000000000000000000000000000000000000000000000000000000000000000000000000000000000000000000000000000000000000000000000000000e0000000000000000000000000000000000000000000000000000000000003e4"
6358,6006,84,352,"0000000000000000000000000000000000000000000000000000000000000000c0000000000000000000000000000000000000000000000000000000000000000000000000000000013702f9013382e7088303c6"
6443,6091,55,352,"84307e4f6984307e4f778301361d94508ca82df566dcd1b0de8296e70a96332cd644ec80b90104491e0936000000000000000000000000"
6518,6486,44,32,"0000000000000000000000005b3125babc8e92b8c8e36de59d281a9c025b78bf000000000000000000000000"
6562,4450,147,2112,"00000000000000000000000000038d7ea4c68000000000000000000000000000000000000000000000000000008a8e4b1a3d8000000000000000000000000000000000000000000000000000000000000000000000000000000000000000000000000000000000000000000000000000000000e0000000000000000000000000000000000000000000000000000000000003e4"
6710,6358,84,352,"0000000000000000000000000000000000000000000000000000000000000000c0000000000000000000000000000000000000000000000000000000000000000000000000000000013702f9013382e7088303c6"
6795,4683,55,2112,"84307e4f6984307e4f778301995294508ca82df566dcd1b0de8296e70a96332cd644ec80b90104491e0936000000000000000000000000"
6870,6838,44,32,"00000000000000000000000075de208bb822cc2665d9c4ebbb73b04ca0b48d5b000000000000000000000000"
6914,5858,15,1056,"00000000000000000000000000009e"
6934,1189,26,5745,"0000000000000000000000000000000000000000000000000028"
6964,5908,97,1056,"c000000000000000000000000000000000000000000000000000000000000000000000000000000000000000000000000000000000000000000000000000000000e0000000000000000000000000000000000000000000000000000000000003e4"
7062,6710,84,352,"0000000000000000000000000000000000000000000000000000000000000000c0000000000000000000000000000000000000000000000000000000000000000000000000000000013702f9013382e7088303c6"
7147,6795,55,352,"84307e4f6984307e4f778301995294508ca82df566dcd1b0de8296e70a96332cd644ec80b90104491e0936000000000000000000000000"
7222,7190,44,32,"000000000000000000000000614df03befccd406fbe5ff34c6edb0a5b63c191a000000000000000000000000"
7266,6914,15,352,"00000000000000000000000000009e"
7286,7255,25,31,"00000000000000000000000000000000000000000000000000"
7317,6965,96,352,"00000000000000000000000000000000000000000000000000000000000000000000000000000000000000000000000000000000000000000000000000000000e0000000000000000000000000000000000000000000000000000000000003e4"
7414,7062,84,352,"0000000000000000000000000000000000000000000000000000000000000000c0000000000000000000000000000000000000000000000000000000000000000000000000000000013702f9013382e7088303c6"
7499,5739,55,1760,"84307e4f6984307e4f778301994694508ca82df566dcd1b0de8296e70a96332cd644ec80b90104491e0936000000000000000000000000"
7574,7542,44,32,"00000000000000000000000011900afca02898a029f226859d1069bf01866282000000000000000000000000"
7618,7266,15,352,"00000000000000000000000000009e"
7638,7286,26,352,"0000000000000000000000000000000000000000000000000062"
7667,3085,2,4582,"0008"
7669,7317,96,352,"00000000000000000000000000000000000000000000000000000000000000000000000000000000000000000000000000000000000000000000000000000000e0000000000000000000000000000000000000000000000000000000000003e4"
7766,7414,84,352,"0000000000000000000000000000000000000000000000000000000000000000c0000000000000000000000000000000000000000000000000000000000000000000000000000000013702f9013382e7088303c6"
7851,7147,55,704,"84307e4f6984307e4f778301995294508ca82df566dcd1b0de8296e70a96332cd644ec80b90104491e0936000000000000000000000000"
7926,7894,44,32,"0000000000000000000000002c123ac2104ac94e7befa0ac8e96d9d64c590b50000000000000000000000000"
7970,6914,45,1056,"00000000000000000000000000009e1d17a353e000000000000000000000000000000000000000000000000000"
8021,7669,96,352,"00000000000000000000000000000000000000000000000000000000000000000000000000000000000000000000000000000000000000000000000000000000e0000000000000000000000000000000000000000000000000000000000003e4"
8118,7766,84,352,"0000000000000000000000000000000000000000000000000000000000000000c0000000000000000000000000000000000000000000000000000000000000000000000000000000013702f9013382e7088303c6"
8203,6443,55,1760,"84307e4f6984307e4f778301361d94508ca82df566dcd1b0de8296e70a96332cd644ec80b90104491e0936000000000000000000000000"
8278,8246,44,32,"000000000000000000000000cac476f09a2c1c12fd690587bf8021540337c73c000000000000000000000000"
8322,6562,147,1760,"00000000000000000000000000038d7ea4c68000000000000000000000000000000000000000000000000000008a8e4b1a3d8000000000000000000000000000000000000000000000000000000000000000000000000000000000000000000000000000000000000000000000000000000000e0000000000000000000000000000000000000000000000000000000000003e4"
8470,8118,84,352,"0000000000000000000000000000000000000000000000000000000000000000c0000000000000000000000000000000000000000000000000000000000000000000000000000000013702f9013382e7088303c6"
8555,7499,55,1056,"84307e4f6984307e4f778301994694508ca82df566dcd1b0de8296e70a96332cd644ec80b90104491e0936000000000000000000000000"
8630,8598,44,32,"000000000000000000000000ae5032c87d6318fdd5f23c945fb6df665e647133000000000000000000000000"
8674,7266,45,1408,"00000000000000000000000000009e20c0f08be000000000000000000000000000000000000000000000000000"
8724,5556,97,3168,"0000000000000000000000000000000000000000000000000000000000000000000000000000000000000000000000000000000000000000000000000000000000e0000000000000000000000000000000000000000000000000000000000003e4"
8822,8470,84,352,"0000000000000000000000000000000000000000000000000000000000000000c0000000000000000000000000000000000000000000000000000000000000000000000000000000013702f9013382e7088303c6"
8906,8559,5,347,"6984307e4f"
8911,8559,9,352,"6984307e4f77830199"
8921,3641,42,5280,"94508ca82df566dcd1b0de8296e70a96332cd644ec80b90104491e093600000000000000000000000088"
8970,8961,1,9,"00"
8982,8950,44,32,"00000000000000000000000088a7c757b02bf44200b4724630e1d484e89b37e8000000000000000000000000"
9026,8674,15,352,"00000000000000000000000000009e"
9046,7990,26,1056,"0000000000000000000000000000000000000000000000000065"
9077,8725,96,352,"00000000000000000000000000000000000000000000000000000000000000000000000000000000000000000000000000000000000000000000000000000000e0000000000000000000000000000000000000000000000000000000000003e4"
9174,8822,84,352,"0000000000000000000000000000000000000000000000000000000000000000c0000000000000000000000000000000000000000000000000000000000000000000000000000000013702f9013382e7088303c6"
9259,8907,55,352,"84307e4f6984307e4f778301993a94508ca82df566dcd1b0de8296e70a96332cd644ec80b90104491e0936000000000000000000000000"
9328,9313,1,15,"00"
9334,9302,44,32,"0000000000000000000000004a758975fabd27709484559f2de100b367279131000000000000000000000000"
9378,9026,45,352,"00000000000000000000000000009e1a91edd06000000000000000000000000000000000000000000000000000"
9429,9077,96,352,"00000000000000000000000000000000000000000000000000000000000000000000000000000000000000000000000000000000000000000000000000000000e0000000000000000000000000000000000000000000000000000000000003e4"
9526,9174,84,352,"0000000000000000000000000000000000000000000000000000000000000000c0000000000000000000000000000000000000000000000000000000000000000000000000000000013702f9013382e7088303c6"
9611,8203,13,1408,"84307e4f6984307e4f77830136"
9625,9273,41,352,"94508ca82df566dcd1b0de8296e70a96332cd644ec80b90104491e0936000000000000000000000000"
9686,9654,44,32,"00000000000000000000000023231195ed3e60f82e7b8b9e4e2108154c3fa01f000000000000000000000000"
9730,9378,44,352,"00000000000000000000000000009e1a91edd060000000000000000000000000000000000000000000000000"
9782,9430,95,352,"000000000000000000000000000000000000000000000000000000000000000000000000000000000000000000000000000000000000000000000000000000e0000000000000000000000000000000000000000000000000000000000003e4"
9878,9526,72,352,"0000000000000000000000000000000000000000000000000000000000000000c0000000000000000000000000000000000000000000000000000000000000000000000000000000"
9950,5902,2,4048,"002f"
9959,9950,1,9,"00"
9992,62,2,9930,"0080"
9994,9604,3,390,"82e708"
9999,9798,47,201,"0000000000000000000000000000000000000000000000000000000000000000000000000000000000000000000000"
10093,1586,13,8507,"00000000000000000000000038"
10125,32,60,10093,"000000000000000000000000000000000000000000000000000000000000008000000000000000000000000000000000000000000000000000000000"
10189,9568,31,621,"00000000000000000000000000000000000000000000000000000000000001"
10221,10125,31,96,"00000000000000000000000000000000000000000000000000000000000000"
10257,10221,31,36,"00000000000000000000000000000000000000000000000000000000000000"
10321,10257,31,64,"00000000000000000000000000000000000000000000000000000000000000"
10353,10289,63,64,"b3c83802cf88bcd4214289b0fd4a3574290797ecc8e60ad82806bbf059e528aa00000000000000000000000000000000000000000000000000000000000000"
10416,10415,28,1,"00000000000000000000000000000000000000000000000000000000"
10575,10414,31,161,"00000000000000000000000000000000000000000000000000000000000082"
10606,9995,48,611,"e70880800000000000000000000000000000000000000000000000000000000000000000000000000000000000000000"
10663,10055,6,608,"843a37739c83"
10693,9646,3,1047,"80b901"
10701,10623,31,78,"00000000000000000000000000000000000000000000000000000000000000"
10733,10144,13,589,"00000000000000000000000080"
10765,10625,30,140,"000000000000000000000000000000000000000000000000000000000001"
10829,10797,32,32,"1f44947aca06fe270347c4892a4ff0f283def8aca267742f351471a9e59577e4"
10861,9879,63,982,"00000000000000000000000000000000000000000000000000000000000000c000000000000000000000000000000000000000000000000000000000000000"
10925,10093,38,832,"00000000000000000000000038de71124f7a447a01d67945a51edce9ff491251000000000000"
10965,10731,2,234,"00b8"
10987,10965,1,22,"00"
10989,10745,49,244,"808d7c71ad2ba3fa531b068a2417c63106bc09490000000000000000000000000000000000000000000000000000000000"
11038,11037,2,1,"0000"
11041,391,24,10650,"000000000000000000000000000000000000000000000005"
11071,10621,33,450,"000000000000000000000000000000000000000000000000000000000000000000"
11125,10581,74,544,"00000000000000000000000000000000000000000000000082e7088080000000000000000000000000000000000000000000000000000000000000000000000000000000000000000001"
11208,11197,1,11,"00"
11241,11167,32,74,"0000000000000000000000000000000000000000000000000000000000000001"
11273,11241,31,32,"00000000000000000000000000000000000000000000000000000000000000"
11305,10861,63,444,"00000000000000000000000000000000000000000000000000000000000000c000000000000000000000000000000000000000000000000000000000000000"
11423,10402,43,1021,"00000000000000000000000000000000000000000000000000000000000000000000000000000000000082"
11466,9995,51,1471,"e70880800000000000000000000000000000000000000000000000000000000000000000000000000000000000000000000000"
11517,10045,2,1472,"0002"
11554,10085,3,1469,"80b902"
11562,11487,31,75,"00000000000000000000000000000000000000000000000000000000000000"
11594,11487,32,107,"0000000000000000000000000000000000000000000000000000000000000002"
11626,11009,55,617,"00000000000000000000000000000000000000000000000000000000000000400000000000000000000000000000000000000000000000"
11681,11265,8,416,"0000000000000001"
11689,1823,32,9866,"8000000000000000000000000000000000000000000000000000000000000001"
11726,11708,12,18,"000000000000000000000000"
11758,11726,12,32,"000000000000000000000000"
11790,11626,31,164,"00000000000000000000000000000000000000000000000000000000000000"
11822,9785,60,2037,"000000000000000000000000000000000000000000000000000000000000000000000000000000000000000000000000000000000000000000000000"
11886,3767,25,8119,"0000000000000000000000000000000000000000000000001f"
11918,2005,26,9913,"0000000000000000000000000000000000000000000000000004"
11950,-91,91,12041,"00000000000000000000000000000000000000000000000000000000000000000000000000000000000000000000000000000000000000000000000000000000000000000000000000000000000000000000000000000000000000"
12046,11918,44,128,"0000000000000000000000000000000000000000000000000004dc2454df3229000000000000000000000000"
12110,11437,80,673,"0000000000000000000000000000000000000000000000000000000082e70880800000000000000000000000000000000000000000000000000000000000000000000000000000000000000000000000"
12196,12138,3,58,"82e708"
12200,11524,3,676,"843083"
12205,11524,4,681,"8430838b"
12241,12189,1,52,"00"
12249,11242,62,1007,"0000000000000000000000000000000000000000000000000000000000000100000000000000000000000000000000000000000000000000000000000000"
12311,12310,33,1,"000000000000000000000000000000000000000000000000000000000000000000"
12409,8355,13,4054,"0000000000000000000000008a"
12441,11241,62,1200,"0000000000000000000000000000000000000000000000000000000000000001000000000000000000000000000000000000000000000000000000000000"
12504,12459,14,45,"0000000000000000000000000001"
12537,11826,58,711,"000000000000000000000000000000000000000000000000000000000000000000000000000000000000000000000000000000000000000064fa"
12601,12562,31,39,"00000000000000000000000000000000000000000000000000000000000000"
12633,12620,12,13,"000000000000000000000000"
12646,12645,19,1,"eeeeeeeeeeeeeeeeeeeeeeeeeeeeeeeeeeeeee"
12665,12607,25,58,"00000000000000000000000000000000000000000000000000"
12696,12441,32,255,"0000000000000000000000000000000000000000000000000000000000000001"
12729,3074,13,9655,"00000000000000000000000008"
12761,12696,31,65,"00000000000000000000000000000000000000000000000000000000000000"
12793,12761,31,32,"00000000000000000000000000000000000000000000000000000000000000"
12825,11241,63,1584,"000000000000000000000000000000000000000000000000000000000000000100000000000000000000000000000000000000000000000000000000000000"
12889,6870,13,6019,"00000000000000000000000075"
12921,12862,26,59,"0000000000000000000000000000000000000000000000000000"
12947,12236,6,711,"d017a6b98000"
12953,11273,63,1680,"000000000000000000000000000000000000000000000000000000000000006000000000000000000000000000000000000000000000000000000000000000"
13016,13015,33,1,"000000000000000000000000000000000000000000000000000000000000000000"
13050,13012,37,38,"00000000000000000000000000000000000000000000000000000000000000000000000000"
13090,11524,5,1566,"8430838b02"
13125,11465,53,1660,"82e7088080000000000000000000000000000000000000000000000000000000000000000000000000000000000000000000000000"
13178,13177,5,1,"0000000000"
13186,13125,3,61,"82e708"
13195,13190,4,5,"842efbe5"
13204,13098,27,106,"94cce9d3f392c135dc038b147ca73ec496f7f89d938084183ff085"
13232,13137,46,95,"00000000000000000000000000000000000000000000000000000000000000000000000000000000000000000000"
13280,9600,3,3680,"02f901"
13284,13186,3,98,"82e708"
13293,13288,4,5,"842ef468"
13322,9646,4,3676,"80b90104"
13330,11626,62,1704,"0000000000000000000000000000000000000000000000000000000000000040000000000000000000000000000000000000000000000000000000000000"
13392,13391,1,1,"00"
13394,13330,32,64,"0000000000000000000000000000000000000000000000000000000000000040"
13490,13394,32,96,"0000000000000000000000000000000000000000000000000000000000000040"
13532,13524,3,8,"393463"
13587,13139,50,448,"00000000000000000000000000000000000000000000000000000000000000000000000000000000000000003002ee82e708"
13638,13288,10,350,"842ef4683c842ef46846"
13648,13200,78,448,"83010b3694cce9d3f392c135dc038b147ca73ec496f7f89d938084183ff085c000000000000000000000000000000000000000000000000000000000000000000000000000000000000000000000"
13726,13630,7,96,"003002ee82e708"
13734,13638,89,96,"842ef4683c842ef4684683010b3694cce9d3f392c135dc038b147ca73ec496f7f89d938084183ff085c00000000000000000000000000000000000000000000000000000000000000000000000000000000000000000000000"
13826,13730,3,96,"82e708"
13835,13830,4,5,"842ee8a7"
13844,11770,20,2074,"e5d7c2a44ffddf6b295a15c148167daaaf5cf34f"
13865,8335,7,5530,"038d7ea4c68000"
13878,13238,41,640,"0000000000000000000000000000000000000000000000000000000000000000000000000000000001"
13920,13280,3,640,"02f901"
13924,12196,5,1728,"82e7080284"
13933,13928,4,5,"842d80a4"
13943,12741,20,1202,"0872ec4426103482a50f26ffc32acefcec61b3c9"
13963,10693,4,3270,"80b901c4"
13971,-127,127,14098,"00000000000000000000000000000000000000000000000000000000000000000000000000000000000000000000000000000000000000000000000000000000000000000000000000000000000000000000000000000000000000000000000000000000000000000000000000000000000000000000000000000000000000"
14099,14067,60,32,"000000000000000000000000000000000000000000000000000000000000000100000000000000000000000000000000000000000000000000000000"
14163,14035,63,128,"000000000000000000000000000000000000000000000000000000000000000000000000000000000000000000000000000000000000000000000000000000"
14227,14036,63,191,"000000000000000000000000000000000000000000000000000000000000000000000000000000000000000000000000000000000000000000000000000001"
14291,14258,31,33,"00000000000000000000000000000000000000000000000000000000000000"
14388,9879,72,4509,"00000000000000000000000000000000000000000000000000000000000000c000000000000000000000000000000000000000000000000000000000000000000000000000000000"
14460,14287,3,173,"000001"
14472,12137,2,2335,"0082"
14475,13941,23,534,"78940872ec4426103482a50f26ffc32acefcec61b3c980"
14504,14450,12,54,"000000000000000000000000"
14536,8630,13,5906,"000000000000000000000000ae"
14565,11103,2,3462,"0014"
14568,14195,63,373,"000000000000000000000000000000000000000000000000000000000000000500000000000000000000000000000000000000000000000000000000000000"
14632,13362,63,1270,"00000000000000000000000000000000000000000000000000000000000000a000000000000000000000000000000000000000000000000000000000000000"
14695,11432,86,3263,"00000000000000000000000000000000000000000000000000000000000000000082e7088080000000000000000000000000000000000000000000000000000000000000000000000000000000000000000000000000"
14781,14461,55,320,"00010df9010a01842aea5400829d78940872ec4426103482a50f26ffc32acefcec61b3c980b8e4f242432a000000000000000000000000"
14856,14536,256,320,"000000000000000000000000aec3cacef9457ff2821d9f85429ce3d90b0014590000000000000000000000000000000000000000000000000000000000000005000000000000000000000000000000000000000000000000000000000000000100000000000000000000000000000000000000000000000000000000000000a00000000000000000000000000000000000000000000000000000000000000000000000000000000000000000000000000000000000000000000000000000000082e708808000000000000000000000000000000000000000000000000000000000000000000000000000000000000000000000000000010df9010a01842aea54"
14856,14536,44,320,"000000000000000000000000aec3cacef9457ff2821d9f85429ce3d90b001459000000000000000000000000"
15176,14856,247,320,"000000000000000000000000aec3cacef9457ff2821d9f85429ce3d90b0014590000000000000000000000000000000000000000000000000000000000000005000000000000000000000000000000000000000000000000000000000000000100000000000000000000000000000000000000000000000000000000000000a00000000000000000000000000000000000000000000000000000000000000000000000000000000000000000000000000000000000000000000000000000000082e70880800000000000000000000000000000000000000000000000000000000000000000000000000000000000000000000000000001"
15428,15108,5,320,"842aea5400"
15437,13942,218,1495,"940872ec4426103482a50f26ffc32acefcec61b3c980b901c4d4dfd6bc000000000000000000000000000000000000000000000000000000000000000000000000000000000000000000000000000000000000000000000000000000000000000000000000000000000000000000000000000000000000000000000000000000000000000000000000000000000000000000000000000000000000000100000000000000000000000000000000000000000000000000000000000000010000000000000000000000000000000000000000000000000000000065"
15658,14163,160,1495,"00000000000000000000000000000000000000000000000000000000000000000000000000000000000000000000000000000000000000000000000000000005000000000000000000000000000000000000000000000000000000000000000000000000000000000000000000000000000000000000000000000000000001400000000000000000000000000000000000000000000000000000000000000041"
15877,9697,2,6180,"0023"
15883,15337,83,546,"0000000000000000000000000000000000000000000000000000000000000082e70880800000000000000000000000000000000000000000000000000000000000000000000000000000000000000000000000"
15966,15422,234,544,"01eff901ec80842aea540083015f90940872ec4426103482a50f26ffc32acefcec61b3c980b901c4d4dfd6bc00000000000000000000000000000000000000000000000000000000000000000000000000000000000000000000000000000000000000000000000000000000000000000000000000000000000000000000000000000000000000000000000000000000000000000000000000000000000000000000000000000000000000010000000000000000000000000000000000000000000000000000000000000001000000000000000000000000000000000000000000000000000000006514"
16202,15658,160,544,"00000000000000000000000000000000000000000000000000000000000000000000000000000000000000000000000000000000000000000000000000000005000000000000000000000000000000000000000000000000000000000000000000000000000000000000000000000000000000000000000000000000000001400000000000000000000000000000000000000000000000000000000000000041"
16426,15882,256,544,"1c0000000000000000000000000000000000000000000000000000000000000082e7088080000000000000000000000000000000000000000000000000000000000000000000000000000000000000000000000001eff901ec80842aea540083015f90940872ec4426103482a50f26ffc32acefcec61b3c980b901c4d4dfd6bc0000000000000000000000000000000000000000000000000000000000000000000000000000000000000000000000000000000000000000000000000000000000000000000000000000000000000000000000000000000000000000000000000000000000000000000000000000000000000000000000000000000000000001"
16426,15882,62,544,"1c0000000000000000000000000000000000000000000000000000000000000082e708808000000000000000000000000000000000000000000000000000"
16746,16202,160,544,"00000000000000000000000000000000000000000000000000000000000000000000000000000000000000000000000000000000000000000000000000000005000000000000000000000000000000000000000000000000000000000000000000000000000000000000000000000000000000000000000000000000000001400000000000000000000000000000000000000000000000000000000000000041"
16971,16427,96,544,"0000000000000000000000000000000000000000000000000000000000000082e7088080000000000000000000000000000000000000000000000000000000000000000000000000000000000000000000000001eff901ec80842aea54008301"
17069,13942,220,3127,"940872ec4426103482a50f26ffc32acefcec61b3c980b901c4d4dfd6bc0000000000000000000000000000000000000000000000000000000000000000000000000000000000000000000000000000000000000000000000000000000000000000000000000000000000000000000000000000000000000000000000000000000000000000000000000000000000000000000000000000000000000001000000000000000000000000000000000000000000000000000000000000000100000000000000000000000000000000000000000000000000000000652213"
17290,16746,160,544,"00000000000000000000000000000000000000000000000000000000000000000000000000000000000000000000000000000000000000000000000000000005000000000000000000000000000000000000000000000000000000000000000000000000000000000000000000000000000000000000000000000000000001400000000000000000000000000000000000000000000000000000000000000041"
17481,17448,1,33,"00"
17514,16426,84,1088,"1c0000000000000000000000000000000000000000000000000000000000000082e70880800000000000000000000000000000000000000000000000000000000000000000000000000000000000000000000000"
17598,7937,2,9661,"002c"
17602,15108,6,2494,"842aea540082"
17608,9961,3,7647,"520894"
17637,9992,54,7645,"008082e70880800000000000000000000000000000000000000000000000000000000000000000000000000000000000000000000000"
17691,17595,6,96,"000000002ceb"
17698,17602,9,96,"842aea540082520894"
17727,17631,64,96,"865af3107a40008082e7088080000000000000000000000000000000000000000000000000000000000000000000000000000000000000000000000000000000"
17791,12159,32,5632,"0000000000000000000000000000000000000000000000000000000000000003"
17844,17824,256,20,"46ea7a855da88fbc09cc59de93468e6bfbf0d81b46ea7a855da88fbc09cc59de93468e6bfbf0d81b46ea7a855da88fbc09cc59de93468e6bfbf0d81b46ea7a855da88fbc09cc59de93468e6bfbf0d81b46ea7a855da88fbc09cc59de93468e6bfbf0d81b46ea7a855da88fbc09cc59de93468e6bfbf0d81b46ea7a855da88fbc09cc59de93468e6bfbf0d81b46ea7a855da88fbc09cc59de93468e6bfbf0d81b46ea7a855da88fbc09cc59de93468e6bfbf0d81b46ea7a855da88fbc09cc59de93468e6bfbf0d81b46ea7a855da88fbc09cc59de93468e6bfbf0d81b46ea7a855da88fbc09cc59de93468e6bfbf0d81b46ea7a855da88fbc09cc59de93468e6b"
17844,17824,184,20,"46ea7a855da88fbc09cc59de93468e6bfbf0d81b46ea7a855da88fbc09cc59de93468e6bfbf0d81b46ea7a855da88fbc09cc59de93468e6bfbf0d81b46ea7a855da88fbc09cc59de93468e6bfbf0d81b46ea7a855da88fbc09cc59de93468e6bfbf0d81b46ea7a855da88fbc09cc59de93468e6bfbf0d81b46ea7a855da88fbc09cc59de93468e6bfbf0d81b46ea7a855da88fbc09cc59de93468e6bfbf0d81b46ea7a855da88fbc09cc59de93468e6bfbf0d81b46ea7a85"
18364,12090,20,6274,"dfd3d99a19986c7f82ef3738250295b2d95a9096"
18384,12421,20,5963,"8ae62266687e80b0ca3c2397a480eb12edea58e5"
18544,14516,20,4028,"f5f6a82f53dc7cfe7d8b3d23a2d131069eb92cde"
18564,14836,20,3728,"68dd09ce89359349e8bc0b95f7e044670e7cc1aa"
18584,15156,20,3428,"96d4ce194fc61817e673e46a448e23ddfdf67ce1"
18724,17761,61,963,"00000000000000000000000000000000000000000000000000000000000000000000000000000000000000000000000000000000000000000000000000"
18795,4846,2,13949,"001e"
18816,192,31,18624,"0000000000000000000000000000000000000000000000000000000064fa86"
18848,14388,62,4460,"00000000000000000000000000000000000000000000000000000000000000c0000000000000000000000000000000000000000000000000000000000000"
18911,18848,31,63,"00000000000000000000000000000000000000000000000000000000000000"
18944,18912,30,32,"000000000000000000000000000000000000000000000000000000000000"
18976,11562,62,7414,"0000000000000000000000000000000000000000000000000000000000000020000000000000000000000000000000000000000000000000000000000000"
19039,18976,31,63,"00000000000000000000000000000000000000000000000000000000000000"
19072,448,31,18624,"00000000000000000000000000000000000000000000000000000000000008"
19103,511,63,18592,"c00000000000000000000000000000000000000000000000000000000000000b20000000000000000000000000000000000000000000000000000000000000"
19168,19136,30,32,"000000000000000000000000000000000000000000000000000000000000"
19200,704,31,18496,"00000000000000000000000000000000000000000000000000000000000013"
19232,19200,30,32,"000000000000000000000000000000000000000000000000000000000000"
19264,12314,31,6950,"0000000000000000000000000000000000000000000000000000000000001c"
19296,19264,31,32,"0000000000000000000000000000000000000000000000000000000000001c"
19328,960,62,18368,"0000000000000000000000000000000000000000000000000000000000001e60000000000000000000000000000000000000000000000000000000000000"
19391,18976,32,415,"0000000000000000000000000000000000000000000000000000000000000020"
19423,1023,63,18400,"c00000000000000000000000000000000000000000000000000000000000002120000000000000000000000000000000000000000000000000000000000000"
19488,1088,62,18400,"00000000000000000000000000000000000000000000000000000000000023e0000000000000000000000000000000000000000000000000000000000000"
19552,1152,31,18400,"00000000000000000000000000000000000000000000000000000000000025"
19583,19391,31,192,"00000000000000000000000000000000000000000000000000000000000000"
19616,19584,30,32,"000000000000000000000000000000000000000000000000000000000000"
19648,19616,30,32,"000000000000000000000000000000000000000000000000000000000000"
19680,11791,31,7889,"00000000000000000000000000000000000000000000000000000000000028"
19712,19680,30,32,"000000000000000000000000000000000000000000000000000000000000"
19744,13057,31,6687,"0000000000000000000000000000000000000000000000000000000000002a"
19776,17665,31,2111,"0000000000000000000000000000000000000000000000000000000000002c"
19808,1280,31,18528,"0000000000000000000000000000000000000000000000000000000000002e"
19840,9921,31,9919,"0000000000000000000000000000000000000000000000000000000000002f"
19872,1312,126,18560,"000000000000000000000000000000000000000000000000000000000000318000000000000000000000000000000000000000000000000000000000000031e00000000000000000000000000000000000000000000000000000000000003240000000000000000000000000000000000000000000000000000000000000"
20000,1408,31,18592,"00000000000000000000000000000000000000000000000000000000000033"
20032,10016,38,10016,"0000000000000000000000000000000000000000000000000000000000000232f9022f830306"
20076,10060,128,10016,"83048d9c94cb566e3b6934fa77258d68ea18e931fa75e1aaaa80b902046c459a2800000000000000000000000038de71124f7a447a01d67945a51edce9ff49125100000000000000000000000000000000000000000000000000000000000000800000000000000000000000000000000000000000000000000000000064fada"
20205,10189,99,10016,"00000000000000000000000000000000000000000000000000000000000001400000000000000000000000000000000000000000000000000000000000000084704316e500000000000000000000000000000000000000000000000000000000000000"
20337,11595,32,8742,"0000000000000000000000000000000000000000000000000000000000000200"
20369,20305,62,64,"a3ab4e96a6bed6bc3283527ceffbf87eeff7f08942caf34609c9a91c84839a04000000000000000000000000000000000000000000000000000000000000"
20431,17517,30,2914,"000000000000000000000000000000000000000000000000000000000082"
20530,3009,2,17521,"00d7"
20562,20530,1,32,"00"
20591,17516,79,3075,"00000000000000000000000000000000000000000000000000000000000082e70880800000000000000000000000000000000000000000000000000000000000000000000000000000000000000000"
20670,20062,8,608,"0232f9022f830306"
20679,20071,233,608,"843a4023b383048d9c94cb566e3b6934fa77258d68ea18e931fa75e1aaaa80b902046c459a2800000000000000000000000038de71124f7a447a01d67945a51edce9ff49125100000000000000000000000000000000000000000000000000000000000000800000000000000000000000000000000000000000000000000000000064fadac500000000000000000000000000000000000000000000000000000000000001400000000000000000000000000000000000000000000000000000000000000084704316e500000000000000000000000000000000000000000000000000000000000000"
20945,11073,32,9872,"0000000000000000000000000000000000000000000000000000000000000014"
20977,20913,63,64,"429f84da5113e01bf314b4174d2ecafa47748618fc6e58a86b77954d7ff5a78a00000000000000000000000000000000000000000000000000000000000000"
21040,20593,29,447,"0000000000000000000000000000000000000000000000000000000082"
21171,10965,2,10206,"00b8"
21198,20590,88,608,"1c00000000000000000000000000000000000000000000000000000000000082e708808000000000000000000000000000000000000000000000000000000000000000000000000000000000000000000232f9022f830306"
21287,20679,234,608,"843a4023b383048d9c94cb566e3b6934fa77258d68ea18e931fa75e1aaaa80b902046c459a2800000000000000000000000038de71124f7a447a01d67945a51edce9ff49125100000000000000000000000000000000000000000000000000000000000000800000000000000000000000000000000000000000000000000000000064fadac500000000000000000000000000000000000000000000000000000000000001400000000000000000000000000000000000000000000000000000000000000084704316e5000000000000000000000000000000000000000000000000000000000000006e"
21525,669,2,20856,"0010"
21553,20945,32,608,"0000000000000000000000000000000000000000000000000000000000000014"
21585,21521,63,64,"3ce1c92c00103343ae93c016b022c2e0da6e5f1759c50f0eb9f9eed50542fa1400000000000000000000000000000000000000000000000000000000000000"
21648,21201,29,447,"0000000000000000000000000000000000000000000000000000000082"
21765,637,2,21128,"000f"
21806,21198,80,608,"1c00000000000000000000000000000000000000000000000000000000000082e70880800000000000000000000000000000000000000000000000000000000000000000000000000000000000000000"
21891,10659,3,11232,"830305"
21895,21287,6,608,"843a4023b383"
21904,10672,23,11232,"94a658742d33ebd2ce2f0bdff73515aa797fd161d980b9"
21929,10697,35,11232,"252f7b0100000000000000000000000000000000000000000000000000000000000000"
21965,21952,12,13,"000000000000000000000000"
21997,19009,30,2988,"000000000000000000000000000000000000000000000000000000000004"
22029,10353,32,11676,"b3c83802cf88bcd4214289b0fd4a3574290797ecc8e60ad82806bbf059e528aa"
22061,10353,63,11708,"b3c83802cf88bcd4214289b0fd4a3574290797ecc8e60ad82806bbf059e528aa00000000000000000000000000000000000000000000000000000000000000"
22124,20031,32,2093,"c000000000000000000000000000000000000000000000000000000000000002"
22157,22143,12,14,"000000000000000000000000"
22185,13939,3,8246,"01a178"
22189,22163,6,26,"000000000000"
22197,21963,2,234,"006e"
22219,10987,2,11232,"00b7"
22221,21977,49,244,"45f1a95a4d3f3836523f5c83673c797f4d4d263b0000000000000000000000000000000000000000000000000000000000"
22270,17223,34,5047,"00000100000000000000000000000000000000000000000000000000000000000000"
22305,22273,63,32,"000000000000000000000000000000000000000000000000000000000000000d00000000000000000000000000000000000000000000000000000000000000"
22368,22367,56,1,"0000000000000000000000000000000000000000000000000000000000000000000000000000000000000000000000000000000000000000"
22433,19237,26,3196,"0000000000000000000000000000000000000000000000000019"
22465,19971,28,2494,"00000000000000000000000000000000000000000000000000000032"
22496,19043,28,3453,"00000000000000000000000000000000000000000000000000000006"
22529,22366,58,163,"00000000000000000000000000000000000000000000000000000000000000000000000000000000000000000000000000000000000000000000"
22587,22523,31,64,"06fd46a9539000000000000000000000000000000000000000000000000000"
22625,22242,31,383,"00000000000000000000000000000000000000000000000000000000000001"
22656,22124,32,532,"c000000000000000000000000000000000000000000000000000000000000002"
22688,11072,33,11616,"000000000000000000000000000000000000000000000000000000000000000014"
22741,15312,105,7429,"000000000000000000000000000000000000000000000000000000000000000000000000000000000000000000000000000000000000000082e70880800000000000000000000000000000000000000000000000000000000000000000000000000000000000000000"
22846,21278,8,1568,"0232f9022f830306"
22855,21287,234,1568,"843a4023b383048d9c94cb566e3b6934fa77258d68ea18e931fa75e1aaaa80b902046c459a2800000000000000000000000038de71124f7a447a01d67945a51edce9ff49125100000000000000000000000000000000000000000000000000000000000000800000000000000000000000000000000000000000000000000000000064fadac500000000000000000000000000000000000000000000000000000000000001400000000000000000000000000000000000000000000000000000000000000084704316e5000000000000000000000000000000000000000000000000000000000000006e"
23121,22689,32,432,"0000000000000000000000000000000000000000000000000000000000000014"
23153,23089,63,64,"3acb052311f2a8e364f26508495a83d1f8388d160ba17924cb279c26328bea7b00000000000000000000000000000000000000000000000000000000000000"
23216,22769,29,447,"0000000000000000000000000000000000000000000000000000000082"
23332,17471,3,5861,"98aab2"
23374,21198,88,2176,"1c00000000000000000000000000000000000000000000000000000000000082e708808000000000000000000000000000000000000000000000000000000000000000000000000000000000000000000232f9022f830306"
23463,22855,233,608,"843a4023b383048d9c94cb566e3b6934fa77258d68ea18e931fa75e1aaaa80b902046c459a2800000000000000000000000038de71124f7a447a01d67945a51edce9ff49125100000000000000000000000000000000000000000000000000000000000000800000000000000000000000000000000000000000000000000000000064fadac500000000000000000000000000000000000000000000000000000000000001400000000000000000000000000000000000000000000000000000000000000084704316e500000000000000000000000000000000000000000000000000000000000000"
23729,23665,31,64,"00000000000000000000000000000000000000000000000000000000000000"
23761,23697,63,64,"ef4beccc3b9da49f0afff7a76a2acdc2b63d8ec6560e808ce115f3155fdf1bd700000000000000000000000000000000000000000000000000000000000000"
23824,23377,29,447,"0000000000000000000000000000000000000000000000000000000082"
23949,21589,2,2360,"0010"
23982,23374,80,608,"1c00000000000000000000000000000000000000000000000000000000000082e70880800000000000000000000000000000000000000000000000000000000000000000000000000000000000000000"
24068,13826,5,10242,"82e7080484"
24102,22168,2,1934,"004d"
24115,12953,57,11162,"000000000000000000000000000000000000000000000000000000000000006000000000000000000000000000000000000000000000000000"
24179,23565,30,614,"0000000000000000000000000000000000000000000000000000000064fa"
24211,11594,94,12617,"00000000000000000000000000000000000000000000000000000000000000020000000000000000000000000000000000000000000000000000000000000040000000000000000000000000000000000000000000000000000000000000"
24306,12952,45,11354,"000000000000000000000000000000000000000000000000000000000000000060000000000000000000000000"
24351,11738,32,12613,"7d43aabc515c356145049227cee54b608342c0ad000000000000000000000000"
24383,24382,12,1,"000000000000000000000000"
24403,12825,76,11578,"00000000000000000000000000000000000000000000000000000000000000010000000000000000000000000000000000000000000000000000000000000020000000000000000000000000"
24499,32,62,24467,"0000000000000000000000000000000000000000000000000000000000000080000000000000000000000000000000000000000000000000000000000000"
24561,17193,64,7368,"00000000000000000000000000000000000000000000000000000000000000000100000000000000000000000000000000000000000000000000000000000000"
24625,24337,46,288,"00600000000000000000000000007d43aabc515c356145049227cee54b608342c0ad000000000000000000000000"
24691,24562,64,129,"00000000000000000000000000000000000000000000000000000000000000010000000000000000000000000000000000000000000000000000000000000000"
24755,24307,88,448,"00000000000000000000000000000000000000000000000000000000000000600000000000000000000000007d43aabc515c356145049227cee54b608342c0ad000000000000000000000000000000000000000000000000"
24851,11594,95,13257,"0000000000000000000000000000000000000000000000000000000000000002000000000000000000000000000000000000000000000000000000000000004000000000000000000000000000000000000000000000000000000000000001"
24947,24933,12,14,"000000000000000000000000"
24979,24499,172,480,"00000000000000000000000000000000000000000000000000000000000000800000000000000000000000000000000000000000000000000000000000000000000000000000000000000000000000000000000000000000000000000000010000000000000000000000000000000000000000000000000000000000000000600000000000000000000000007d43aabc515c356145049227cee54b608342c0ad000000000000000000000000"
25171,22348,76,2823,"00000000000000000000000000000000000000000000000000000000000000000000000000000000000000000000000000000000000000000000000000000000000000000000000000000000"
25247,25151,51,96,"5ec5b1e9b1bd5198343abb6e55fb695d2f7bb30800000000000000000000000000000000000000000000000000000000000000"
25298,25010,109,288,"80000000000000000000000000000000000000000000000000000000000000000000000000000000000000000000000000000000000000000000000000000001000000000000000000000000000000000000000000000000000000000000000060000000000000000000000000"
25427,24659,96,768,"00000000000000000000000074c259ba6a175fed1365fdd4ab0dcafce57e3aa000000000000000000000000000000000000000000000000000000000000000010000000000000000000000000000000000000000000000000000000000000000"
25524,11476,47,14048,"000000000000000000000000000000000000000000000000000000000000000000000000000000000000026ff9026c"
25572,11524,8,14048,"8430838b0283031e"
25581,11533,256,14048,"94272e156df8da513c69cb41cc7a99185d53f926bb80b90244ac9650d800000000000000000000000000000000000000000000000000000000000000200000000000000000000000000000000000000000000000000000000000000002000000000000000000000000000000000000000000000000000000000000004000000000000000000000000000000000000000000000000000000000000001800000000000000000000000000000000000000000000000000000000000000104a8c9ed670000000000000000000000007d43aabc515c356145049227cee54b608342c0ad000000000000000000000000e5d7c2a44ffddf6b295a15c148167daaaf5cf3"
25581,11533,121,14048,"94272e156df8da513c69cb41cc7a99185d53f926bb80b90244ac9650d80000000000000000000000000000000000000000000000000000000000000020000000000000000000000000000000000000000000000000000000000000000200000000000000000000000000000000000000000000000000000000"
25966,22001,26,3965,"0000000000000000000000000000000000000000000000000004"
25998,11950,122,14048,"0000000000000000000000000000000000000000000000000000000000000000000000000000000000000000000000000000000000000000000000000000000000000000000000000000000000000000000000000000000000000044bac37ef70000000000000000000000000000000000000000000000000004"
26120,25992,18,128,"84f5965eb65c000000000000000000000000"
26155,6529,2,19626,"005b"
26158,17518,81,8640,"0000000000000000000000000000000000000000000000000000000082e7088080000000000000000000000000000000000000000000000000000000000000000000000000000000000000000000000000"
26243,13090,6,13153,"8430838b0282"
26252,25407,20,845,"176211869ca2b568f2a7d4ee941e073a821ee1ff"
26279,25286,13,993,"00000000000000000000000080"
26292,24088,19,2204,"e38291e06339d10aab483c65695d004dbd5c69"
26312,26311,31,1,"ffffffffffffffffffffffffffffffffffffffffffffffffffffffffffffff"
26343,17735,55,8608,"82e70880800000000000000000000000000000000000000000000000000000000000000000000000000000000000000000000000000000"
26400,13920,3,12480,"02f901"
26404,26343,3,61,"82e708"
26408,26243,5,165,"8430838b02"
26413,25572,6,841,"8430838b0283"
26429,26397,1,32,"00"
26443,17090,3,9353,"80b901"
26451,25644,30,807,"000000000000000000000000000000000000000000000000000000000002"
26483,23076,13,3407,"0000000000000000000000006e"
26515,546,29,25969,"000000000000000000000000000000000000000000000000000000000c"
26547,26451,44,96,"000000000000000000000000000000000000000000000000000000000002a611000000000000000000000000"
26591,19660,19,6931,"00000000000000000000000000000000000027"
26611,25492,63,1119,"00000000000000000000000000000000000000000000000000000000000000c000000000000000000000000000000000000000000000000000000000000000"
26740,14388,75,12352,"00000000000000000000000000000000000000000000000000000000000000c000000000000000000000000000000000000000000000000000000000000000000000000000000000000001"
26816,26400,3,416,"02f901"
26820,26404,3,416,"82e708"
26829,26824,4,5,"842f0830"
26867,26444,3,423,"b90144"
26874,26802,12,72,"000000000000000000000000"
26906,26783,31,123,"00000000000000000000000000000000000000000000000000000000000000"
26938,9814,56,17124,"00000000000000000000000000000000000000000000000000000000000000e0000000000000000000000000000000000000000000000000"
27000,26980,14,20,"0000000000000000000000000000"
27014,26886,51,128,"78ff533a3a52c7154947b663ac943304640de11400000000000000000000000000000000000000000000000000000000000000"
27065,26783,32,282,"0000000000000000000000000000000000000000000000000000000000000001"
27098,23121,32,3977,"0000000000000000000000000000000000000000000000000000000000000014"
27130,27014,64,116,"78ff533a3a52c7154947b663ac943304640de1140000000000000000000000000000000000000000000000000000000000000000000000000000000000000000"
27195,27158,36,37,"000000000000000000000000000000000000000000000000000000000000000000000000"
27235,26820,3,415,"82e708"
27239,26824,11,415,"842f083062842f08306c83"
27281,21171,2,6110,"00b8"
27288,24383,13,2905,"0000000000000000000000009d"
27320,13330,63,13990,"000000000000000000000000000000000000000000000000000000000000004000000000000000000000000000000000000000000000000000000000000000"
27383,26770,40,613,"00c00000000000000000000000000000000000000000000000000000000000000000000000000000"
27426,27235,3,191,"82e708"
27431,27239,11,192,"842f083062842f08306c83"
27442,13745,77,13697,"010b3694cce9d3f392c135dc038b147ca73ec496f7f89d938084183ff085c000000000000000000000000000000000000000000000000000000000000000000000000000000000000000000000"
27523,27426,3,97,"82e708"
27527,27431,10,96,"842f083062842f08306c"
27541,25786,20,1755,"7d43aabc515c356145049227cee54b608342c0ad"
27561,26272,19,1289,"80b844095ea7b3000000000000000000000000"
27600,27073,24,527,"000000000000000000000000000000000000000000000001"
27633,27051,46,582,"00000000000000000000000000000000000000000000000000000000000000000000000000000000000000000001"
27679,13919,8,13760,"f402f901f082e708"
27688,27431,11,257,"842f083062842f08306c83"
27702,17069,219,10633,"940872ec4426103482a50f26ffc32acefcec61b3c980b901c4d4dfd6bc00000000000000000000000000000000000000000000000000000000000000000000000000000000000000000000000000000000000000000000000000000000000000000000000000000000000000000000000000000000000000000000000000000000000000000000000000000000000000000000000000000000000000010000000000000000000000000000000000000000000000000000000000000001000000000000000000000000000000000000000000000000000000006522"
27923,17290,160,10633,"00000000000000000000000000000000000000000000000000000000000000000000000000000000000000000000000000000000000000000000000000000005000000000000000000000000000000000000000000000000000000000000000000000000000000000000000000000000000000000000000000000000000001400000000000000000000000000000000000000000000000000000000000000041"
28147,26739,75,1408,"1c00000000000000000000000000000000000000000000000000000000000000c0000000000000000000000000000000000000000000000000000000000000000000000000000000000000"
28222,28221,1,1,"00"
28227,27426,4,801,"82e70881"
28232,27688,12,544,"842f083062842f08306c8302"
28274,25610,63,2664,"000000000000000000000000000000000000000000000000000000000000002000000000000000000000000000000000000000000000000000000000000000"
28338,20018,13,8320,"00000000000000000000000033"
28370,13586,51,14784,"c000000000000000000000000000000000000000000000000000000000000000000000000000000000000000003002ee82e708"
28422,27431,88,991,"842f083062842f08306c83010b3694cce9d3f392c135dc038b147ca73ec496f7f89d938084183ff085c000000000000000000000000000000000000000000000000000000000000000000000000000000000000000000000"
28510,28509,1,1,"00"
28515,28418,3,97,"82e708"
28519,28422,12,97,"842f083062842f08306c8301"
28533,26251,40,2282,"94176211869ca2b568f2a7d4ee941e073a821ee1ff80b844095ea7b3000000000000000000000000"
28581,28572,1,9,"00"
28593,26311,32,2282,"ffffffffffffffffffffffffffffffffffffffffffffffffffffffffffffffff"
28626,28005,45,621,"000000000000000000000000000000000000000000000000000000000000000000000000000000000000000001"
28672,27680,3,992,"02f901"
28676,28515,3,161,"82e708"
28680,28519,11,161,"842f083062842f08306c83"
28730,10701,44,18029,"00000000000000000000000000000000000000000000000000000000000000b8000000000000000000000000"
28794,15272,56,13522,"00000000000000000000000000000000000000000000000000000000000000a0000000000000000000000000000000000000000000000000"
28856,18759,27,10097,"000000000000000000000000000000000000000000000000000007"
28889,22688,33,6201,"000000000000000000000000000000000000000000000000000000000000000014"
28922,28774,32,148,"209dbd684e3cc88bc7256c6734fcd7084d993253000000000000000000000000"
28955,28634,36,321,"000000000000000000000000000000000000000000000000000000000000000000000000"
28995,28676,3,319,"82e708"
28999,13190,12,15809,"842efbe595842efbe59f8301"
29041,28760,2,281,"00b8"
29048,28979,12,69,"000000000000000000000000"
29080,28639,32,441,"0000000000000000000000000000000000000000000000000000000000000001"
29113,13241,46,15872,"00000000000000000000000000000000000000000000000000000000000000000000000000013302f9012f82e708"
29160,28999,10,161,"842efbe595842efbe59f"
29170,13298,128,15872,"827e5494d1a3abf42f9e66be86cfdea8c5c2c74f041c5e1480b901045b7d7482000000000000000000000000000000000000000000000000000000000000004000000000000000000000000000000000000000000000000000000000000000a00000000000000000000000000000000000000000000000000000000000000040"
29298,13461,3,15837,"356665"
29362,29266,96,96,"000000000000000000000000000000000000000000000000000000000000004035666563656236366666633836663338643935323738366336643639366337396332646263323339646434653931623436373239643733613237666235376539"
29459,27475,51,1984,"00000000000000000000000000000000000000000000000000000000000000000000000000000000000000007102f86e82e708"
29510,13287,3,16223,"0d842e"
29516,29511,4,5,"842ee0a9"
29524,26251,60,3273,"94176211869ca2b568f2a7d4ee941e073a821ee1ff80b844095ea7b300000000000000000000000080e38291e06339d10aab483c65695d004dbd5c69"
29584,19329,30,10255,"00000000000000000000000000000000000000000000000000000000001e"
29616,27632,47,1984,"c000000000000000000000000000000000000000000000000000000000000000000000000000000000000000000001"
29663,15103,53,14560,"0df9010a01842aea5400829d78940872ec4426103482a50f26ffc32acefcec61b3c980b8e4f242432a000000000000000000000000"
29716,18644,20,11072,"fdf93ae541cf69c7816d5a7861ba0923a39e7bb2"
29736,15176,256,14560,"000000000000000000000000aec3cacef9457ff2821d9f85429ce3d90b0014590000000000000000000000000000000000000000000000000000000000000005000000000000000000000000000000000000000000000000000000000000000100000000000000000000000000000000000000000000000000000000000000a00000000000000000000000000000000000000000000000000000000000000000000000000000000000000000000000000000000000000000000000000000000082e70880800000000000000000000000000000000000000000000000000000000000000000000000000000000000000000000000000001eff901ec80842aea54"
29736,15176,225,14560,"000000000000000000000000aec3cacef9457ff2821d9f85429ce3d90b0014590000000000000000000000000000000000000000000000000000000000000005000000000000000000000000000000000000000000000000000000000000000100000000000000000000000000000000000000000000000000000000000000a00000000000000000000000000000000000000000000000000000000000000000000000000000000000000000000000000000000000000000000000000000000082e708808000000000000000000000000000000000000000000000000000000000"
30218,27923,160,2295,"00000000000000000000000000000000000000000000000000000000000000000000000000000000000000000000000000000000000000000000000000000005000000000000000000000000000000000000000000000000000000000000000000000000000000000000000000000000000000000000000000000000000001400000000000000000000000000000000000000000000000000000000000000041"
30442,16426,85,14016,"1c0000000000000000000000000000000000000000000000000000000000000082e7088080000000000000000000000000000000000000000000000000000000000000000000000000000000000000000000000001"
30527,29663,53,864,"0df9010a01842aea5400829d78940872ec4426103482a50f26ffc32acefcec61b3c980b8e4f242432a000000000000000000000000"
30580,18604,20,11976,"348e4279c5afe64f242fe1f88eece49b6e1b2580"
30600,14856,256,15744,"000000000000000000000000aec3cacef9457ff2821d9f85429ce3d90b0014590000000000000000000000000000000000000000000000000000000000000005000000000000000000000000000000000000000000000000000000000000000100000000000000000000000000000000000000000000000000000000000000a00000000000000000000000000000000000000000000000000000000000000000000000000000000000000000000000000000000000000000000000000000000082e708808000000000000000000000000000000000000000000000000000000000000000000000000000000000000000000000000000010df9010a01842aea54"
30600,14856,44,15744,"000000000000000000000000aec3cacef9457ff2821d9f85429ce3d90b001459000000000000000000000000"
30900,18624,20,12276,"83d7a7cd3f71cf93a9a6a570fa6cbeeca7436eba"
30920,29736,256,1184,"000000000000000000000000aec3cacef9457ff2821d9f85429ce3d90b0014590000000000000000000000000000000000000000000000000000000000000005000000000000000000000000000000000000000000000000000000000000000100000000000000000000000000000000000000000000000000000000000000a00000000000000000000000000000000000000000000000000000000000000000000000000000000000000000000000000000000000000000000000000000000082e70880800000000000000000000000000000000000000000000000000000000000000000000000000000000000000000000000000001eff901ec80842aea54"
30920,29736,224,1184,"000000000000000000000000aec3cacef9457ff2821d9f85429ce3d90b0014590000000000000000000000000000000000000000000000000000000000000005000000000000000000000000000000000000000000000000000000000000000100000000000000000000000000000000000000000000000000000000000000a00000000000000000000000000000000000000000000000000000000000000000000000000000000000000000000000000000000000000000000000000000000082e7088080000000000000000000000000000000000000000000000000000000"
31402,30218,160,1184,"00000000000000000000000000000000000000000000000000000000000000000000000000000000000000000000000000000000000000000000000000000005000000000000000000000000000000000000000000000000000000000000000000000000000000000000000000000000000000000000000000000000000001400000000000000000000000000000000000000000000000000000000000000041"
31626,16970,84,14656,"1b0000000000000000000000000000000000000000000000000000000000000082e70880800000000000000000000000000000000000000000000000000000000000000000000000000000000000000000000000"
31710,17598,13,14112,"002ceb59842aea540082520894"
31736,31718,1,18,"00"
31743,17631,66,14112,"865af3107a40008082e70880800000000000000000000000000000000000000000000000000000000000000000000000000000000000000000000000000000002ceb"
31810,31714,9,96,"842aea540082520894"
31831,7233,2,24598,"0061"
31838,31831,1,7,"00"
31839,31743,66,96,"865af3107a40008082e70880800000000000000000000000000000000000000000000000000000000000000000000000000000000000000000000000000000002ceb"
31906,31810,9,96,"842aea540082520894"
31935,31839,64,96,"865af3107a40008082e7088080000000000000000000000000000000000000000000000000000000000000000000000000000000000000000000000000000000"
32002,30851,7,1151,"01842aea540082"
32011,30860,23,1151,"940872ec4426103482a50f26ffc32acefcec61b3c980b8"
32035,30884,16,1151,"f242432a000000000000000000000000"
32051,18664,20,13387,"d455f611b8fff0a07378d666e04b3dc8130d4c4f"
32071,12505,63,19566,"00000000000000000000000001e4a663fffaf1430d3a36588b2c14b72231d8b400000000000000000000000000000000000000000000000000000000000000"
32134,30983,97,1151,"05000000000000000000000000000000000000000000000000000000000000000100000000000000000000000000000000000000000000000000000000000000a00000000000000000000000000000000000000000000000000000000000000000"
32231,31943,56,288,"82e7088080000000000000000000000000000000000000000000000000000000000000000000000000000000000000000000000000000000"
32292,31906,9,386,"842aea540082520894"
32327,17733,87,14594,"008082e70880800000000000000000000000000000000000000000000000000000000000000000000000000000000000000000000000000000000000000000000000000000000000000000000000000000000000000000"
32416,18304,20,14112,"b8ff877ed78ba520ece21b1de7843a8a57ca47cb"
32436,32416,40,20,"b8ff877ed78ba520ece21b1de7843a8a57ca47cbb8ff877ed78ba520ece21b1de7843a8a57ca47cb"
32476,18324,20,14152,"e93685f3bba03016f02bd1828badd6195988d950"
32496,32436,40,60,"b8ff877ed78ba520ece21b1de7843a8a57ca47cbb8ff877ed78ba520ece21b1de7843a8a57ca47cb"
32536,25439,20,7097,"74c259ba6a175fed1365fdd4ab0dcafce57e3aa0"
32556,26138,20,6418,"db0821d469d62b01ae0fa65c7bc8366d8b005bfc"
32607,32573,1,34,"00"
32616,27130,20,5486,"78ff533a3a52c7154947b663ac943304640de114"
32636,27300,20,5336,"9df7f53d4b86f3d452e4139ca20f68616720b908"
32776,28922,20,3854,"209dbd684e3cc88bc7256c6734fcd7084d993253"
32796,29060,20,3736,"f7454949d4849f8441ee43d2569db394872fa834"
32856,29716,20,3140,"fdf93ae541cf69c7816d5a7861ba0923a39e7bb2"
32876,17707,20,15169,"8c6e8f58039ca2f8e2426f9cfb3d98c4c8ef77b5"
32896,18604,40,14292,"348e4279c5afe64f242fe1f88eece49b6e1b258083d7a7cd3f71cf93a9a6a570fa6cbeeca7436eba"
32936,17611,20,15325,"06ce678b48a203f0607b7283d0a48435afc5919d"
33016,32051,20,965,"d455f611b8fff0a07378d666e04b3dc8130d4c4f"
33036,12517,52,20519,"01e4a663fffaf1430d3a36588b2c14b72231d8b40000000000000000000000000000000000000000000000000000000000000000"
33120,18816,31,14304,"0000000000000000000000000000000000000000000000000000000064fa86"
33152,28148,62,5004,"00000000000000000000000000000000000000000000000000000000000000c0000000000000000000000000000000000000000000000000000000000000"
33216,320,62,32896,"00000000000000000000000000000000000000000000000000000000000048a0000000000000000000000000000000000000000000000000000000000000"
33280,22393,32,10887,"0000000000000000000000000000000000000000000000000000000000000021"
33312,19008,31,14304,"00000000000000000000000000000000000000000000000000000000000004"
33343,19007,32,14336,"2000000000000000000000000000000000000000000000000000000000000004"
33376,33344,31,32,"00000000000000000000000000000000000000000000000000000000000004"
33408,19072,31,14336,"00000000000000000000000000000000000000000000000000000000000008"
33440,544,31,32896,"0000000000000000000000000000000000000000000000000000000000000c"
33472,640,31,32832,"00000000000000000000000000000000000000000000000000000000000010"
33504,672,31,32832,"00000000000000000000000000000000000000000000000000000000000012"
33536,768,31,32768,"00000000000000000000000000000000000000000000000000000000000016"
33568,800,62,32768,"0000000000000000000000000000000000000000000000000000000000001780000000000000000000000000000000000000000000000000000000000000"
33632,19488,31,14144,"00000000000000000000000000000000000000000000000000000000000023"
33664,26579,31,7085,"00000000000000000000000000000000000000000000000000000000000027"
33696,19712,31,13984,"00000000000000000000000000000000000000000000000000000000000029"
33728,19744,31,13984,"0000000000000000000000000000000000000000000000000000000000002a"
33760,1248,31,32512,"0000000000000000000000000000000000000000000000000000000000002b"
33791,1247,32,32544,"200000000000000000000000000000000000000000000000000000000000002b"
33824,19840,31,13984,"0000000000000000000000000000000000000000000000000000000000002f"
33856,33824,31,32,"0000000000000000000000000000000000000000000000000000000000002f"
33888,27393,31,6495,"00000000000000000000000000000000000000000000000000000000000031"
33919,1471,32,32448,"0000000000000000000000000000000000000000000000000000000000000034"
33951,18911,32,15040,"0000000000000000000000000000000000000000000000000000000000000035"
33984,13793,31,20191,"00000000000000000000000000000000000000000000000000000000000036"
34016,1568,31,32448,"00000000000000000000000000000000000000000000000000000000000038"
34047,33951,31,96,"00000000000000000000000000000000000000000000000000000000000000"
34080,34048,30,32,"000000000000000000000000000000000000000000000000000000000000"
34112,1664,63,32448,"0000000000000000000000000000000000000000000000000000000000003cc00000000000000000000000000000000000000000000000000000000000003e"
34175,29362,32,4813,"0000000000000000000000000000000000000000000000000000000000000040"
34208,34176,30,32,"000000000000000000000000000000000000000000000000000000000000"
34240,26059,31,8181,"00000000000000000000000000000000000000000000000000000000000044"
34272,34240,30,32,"000000000000000000000000000000000000000000000000000000000000"
34304,34272,31,32,"00000000000000000000000000000000000000000000000000000000000046"
34336,34304,30,32,"000000000000000000000000000000000000000000000000000000000000"
34368,34175,31,193,"00000000000000000000000000000000000000000000000000000000000000"
34402,9604,4,24798,"82e70883"
34413,34398,1,15,"00"
34419,32296,5,2123,"0082520894"
34455,32247,42,2208,"000000000000000000000000000000000000000000000000000000000000000000000000000000002eed"
34503,9960,25,24543,"825208942fc617e933a52713247ce25730f6695920b3befe88"
34534,29562,3,4972,"000080"
34537,32329,53,2208,"82e7088080000000000000000000000000000000000000000000000000000000000000000000000000000000000000000000000000"
34590,21886,8,12704,"0392f9038f830305"
34604,21900,129,12704,"8313f7c094a658742d33ebd2ce2f0bdff73515aa797fd161d980b90364252f7b01000000000000000000000000000000000000000000000000000000000000006e00000000000000000000000045f1a95a4d3f3836523f5c83673c797f4d4d263b0000000000000000000000000000000000000000000000000000000000043238"
34733,21585,32,13148,"3ce1c92c00103343ae93c016b022c2e0da6e5f1759c50f0eb9f9eed50542fa14"
34765,21585,63,13180,"3ce1c92c00103343ae93c016b022c2e0da6e5f1759c50f0eb9f9eed50542fa1400000000000000000000000000000000000000000000000000000000000000"
34828,22124,72,12704,"c000000000000000000000000000000000000000000000000000000000000002740000000000000000000000004d73adb72bc3dd368966edd0f0b2148401a178e2000000000000c2"
34901,22197,256,12704,"006e352d8275aae3e0c2404d9f68f6cee084b5beb3dd00b745f1a95a4d3f3836523f5c83673c797f4d4d263b0000000000000000000000000000000000000000000000000000000000000001000000000000000000000000000000000000000000000000000000000000000d000000000000000000000000000000000000000000000000000000000000000d00000000000000000000000000000000000000000000000000000000000000000000000000000000000000000000000000000000000000000000000000000000000000000000000000000000000000000000000000000021327fce5b40a8a42f0000000000000000000000000000000000000000"
34901,22197,5,12704,"006e352d82"
35169,34950,27,219,"000000000000000000000000000000000000000000000000000001"
35200,33955,28,1245,"00000000000000000000000000000000000000000000000000000035"
35233,35070,58,163,"00000000000000000000000000000000000000000000000000000000000000000000000000000000000000000000000000000000000000000000"
35291,35227,31,64,"3523665f041600000000000000000000000000000000000000000000000000"
35329,22625,96,12704,"00000000000000000000000000000000000000000000000000000000000001c000000000000000000000000000000000000000000000000000000000000002000000000000000000000000000000000000000000000000000000000000000014"
35445,31056,105,4389,"000000000000000000000000000000000000000000000000000000000000000000000000000000000000000000000000000000000000000082e70880800000000000000000000000000000000000000000000000000000000000000000000000000000000000000000"
35550,34590,8,960,"0392f9038f830305"
35558,10054,3,25504,"62843a"
35561,34601,67,960,"57bd538313f7c094a658742d33ebd2ce2f0bdff73515aa797fd161d980b90364252f7b0100000000000000000000000000000000000000000000000000000000000000"
35629,34669,64,960,"00000000000000000000000045f1a95a4d3f3836523f5c83673c797f4d4d263b0000000000000000000000000000000000000000000000000000000000043238"
35693,23761,32,11932,"ef4beccc3b9da49f0afff7a76a2acdc2b63d8ec6560e808ce115f3155fdf1bd7"
35725,23761,63,11964,"ef4beccc3b9da49f0afff7a76a2acdc2b63d8ec6560e808ce115f3155fdf1bd700000000000000000000000000000000000000000000000000000000000000"
35788,34828,71,960,"c000000000000000000000000000000000000000000000000000000000000002740000000000000000000000004d73adb72bc3dd368966edd0f0b2148401a178e2000000000000"
35861,35627,2,234,"0065"
35883,34923,205,960,"00b745f1a95a4d3f3836523f5c83673c797f4d4d263b0000000000000000000000000000000000000000000000000000000000000001000000000000000000000000000000000000000000000000000000000000000d000000000000000000000000000000000000000000000000000000000000000d000000000000000000000000000000000000000000000000000000000000000000000000000000000000000000000000000000000000000000000000000000000000000000000000000000000000000000000000000000"
36097,33414,25,2683,"00000000000000000000000000000000000000000000000008"
36129,19172,27,16957,"000000000000000000000000000000000000000000000000000011"
36160,35524,27,636,"000000000000000000000000000000000000000000000000000003"
36193,17765,58,18428,"00000000000000000000000000000000000000000000000000000000000000000000000000000000000000000000000000000000000000000003"
36251,36187,30,64,"b5f9e07fbb5e000000000000000000000000000000000000000000000000"
36289,35329,96,960,"00000000000000000000000000000000000000000000000000000000000001c000000000000000000000000000000000000000000000000000000000000002000000000000000000000000000000000000000000000000000000000000000014"
36405,35445,113,960,"000000000000000000000000000000000000000000000000000000000000000000000000000000000000000000000000000000000000000082e708808000000000000000000000000000000000000000000000000000000000000000000000000000000000000000000392f9038f830305"
36518,20070,3,16448,"63843a"
36521,34601,132,1920,"57bd538313f7c094a658742d33ebd2ce2f0bdff73515aa797fd161d980b90364252f7b01000000000000000000000000000000000000000000000000000000000000006e00000000000000000000000045f1a95a4d3f3836523f5c83673c797f4d4d263b0000000000000000000000000000000000000000000000000000000000043238"
36653,20977,32,15676,"429f84da5113e01bf314b4174d2ecafa47748618fc6e58a86b77954d7ff5a78a"
36685,20977,63,15708,"429f84da5113e01bf314b4174d2ecafa47748618fc6e58a86b77954d7ff5a78a00000000000000000000000000000000000000000000000000000000000000"
36748,34828,72,1920,"c000000000000000000000000000000000000000000000000000000000000002740000000000000000000000004d73adb72bc3dd368966edd0f0b2148401a178e2000000000000c2"
36821,34901,228,1920,"006e352d8275aae3e0c2404d9f68f6cee084b5beb3dd00b745f1a95a4d3f3836523f5c83673c797f4d4d263b0000000000000000000000000000000000000000000000000000000000000001000000000000000000000000000000000000000000000000000000000000000d000000000000000000000000000000000000000000000000000000000000000d00000000000000000000000000000000000000000000000000000000000000000000000000000000000000000000000000000000000000000000000000000000000000000000000000000000000000000000000000000021"
37057,36130,26,927,"0000000000000000000000000000000000000000000000000011"
37089,1059,28,36030,"00000000000000000000000000000000000000000000000000000022"
37120,36623,28,497,"00000000000000000000000000000000000000000000000000000004"
37153,36990,58,163,"00000000000000000000000000000000000000000000000000000000000000000000000000000000000000000000000000000000000000000000"
37211,37147,31,64,"04c98811c90400000000000000000000000000000000000000000000000000"
37249,36289,96,960,"00000000000000000000000000000000000000000000000000000000000001c000000000000000000000000000000000000000000000000000000000000002000000000000000000000000000000000000000000000000000000000000000014"
37365,22741,113,14624,"000000000000000000000000000000000000000000000000000000000000000000000000000000000000000000000000000000000000000082e708808000000000000000000000000000000000000000000000000000000000000000000000000000000000000000000232f9022f830306"
37479,36519,6,960,"843a57bd5383"
37485,23469,127,14016,"048d9c94cb566e3b6934fa77258d68ea18e931fa75e1aaaa80b902046c459a2800000000000000000000000038de71124f7a447a01d67945a51edce9ff49125100000000000000000000000000000000000000000000000000000000000000800000000000000000000000000000000000000000000000000000000064fada"
37613,22989,100,14624,"00000000000000000000000000000000000000000000000000000000000001400000000000000000000000000000000000000000000000000000000000000084704316e5000000000000000000000000000000000000000000000000000000000000006e"
37745,37313,32,432,"0000000000000000000000000000000000000000000000000000000000000014"
37777,37713,63,64,"85387374e734b3f55597bdff04f77eeae5c3197e4b71a97ee3b04f440290e50f00000000000000000000000000000000000000000000000000000000000000"
37840,37393,29,447,"0000000000000000000000000000000000000000000000000000000082"
37988,37867,1,121,"00"
37998,21806,88,16192,"1c00000000000000000000000000000000000000000000000000000000000082e708808000000000000000000000000000000000000000000000000000000000000000000000000000000000000000000392f9038f830305"
38086,20678,3,17408,"64843a"
38089,36521,132,1568,"57bd538313f7c094a658742d33ebd2ce2f0bdff73515aa797fd161d980b90364252f7b01000000000000000000000000000000000000000000000000000000000000006e00000000000000000000000045f1a95a4d3f3836523f5c83673c797f4d4d263b0000000000000000000000000000000000000000000000000000000000043238"
38221,23153,32,15068,"3acb052311f2a8e364f26508495a83d1f8388d160ba17924cb279c26328bea7b"
38253,23153,63,15100,"3acb052311f2a8e364f26508495a83d1f8388d160ba17924cb279c26328bea7b00000000000000000000000000000000000000000000000000000000000000"
38316,36748,72,1568,"c000000000000000000000000000000000000000000000000000000000000002740000000000000000000000004d73adb72bc3dd368966edd0f0b2148401a178e2000000000000c2"
38389,36821,256,1568,"006e352d8275aae3e0c2404d9f68f6cee084b5beb3dd00b745f1a95a4d3f3836523f5c83673c797f4d4d263b0000000000000000000000000000000000000000000000000000000000000001000000000000000000000000000000000000000000000000000000000000000d000000000000000000000000000000000000000000000000000000000000000d00000000000000000000000000000000000000000000000000000000000000000000000000000000000000000000000000000000000000000000000000000000000000000000000000000000000000000000000000000021310abfc870d856a70000000000000000000000000000000000000000"
38389,36821,5,1568,"006e352d82"
38657,35601,28,3056,"00000000000000000000000000000000000000000000000000000065"
38689,38502,27,187,"00000000000000000000000000000000000000000000000000000d"
38721,38558,58,163,"00000000000000000000000000000000000000000000000000000000000000000000000000000000000000000000000000000000000000000000"
38779,38715,31,64,"0dee918cce3a00000000000000000000000000000000000000000000000000"
38817,37249,96,1568,"00000000000000000000000000000000000000000000000000000000000001c000000000000000000000000000000000000000000000000000000000000002000000000000000000000000000000000000000000000000000000000000000014"
38933,37365,105,1568,"000000000000000000000000000000000000000000000000000000000000000000000000000000000000000000000000000000000000000082e70880800000000000000000000000000000000000000000000000000000000000000000000000000000000000000000"
39043,25571,3,13472,"108430"
39081,29041,2,10040,"00b8"
39088,25806,44,13282,"000000000000000000000000e5d7c2a44ffddf6b295a15c148167daaaf5cf34f000000000000000000000000"
39132,25407,32,13725,"176211869ca2b568f2a7d4ee941e073a821ee1ff000000000000000000000000"
39184,37581,30,1603,"0000000000000000000000000000000000000000000000000000000064fa"
39216,33541,26,5675,"0000000000000000000000000000000000000000000000000016"
39242,39076,6,166,"61d10e15c000"
39248,39247,29,1,"0000000000000000000000000000000000000000000000000000000000"
39280,38957,78,323,"000000000000000000000000000000000000000000000000000000000000000082e70880800000000000000000000000000000000000000000000000000000000000000000000000000000000000"
39358,27678,11,11680,"01f402f901f082e7088084"
39369,39045,3,324,"309e73"
39373,39368,4,5,"84309e73"
39378,17065,3,22313,"830159"
39382,17069,220,22313,"940872ec4426103482a50f26ffc32acefcec61b3c980b901c4d4dfd6bc0000000000000000000000000000000000000000000000000000000000000000000000000000000000000000000000000000000000000000000000000000000000000000000000000000000000000000000000000000000000000000000000000000000000000000000000000000000000000000000000000000000000000001000000000000000000000000000000000000000000000000000000000000000100000000000000000000000000000000000000000000000000000000652213"
39603,14163,161,25440,"000000000000000000000000000000000000000000000000000000000000000000000000000000000000000000000000000000000000000000000000000000050000000000000000000000000000000000000000000000000000000000000000000000000000000000000000000000000000000000000000000000000000014000000000000000000000000000000000000000000000000000000000000000410c"
39827,28147,75,11680,"1c00000000000000000000000000000000000000000000000000000000000000c0000000000000000000000000000000000000000000000000000000000000000000000000000000000000"
39908,39364,3,544,"82e708"
39912,26408,11,13504,"8430838b028430838b0283"
39954,12241,2,27713,"00b9"
39962,33810,13,6152,"0000000000000000000000002b"
39994,12953,62,27041,"0000000000000000000000000000000000000000000000000000000000000060000000000000000000000000000000000000000000000000000000000000"
40058,12633,44,27425,"000000000000000000000000eeeeeeeeeeeeeeeeeeeeeeeeeeeeeeeeeeeeeeee000000000000000000000000"
40102,39132,32,970,"176211869ca2b568f2a7d4ee941e073a821ee1ff000000000000000000000000"
40134,39974,32,160,"2b5f704ab7061fb4dbfc5876b024f4bdb2f5e8b6000000000000000000000000"
40186,34149,26,6037,"000000000000000000000000000000000000000000000000003e"
40212,39949,6,263,"79eb48b29800"
40218,40028,29,190,"0000000000000000000000000000000000000000000000000000000001"
40250,40218,29,32,"0000000000000000000000000000000000000000000000000000000001"
40282,39685,44,597,"0000000000000000000000000000000000000000000000000000000000000000000000000000000000000000"
40346,39699,63,647,"000000000000000000000000000000000000000000000000000000000000014000000000000000000000000000000000000000000000000000000000000000"
40409,37179,33,3230,"000000000000000000000000000000000000000000000000000000000000000004"
40442,25267,62,15175,"0000000000000000000000000000000000000000000000000000000000000080000000000000000000000000000000000000000000000000000000000000"
40506,40411,31,95,"00000000000000000000000000000000000000000000000000000000000004"
40538,39636,31,902,"00000000000000000000000000000000000000000000000000000000000005"
40570,25806,63,14764,"000000000000000000000000e5d7c2a44ffddf6b295a15c148167daaaf5cf34f00000000000000000000000000000000000000000000000000000000000000"
40633,34148,27,6485,"00000000000000000000000000000000000000000000000000003e"
40660,40212,34,448,"79eb48b2980000000000000000000000000000000000000000000000000000000000"
40694,25295,35,15399,"0000008000000000000000000000000000000000000000000000000000000000000000"
40730,13873,4,26857,"d0e30db0"
40734,-155,155,40889,"0000000000000000000000000000000000000000000000000000000000000000000000000000000000000000000000000000000000000000000000000000000000000000000000000000000000000000000000000000000000000000000000000000000000000000000000000000000000000000000000000000000000000000000000000000000000000000000000000000000000000000000000"
40890,38849,31,2041,"00000000000000000000000000000000000000000000000000000000000002"
40926,40570,47,356,"000000000000000000000000e5d7c2a44ffddf6b295a15c148167daaaf5cf34f000000000000000000000000000000"
40974,39523,47,1451,"0000000000000000000000000000000100000000000000000000000000000000000000000000000000000000000000"
41022,26058,32,14964,"0000000000000000000000000000000000000000000000000000000000000044"
41054,40762,158,292,"0000000000000000000000000000000000000000000000000000000000000000000000000000000000000000000000000000000000000000000000000000000000000000000000000000000000000000000000000000000000000000000000000000000000000000000000000000000000000000000000000000000000000080000000000000000000000000000000000000000000000000000000000000"
41218,41200,12,18,"000000000000000000000000"
41250,39475,76,1775,"00000000000000000000000000000000000000000000000000000000000000000000000000000000000000000000000000000000000000000000000000000001000000000000000000000000"
41326,39974,51,1352,"2b5f704ab7061fb4dbfc5876b024f4bdb2f5e8b600000000000000000000000000000000000000000000000000000000000000"
41378,34464,32,6914,"000000000000000000000000000000000000000000000000000000000000002e"
41410,40938,22,472,"e5d7c2a44ffddf6b295a15c148167daaaf5cf34f0000"
41433,40102,22,1331,"176211869ca2b568f2a7d4ee941e073a821ee1ff0000"
41456,-201,201,41657,"000000000000000000000000000000000000000000000000000000000000000000000000000000000000000000000000000000000000000000000000000000000000000000000000000000000000000000000000000000000000000000000000000000000000000000000000000000000000000000000000000000000000000000000000000000000000000000000000000000000000000000000000000000000000000000000000000000000000000000000000000000000000000000000000000000000000000000"
41658,25899,32,15759,"0000000000000000000000000000000000000000000000000000000000000064"
41694,40090,44,1604,"000000000000000000000000176211869ca2b568f2a7d4ee941e073a821ee1ff000000000000000000000000"
41760,40252,74,1508,"000000000000000000000000000000000000000000000000000001ba29140000000000000000000000000000000000000000000000000000000000000000000000000000000000000000"
41834,41070,143,764,"0000000000000000000000000000000000000000000000000000000000000000000000000000000000000000000000000000000000000000000000000000000000000000000000000000000000000000000000000000000000000000000000000000000000000000000000000000008000000000000000000000000000000000000000000000000000000000000001"
41978,40922,16,1056,"9f865422000000000000000000000000"
41994,41706,32,288,"176211869ca2b568f2a7d4ee941e073a821ee1ff000000000000000000000000"
42026,40970,242,1056,"0000000100000000000000000000000000000001000000000000000000000000000000000000000000000000000000000000008000000000000000000000000000000000000000000000000000000000000000440000000000000000000000000000000000000000000000000000000000000000000000000000000000000000000000000000000000000000000000000000000000000000000000000000000000000000000000000000000000000000000000000000000000000000000000000000000000000000000000000000000000000080000000000000000000000000000000000000000000000000000000000000"
42268,41688,2,580,"0064"
42274,41982,44,292,"000000000000000000000000176211869ca2b568f2a7d4ee941e073a821ee1ff000000000000000000000000"
42318,40166,45,2152,"fc0c2df02b1616b05c22b3044c582c4150cfd3a900000000000000000000000000000000000000000000000000"
42363,24716,63,17647,"000000000000010000000000000000000000000000000000000000000000000000000000000000000000000000000000000000000000000000000000000000"
42427,38043,36,4384,"000000000000000000000000000000000000000000000000000000000000000000000003"
42472,31176,2,11296,"0083"
42505,42460,2,45,"0000"
42507,12242,3,30265,"b90324"
42514,11273,94,31241,"000000000000000000000000000000000000000000000000000000000000006000000000000000000000000000000000000000000000000000000000000000c0000000000000000000000000000000000000000000000000000000000000"
42609,25641,45,16968,"200000000000000000000000000000000000000000000000000000000000000002000000000000000000000000"
42654,41410,20,1244,"e5d7c2a44ffddf6b295a15c148167daaaf5cf34f"
42674,40070,20,2604,"eeeeeeeeeeeeeeeeeeeeeeeeeeeeeeeeeeeeeeee"
42694,12653,37,30041,"eeeeeeeeeeeeeeeeeeeeeeee00000000000000000000000000000000000000000000000000"
42731,38873,39,3858,"000000000000020000000000000000000000000000000000000000000000000000000000000000"
42770,32351,64,10419,"00000000000000000000000000000000000000000000000000000000000000000000000000000000000000000000000000000000000000000000000000000002"
42834,25674,63,17160,"000000000000000000000000000000000000000000000000000000000000004000000000000000000000000000000000000000000000000000000000000001"
42899,19603,12,23296,"000000000000000000000025"
42930,11273,95,31657,"000000000000000000000000000000000000000000000000000000000000006000000000000000000000000000000000000000000000000000000000000000c000000000000000000000000000000000000000000000000000000000000000"
43026,43009,16,17,"00000000000000000000000000000000"
43043,28610,15,14433,"ffffffffffffffffffffffffffffff"
43059,19303,24,23756,"00000000000000000000000000000000000000000000001c"
43083,42500,7,583,"7310237d8d0000"
43090,39634,95,3456,"0000000000000000000000000000000000000000000000000000000000000000050000000000000000000000000000000000000000000000000000000000000000000000000000000000000000000000000000000000000000000000000000"
43186,41346,63,1840,"00000000000000000000000000000000000000000000000000000000000000a000000000000000000000000000000000000000000000000000000000000000"
43250,42368,16,882,"00010000000000000000000000000000"
43266,43050,8,216,"ffffffffffffffff"
43281,38956,77,4325,"00000000000000000000000000000000000000000000000000000000000000000082e7088080000000000000000000000000000000000000000000000000000000000000000000000000000000"
43363,28226,4,15137,"9082e708"
43373,43368,4,5,"842f0ef4"
43382,24086,23,19296,"9480e38291e06339d10aab483c65695d004dbd5c6980b9"
43407,24111,61,19296,"2cc4081e000000000000000000000000000000000000000000000000000000000000006000000000000000000000000000000000000000000000000000"
43475,24179,31,19296,"0000000000000000000000000000000000000000000000000000000064fab5"
43507,24403,76,19104,"00000000000000000000000000000000000000000000000000000000000000010000000000000000000000000000000000000000000000000000000000000020000000000000000000000000"
43583,43423,32,160,"0000000000000000000000000000000000000060000000000000000000000000"
43635,42439,24,1196,"000000000000000000000000000000000000000000000003"
43667,43507,76,160,"00000000000000000000000000000000000000000000000000000000000000010000000000000000000000000000000000000000000000000000000000000020000000000000000000000000"
43763,25267,140,18496,"0000000000000000000000000000000000000000000000000000000000000080000000000000000000000000000000000000000000000000000000000000000000000000000000000000000000000000000000000000000000000000000001000000000000000000000000000000000000000000000000000000000000000060000000000000000000000000"
43903,43615,32,288,"265b25e22bcd7f10a5bd6e6410f10537cc7567e8000000000000000000000000"
43955,25459,107,18496,"00000000000000000000000000000000000000000000000000000000000000010000000000000000000000000000000000000000000000000000000000000000c0000000000000000000000000000000000000000000000000000000000000000000000000000000000000"
44062,28990,8,15072,"007902f87682e708"
44071,28680,11,15391,"842f083062842f08306c83"
44086,44062,1,24,"00"
44112,28759,3,15353,"0000b8"
44120,44051,12,69,"000000000000000000000000"
44152,28857,26,15295,"0000000000000000000000000000000000000000000000000007"
44178,44108,6,70,"1afd498d0000"
44185,44025,57,160,"00000000000000000000000000000000000000000000000000000000000000000000000000007902f87682e70801842f083062842f08306c83"
44245,44085,138,160,"94009a0b7c38b542208936f1179151cd08e294383387071afd498d0000b844f2b9fdb8000000000000000000000000c7d8489dae3d2ebef075b1db2257e2c231c9d23100000000000000000000000000000000000000000000000000071afd498d0000c00000000000000000000000000000000000000000000000000000000000000000000000000000"
44383,28511,7,15872,"7202f86f82e708"
44391,28519,12,15872,"842f083062842f08306c8301"
44405,29524,40,14881,"94176211869ca2b568f2a7d4ee941e073a821ee1ff80b844095ea7b3000000000000000000000000"
44465,44354,29,111,"0000000000000000000000000000000000000000000000000000000000"
44498,38034,45,6464,"000000000000000000000000000000000000000000000000000000000000000000000000000000000000000003"
44544,12192,3,32352,"02f903"
44548,44387,3,161,"82e708"
44557,44552,4,5,"842f0154"
44562,12210,3,32352,"8302e9"
44566,12214,30,32352,"940cab6977a9c70e04458b740476b498b21401964186d017a6b98000b903"
44597,12245,176,32352,"744773f100000000000000000000000000000000000000000000000000000000000001000000000000000000000000000000000000000000000000000000000000000000000000000000000000000000000000000000000000000000000000000000001c142a0a9dc1048d952989b1ac09ebf92d5a10fc522377cbfa9322fb4aa3a94e3e5c39d51d2064bf0ab68698091d1216a9c1b80936fc16ad69b29030d269f04b61000000000000000000000000"
44793,12441,256,32352,"0000000000000000000000000000000000000000000000000000000000000001000000000000000000000000000000000000000000000000000000000000030000000000000000000000000001e4a663fffaf1430d3a36588b2c14b72231d8b4000000000000000000000000000000000000000000000000000000000000000000000000000000000000000000000000000000000000000064fa842764fa926f000000000000000000000000000000000000000000000000000000000000006c000000000000000000000000eeeeeeeeeeeeeeeeeeeeeeeeeeeeeeeeeeeeeeee0000000000000000000000000000000000000000000000000027d486e9818000"
44793,12441,256,32352,"0000000000000000000000000000000000000000000000000000000000000001000000000000000000000000000000000000000000000000000000000000030000000000000000000000000001e4a663fffaf1430d3a36588b2c14b72231d8b4000000000000000000000000000000000000000000000000000000000000000000000000000000000000000000000000000000000000000064fa842764fa926f000000000000000000000000000000000000000000000000000000000000006c000000000000000000000000eeeeeeeeeeeeeeeeeeeeeeeeeeeeeeeeeeeeeeee0000000000000000000000000000000000000000000000000027d486e9818000"
44793,12441,96,32352,"0000000000000000000000000000000000000000000000000000000000000001000000000000000000000000000000000000000000000000000000000000030000000000000000000000000001e4a663fffaf1430d3a36588b2c14b72231d8b4"
45406,28382,39,17024,"0000000000000000000000000000000000000000000000000000000000000000003002ee82e708"
45445,43367,3,2078,"15842f"
45448,44554,9,894,"015406842f01541083"
45457,13201,86,32256,"010b3694cce9d3f392c135dc038b147ca73ec496f7f89d938084183ff085c000000000000000000000000000000000000000000000000000000000000000000000000000000000000000000000013302f9012f82e708"
45544,45446,10,98,"842f015406842f015410"
45554,29170,128,16384,"827e5494d1a3abf42f9e66be86cfdea8c5c2c74f041c5e1480b901045b7d7482000000000000000000000000000000000000000000000000000000000000004000000000000000000000000000000000000000000000000000000000000000a00000000000000000000000000000000000000000000000000000000000000040"
45688,13449,4,32239,"32346364"
45725,29430,3,16295,"633233"
45739,29426,3,16313,"633264"
45745,29361,33,16384,"390000000000000000000000000000000000000000000000000000000000000040"
45779,45718,3,61,"383561"
45795,29436,3,16359,"346539"
45834,13577,3,32257,"313166"
45839,13440,3,32399,"343239"
45843,42790,44,3053,"0000000000000000000000000000000000000000000000000000000000000000000000000000000000000002"
45888,43360,3,2528,"02f902"
45892,45540,14,352,"82e70802842f015406842f015410"
45910,43382,24,2528,"9480e38291e06339d10aab483c65695d004dbd5c6980b902"
45939,19602,13,26337,"00000000000000000000000025"
45971,871,24,45100,"00000000000000000000000000000000000000000000001a"
46003,9814,61,36189,"00000000000000000000000000000000000000000000000000000000000000e00000000000000000000000000000000000000000000000000000000000"
46064,40375,65,5689,"0001400000000000000000000000000000000000000000000000000000000000000000000000000000000000000000000000000000000000000000000000000000"
46131,29081,63,17050,"00000000000000000000000000000000000000000000000000000000000001c000000000000000000000000000000000000000000000000000000000000000"
46195,34002,13,12193,"00000000000000000000000036"
46227,45177,63,1050,"000000000000000000000000000000000000000000000000000000000000000100000000000000000000000000000000000000000000000000000000000000"
46291,23732,29,22559,"000000000000000000000000000000000000000000000000000000000f"
46323,19138,29,27185,"000000000000000000000000000000000000000000000000000000000e"
46355,46097,32,258,"0000000000000000000000000000000000000000000000000000000000000000"
46387,28593,32,17794,"ffffffffffffffffffffffffffffffffffffffffffffffffffffffffffffffff"
46419,44917,30,1502,"0000000000000000000000000000000000000000000000000000000064fa"
46451,45305,63,1146,"000000000000000000000000000000000000000000000000000000000000006000000000000000000000000000000000000000000000000000000000000000"
46515,28571,3,17944,"0000f8"
46527,46516,1,11,"00"
46579,26739,76,19840,"1c00000000000000000000000000000000000000000000000000000000000000c000000000000000000000000000000000000000000000000000000000000000000000000000000000000001"
46655,45535,8,1120,"3302f9012f82e708"
46663,27687,3,18976,"80842f"
46666,45546,136,1120,"015406842f015410827e5494d1a3abf42f9e66be86cfdea8c5c2c74f041c5e1480b901045b7d7482000000000000000000000000000000000000000000000000000000000000004000000000000000000000000000000000000000000000000000000000000000a00000000000000000000000000000000000000000000000000000000000000040"
46812,45697,3,1115,"636663"
46836,45722,3,1114,"643165"
46839,46805,3,34,"343338"
46843,13551,3,33292,"363265"
46853,13538,3,33315,"386563"
46866,46770,32,96,"0000000000000000000000000000000000000000000000000000000000000040"
46916,46853,3,63,"386563"
46926,45818,3,1108,"343739"
46943,29414,3,17529,"373836"
46950,45729,3,1221,"393563"
46963,46086,44,877,"0000000000000000000000000000000000000000000000000000000000000000000000000000000000000001"
47008,46656,3,352,"02f901"
47012,29156,14,17856,"82e70801842efbe595842efbe59f"
47026,28690,3,18336,"8307a1"
47030,28694,21,18336,"948731d54e9d02c286767d56ac03e8037c07e01e98"
47058,28723,51,18335,"1eb8e41114cd2a00000000000000000000000000000000000000000000000000000000000000b8000000000000000000000000"
47129,46738,57,391,"00000000000000000000000000000000000000000000000000000000000000a000000000000000000000000000000000000000000000000000"
47192,33604,27,13588,"000000000000000000000000000000000000000000000000000019"
47224,38880,33,8344,"000000000000000000000000000000000000000000000000000000000000000014"
47257,47109,32,148,"1a0db5ecd8dd71e63d03a527034a5ef2f2bc0552000000000000000000000000"
47290,46618,45,672,"000000000000000000000000000000000000000000000000000000000000000000000000013302f9012f82e708"
47341,47336,4,5,"842d8d29"
47346,46674,128,672,"827e5494d1a3abf42f9e66be86cfdea8c5c2c74f041c5e1480b901045b7d7482000000000000000000000000000000000000000000000000000000000000004000000000000000000000000000000000000000000000000000000000000000a00000000000000000000000000000000000000000000000000000000000000040"
47488,46924,3,564,"633234"
47494,13532,3,33962,"393463"
47497,29450,3,18047,"323766"
47501,46919,3,582,"333166"
47534,46957,3,577,"653234"
47538,47442,96,96,"000000000000000000000000000000000000000000000000000000000000004034366561313066623938343634386332346134343934633237663833316630343763326532643236646165626334656165326237306633346439376465323431"
47634,46962,45,672,"c00000000000000000000000000000000000000000000000000000000000000000000000000000000000000001"
47679,47327,8,352,"3302f9012f82e708"
47688,47336,138,352,"842d8d29d7842d8d29de827e5494d1a3abf42f9e66be86cfdea8c5c2c74f041c5e1480b901045b7d7482000000000000000000000000000000000000000000000000000000000000004000000000000000000000000000000000000000000000000000000000000000a00000000000000000000000000000000000000000000000000000000000000040"
47829,47590,4,239,"39346332"
47839,13525,3,34314,"346363"
47842,46807,3,1035,"386661"
47847,13525,4,34322,"34636361"
47854,45713,3,2141,"613939"
47857,13477,4,34380,"66393935"
47890,47794,96,96,"000000000000000000000000000000000000000000000000000000000000004038396439346332656664373238346363386661386634636361326662613939663939353936363766303961636464636636383836646435336562303030376561"
47986,47634,45,352,"c00000000000000000000000000000000000000000000000000000000000000000000000000000000000000001"
48031,39359,8,8672,"f402f901f082e708"
48045,48040,4,5,"842d87e6"
48050,13938,224,34112,"8301a178940872ec4426103482a50f26ffc32acefcec61b3c980b901c4d4dfd6bc0000000000000000000000000000000000000000000000000000000000000000000000000000000000000000000000000000000000000000000000000000000000000000000000000000000000000000000000000000000000000000000000000000000000000000000000000000000000000000000000000000000000000001000000000000000000000000000000000000000000000000000000000000000100000000000000000000000000000000000000000000000000000000652213"
48275,39603,160,8672,"00000000000000000000000000000000000000000000000000000000000000000000000000000000000000000000000000000000000000000000000000000005000000000000000000000000000000000000000000000000000000000000000000000000000000000000000000000000000000000000000000000000000001400000000000000000000000000000000000000000000000000000000000000041"
48499,46579,76,1920,"1c00000000000000000000000000000000000000000000000000000000000000c000000000000000000000000000000000000000000000000000000000000000000000000000000000000001"
48575,30847,53,17728,"0df9010a01842aea5400829d78940872ec4426103482a50f26ffc32acefcec61b3c980b8e4f242432a000000000000000000000000"
48628,32876,20,15752,"8c6e8f58039ca2f8e2426f9cfb3d98c4c8ef77b5"
48648,30600,256,18048,"000000000000000000000000aec3cacef9457ff2821d9f85429ce3d90b0014590000000000000000000000000000000000000000000000000000000000000005000000000000000000000000000000000000000000000000000000000000000100000000000000000000000000000000000000000000000000000000000000a00000000000000000000000000000000000000000000000000000000000000000000000000000000000000000000000000000000000000000000000000000000082e708808000000000000000000000000000000000000000000000000000000000000000000000000000000000000000000000000000010df9010a01842aea54"
48648,30600,44,18048,"000000000000000000000000aec3cacef9457ff2821d9f85429ce3d90b001459000000000000000000000000"
48948,32936,20,16012,"06ce678b48a203f0607b7283d0a48435afc5919d"
48968,30920,256,18048,"000000000000000000000000aec3cacef9457ff2821d9f85429ce3d90b0014590000000000000000000000000000000000000000000000000000000000000005000000000000000000000000000000000000000000000000000000000000000100000000000000000000000000000000000000000000000000000000000000a00000000000000000000000000000000000000000000000000000000000000000000000000000000000000000000000000000000000000000000000000000000082e70880800000000000000000000000000000000000000000000000000000000000000000000000000000000000000000000000000001eff901ec80842aea54"
48968,30920,224,18048,"000000000000000000000000aec3cacef9457ff2821d9f85429ce3d90b0014590000000000000000000000000000000000000000000000000000000000000005000000000000000000000000000000000000000000000000000000000000000100000000000000000000000000000000000000000000000000000000000000a00000000000000000000000000000000000000000000000000000000000000000000000000000000000000000000000000000000000000000000000000000000082e7088080000000000000000000000000000000000000000000000000000000"
49450,48275,160,1175,"00000000000000000000000000000000000000000000000000000000000000000000000000000000000000000000000000000000000000000000000000000005000000000000000000000000000000000000000000000000000000000000000000000000000000000000000000000000000000000000000000000000000001400000000000000000000000000000000000000000000000000000000000000041"
49674,16426,256,33248,"1c0000000000000000000000000000000000000000000000000000000000000082e7088080000000000000000000000000000000000000000000000000000000000000000000000000000000000000000000000001eff901ec80842aea540083015f90940872ec4426103482a50f26ffc32acefcec61b3c980b901c4d4dfd6bc0000000000000000000000000000000000000000000000000000000000000000000000000000000000000000000000000000000000000000000000000000000000000000000000000000000000000000000000000000000000000000000000000000000000000000000000000000000000000000000000000000000000000001"
49674,16426,62,33248,"1c0000000000000000000000000000000000000000000000000000000000000082e708808000000000000000000000000000000000000000000000000000"
49994,49450,160,544,"00000000000000000000000000000000000000000000000000000000000000000000000000000000000000000000000000000000000000000000000000000005000000000000000000000000000000000000000000000000000000000000000000000000000000000000000000000000000000000000000000000000000001400000000000000000000000000000000000000000000000000000000000000041"
50218,16970,98,33248,"1b0000000000000000000000000000000000000000000000000000000000000082e7088080000000000000000000000000000000000000000000000000000000000000000000000000000000000000000000000001eff901ec80842aea5400830159"
50316,39381,221,10935,"1c940872ec4426103482a50f26ffc32acefcec61b3c980b901c4d4dfd6bc0000000000000000000000000000000000000000000000000000000000000000000000000000000000000000000000000000000000000000000000000000000000000000000000000000000000000000000000000000000000000000000000000000000000000000000000000000000000000000000000000000000000000001000000000000000000000000000000000000000000000000000000000000000100000000000000000000000000000000000000000000000000000000652213"
50538,49994,160,544,"00000000000000000000000000000000000000000000000000000000000000000000000000000000000000000000000000000000000000000000000000000005000000000000000000000000000000000000000000000000000000000000000000000000000000000000000000000000000000000000000000000000000001400000000000000000000000000000000000000000000000000000000000000041"
50762,16426,256,34336,"1c0000000000000000000000000000000000000000000000000000000000000082e7088080000000000000000000000000000000000000000000000000000000000000000000000000000000000000000000000001eff901ec80842aea540083015f90940872ec4426103482a50f26ffc32acefcec61b3c980b901c4d4dfd6bc0000000000000000000000000000000000000000000000000000000000000000000000000000000000000000000000000000000000000000000000000000000000000000000000000000000000000000000000000000000000000000000000000000000000000000000000000000000000000000000000000000000000000001"
50762,16426,63,34336,"1c0000000000000000000000000000000000000000000000000000000000000082e70880800000000000000000000000000000000000000000000000000000"
51082,50538,160,544,"00000000000000000000000000000000000000000000000000000000000000000000000000000000000000000000000000000000000000000000000000000005000000000000000000000000000000000000000000000000000000000000000000000000000000000000000000000000000000000000000000000000000001400000000000000000000000000000000000000000000000000000000000000041"
51306,17514,87,33792,"1c0000000000000000000000000000000000000000000000000000000000000082e70880800000000000000000000000000000000000000000000000000000000000000000000000000000000000000000000000002ceb"
51394,32292,9,19102,"842aea540082520894"
51423,31839,66,19584,"865af3107a40008082e70880800000000000000000000000000000000000000000000000000000000000000000000000000000000000000000000000000000002ceb"
51489,51393,10,96,"5b842aea540082520894"
51519,51423,76,96,"865af3107a40008082e70880800000000000000000000000000000000000000000000000000000000000000000000000000000000000000000000000000000002ceb5b842aea540082520894"
51615,17727,95,33888,"865af3107a40008082e708808000000000000000000000000000000000000000000000000000000000000000000000000000000000000000000000000000000000000000000000000000000000000000000000000000000000000000000000"
51729,51709,1,20,"00"
51752,32476,20,19276,"e93685f3bba03016f02bd1828badd6195988d950"
51772,51752,40,20,"e93685f3bba03016f02bd1828badd6195988d950e93685f3bba03016f02bd1828badd6195988d950"
51812,32456,40,19356,"b8ff877ed78ba520ece21b1de7843a8a57ca47cbe93685f3bba03016f02bd1828badd6195988d950"
51852,39164,20,12688,"617a53f20bc489e08eefbf29935505ddb7333036"
51892,42318,20,9574,"fc0c2df02b1616b05c22b3044c582c4150cfd3a9"
51932,43935,20,7997,"99c5fe1da823fd50671e0f6a31905ba7ea69fb45"
52012,44773,20,7239,"62832c4dff3633bd15cd0d1c214a3b7e84ec95a2"
52072,46207,20,5865,"360c63b45ca42b533aa85fff02f1733d19b02cb6"
52112,47257,20,4855,"1a0db5ecd8dd71e63d03a527034a5ef2f2bc0552"
52192,48628,20,3564,"8c6e8f58039ca2f8e2426f9cfb3d98c4c8ef77b5"
52212,48948,20,3264,"06ce678b48a203f0607b7283d0a48435afc5919d"
52232,31723,20,20509,"c7ae0feab08a56d51cfc289c240087984fefefd8"
52252,31915,20,20337,"4985c560bc16b9e266b6b3ab7797fb48e4bf5dec"
52272,32301,20,19971,"a080239353b1750b4c2b63fb75f61939b25de8ad"
52292,31819,20,20473,"b4b929258c5e6f32e4620b79006104faeaeca400"
52351,52311,1,40,"00"
52372,51666,44,706,"0000000000000000000000000000000000000000000000000000000000000000000000000000000000000000"
52448,33120,31,19328,"0000000000000000000000000000000000000000000000000000000064fa86"
52480,48500,62,3980,"00000000000000000000000000000000000000000000000000000000000000c0000000000000000000000000000000000000000000000000000000000000"
52544,52512,31,32,"0000000000000000000000000000000000000000000000000000000000003b"
52576,40629,31,11947,"0000000000000000000000000000000000000000000000000000000000003e"
52608,959,32,51649,"000000000000000000000000000000000000000000000000000000000000001e"
52640,44825,31,7815,"00000000000000000000000000000000000000000000000000000000000003"
52672,51115,31,1557,"00000000000000000000000000000000000000000000000000000000000005"
52704,39872,31,12832,"00000000000000000000000000000000000000000000000000000000000009"
52735,33439,32,19296,"a00000000000000000000000000000000000000000000000000000000000000c"
52767,23729,32,29038,"000000000000000000000000000000000000000000000000000000000000000f"
52800,33472,31,19328,"00000000000000000000000000000000000000000000000000000000000010"
52832,33504,31,19328,"00000000000000000000000000000000000000000000000000000000000012"
52864,52832,30,32,"000000000000000000000000000000000000000000000000000000000000"
52896,33536,62,19360,"0000000000000000000000000000000000000000000000000000000000001640000000000000000000000000000000000000000000000000000000000000"
52959,52767,31,192,"00000000000000000000000000000000000000000000000000000000000000"
52992,896,31,52096,"0000000000000000000000000000000000000000000000000000000000001b"
53024,44666,31,8358,"0000000000000000000000000000000000000000000000000000000000001c"
53055,927,32,52128,"a00000000000000000000000000000000000000000000000000000000000001d"
53087,19455,63,33632,"2000000000000000000000000000000000000000000000000000000000000021c0000000000000000000000000000000000000000000000000000000000000"
53152,19616,31,33536,"00000000000000000000000000000000000000000000000000000000000026"
53184,33664,62,19520,"0000000000000000000000000000000000000000000000000000000000002720000000000000000000000000000000000000000000000000000000000000"
53247,352,32,52895,"000000000000000000000000000000000000000000000000000000000000002d"
53280,41379,31,11901,"0000000000000000000000000000000000000000000000000000000000002e"
53311,33855,32,19456,"400000000000000000000000000000000000000000000000000000000000002f"
53344,45409,31,7935,"00000000000000000000000000000000000000000000000000000000000030"
53376,45146,62,8230,"0000000000000000000000000000000000000000000000000000000000003200000000000000000000000000000000000000000000000000000000000000"
53440,33984,31,19456,"00000000000000000000000000000000000000000000000000000000000036"
53472,34016,31,19456,"00000000000000000000000000000000000000000000000000000000000038"
53504,34048,31,19456,"00000000000000000000000000000000000000000000000000000000000039"
53536,53504,31,32,"00000000000000000000000000000000000000000000000000000000000039"
53568,1632,31,51936,"0000000000000000000000000000000000000000000000000000000000003a"
53599,42865,32,10734,"4000000000000000000000000000000000000000000000000000000000000001"
53631,10655,7,42976,"f2f901ef830305"
53638,21286,3,32352,"65843a"
53641,38089,4,15552,"57bd5383"
53645,10669,63,42976,"09771894a658742d33ebd2ce2f0bdff73515aa797fd161d980b901c4252f7b0100000000000000000000000000000000000000000000000000000000000000"
53709,10733,64,42976,"000000000000000000000000808d7c71ad2ba3fa531b068a2417c63106bc09490000000000000000000000000000000000000000000000000000000000014c08"
53773,20369,32,33404,"a3ab4e96a6bed6bc3283527ceffbf87eeff7f08942caf34609c9a91c84839a04"
53805,20369,63,33436,"a3ab4e96a6bed6bc3283527ceffbf87eeff7f08942caf34609c9a91c84839a0400000000000000000000000000000000000000000000000000000000000000"
53868,10892,45,42976,"c000000000000000000000000000000000000000000000000000000000000000d4000000000000000000000000"
53913,38361,26,15552,"4d73adb72bc3dd368966edd0f0b2148401a178e2000000000000"
53941,53707,2,234,"006d"
53963,10987,77,42976,"00b7808d7c71ad2ba3fa531b068a2417c63106bc094900000000000000000000000000000000000000000000000000000000000000400000000000000000000000000000000000000000000000"
54040,52925,2,1115,"0016"
54049,47225,32,6824,"0000000000000000000000000000000000000000000000000000000000000014"
54101,38005,81,16096,"00000000000000000000000000000000000000000000000082e708808000000000000000000000000000000000000000000000000000000000000000000000000000000000000000000392f9038f830305"
54182,22854,3,31328,"66843a"
54188,38092,129,16096,"8313f7c094a658742d33ebd2ce2f0bdff73515aa797fd161d980b90364252f7b01000000000000000000000000000000000000000000000000000000000000006e00000000000000000000000045f1a95a4d3f3836523f5c83673c797f4d4d263b0000000000000000000000000000000000000000000000000000000000043238"
54317,37777,32,16540,"85387374e734b3f55597bdff04f77eeae5c3197e4b71a97ee3b04f440290e50f"
54349,37777,63,16572,"85387374e734b3f55597bdff04f77eeae5c3197e4b71a97ee3b04f440290e50f00000000000000000000000000000000000000000000000000000000000000"
54412,38316,72,16096,"c000000000000000000000000000000000000000000000000000000000000002740000000000000000000000004d73adb72bc3dd368966edd0f0b2148401a178e2000000000000c2"
54485,38389,256,16096,"006e352d8275aae3e0c2404d9f68f6cee084b5beb3dd00b745f1a95a4d3f3836523f5c83673c797f4d4d263b0000000000000000000000000000000000000000000000000000000000000001000000000000000000000000000000000000000000000000000000000000000d000000000000000000000000000000000000000000000000000000000000000d00000000000000000000000000000000000000000000000000000000000000000000000000000000000000000000000000000000000000000000000000000000000000000000000000000000000000000000000000000021310abfc870d856a70000000000000000000000000000000000000000"
54485,38389,5,16096,"006e352d82"
54753,53571,28,1182,"0000000000000000000000000000000000000000000000000000003a"
54785,33412,27,21373,"000000000000000000000000000000000000000000000000000008"
54817,54654,58,163,"00000000000000000000000000000000000000000000000000000000000000000000000000000000000000000000000000000000000000000000"
54875,54811,31,64,"0805adad8b6f00000000000000000000000000000000000000000000000000"
54913,38817,96,16096,"00000000000000000000000000000000000000000000000000000000000001c000000000000000000000000000000000000000000000000000000000000002000000000000000000000000000000000000000000000000000000000000000014"
55029,37365,113,17664,"000000000000000000000000000000000000000000000000000000000000000000000000000000000000000000000000000000000000000082e708808000000000000000000000000000000000000000000000000000000000000000000000000000000000000000000232f9022f830306"
55143,37479,233,17664,"843a57bd5383048d9c94cb566e3b6934fa77258d68ea18e931fa75e1aaaa80b902046c459a2800000000000000000000000038de71124f7a447a01d67945a51edce9ff49125100000000000000000000000000000000000000000000000000000000000000800000000000000000000000000000000000000000000000000000000064fadad100000000000000000000000000000000000000000000000000000000000001400000000000000000000000000000000000000000000000000000000000000084704316e500000000000000000000000000000000000000000000000000000000000000"
55409,52385,32,3024,"000000000000000000000000000000000000000000000000000000000000000a"
55441,55377,63,64,"7ce031c5c2c480039fb226f7df37b3ee79d616f50b6815ffaaec8957135ca81900000000000000000000000000000000000000000000000000000000000000"
55504,55057,29,447,"0000000000000000000000000000000000000000000000000000000082"
55662,10574,80,45088,"1b00000000000000000000000000000000000000000000000000000000000082e70880800000000000000000000000000000000000000000000000000000000000000000000000000000000000000000"
55748,11204,6,44544,"8435a4e90083"
55757,11213,22,44544,"94a6384dfe1c151ffb7c8425cf91680781dca9897480"
55779,54214,3,1565,"b90364"
55782,25606,131,30176,"ac9650d800000000000000000000000000000000000000000000000000000000000000200000000000000000000000000000000000000000000000000000000000000002000000000000000000000000000000000000000000000000000000000000004000000000000000000000000000000000000000000000000000000000000001"
55913,55710,32,203,"0000000000000000000000000000000000000000000000000000000000000000"
55950,55786,63,164,"000000000000000000000000000000000000000000000000000000000000002000000000000000000000000000000000000000000000000000000000000000"
56014,11369,9,44645,"697066733a2f2f516d"
56069,50950,68,5119,"0000000000000000000000000000000000000000000000000000000000000000000000000000000000000000000000000000000000000000000000000000000000000001"
56142,27320,64,28822,"00000000000000000000000000000000000000000000000000000000000000400000000000000000000000000000000000000000000000000000000000000000"
56206,43507,92,12699,"0000000000000000000000000000000000000000000000000000000000000001000000000000000000000000000000000000000000000000000000000000002000000000000000000000000000000000000000000000000000000000"
56298,52476,3,3822,"64fa86"
56302,46387,60,9915,"ffffffffffffffffffffffffffffffffffffffffffffffffffffffffffffffff00000000000000000000000000000000000000000000000000000000"
56362,46383,64,9979,"00000000ffffffffffffffffffffffffffffffffffffffffffffffffffffffffffffffff00000000000000000000000000000000000000000000000000000000"
56426,56425,48,1,"000000000000000000000000000000000000000000000000000000000000000000000000000000000000000000000000"
56474,42686,50,13788,"eeeeeeeeeeeeeeeeeeeeeeeeeeeeeeeeeeeeeeee000000000000000000000000000000000000000000000000000000000000"
56525,56442,32,83,"0000000000000000000000000000000000000000000000000000000000000000"
56557,56013,10,544,"37697066733a2f2f516d"
56569,46852,4,9717,"39386563"
56613,49123,90,7490,"0000000000000000000000000000000000000000000000000000000000000000000000000082e7088080000000000000000000000000000000000000000000000000000000000000000000000000000000000000000000000000"
56706,39367,3,17339,"808430"
56716,29013,22,27703,"94629d74d459f072914f0b2aab9f7232fa36c1baed87"
56743,44272,4,12471,"0000b844"
56747,29044,16,27703,"7648ce45000000000000000000000000"
56783,56206,32,577,"0000000000000000000000000000000000000000000000000000000000000001"
56815,56650,47,165,"82e7088080000000000000000000000000000000000000000000000000000000000000000000000000000000000000"
56864,48032,3,8832,"02f901"
56868,56815,3,53,"82e708"
56874,56707,4,167,"8430a374"
56879,9954,6,46925,"8502540be400"
56910,53669,3,3241,"80b901"
56918,56430,76,488,"0000000000000000000000000000000000000000000000000000000000000000000000000000000000000000eeeeeeeeeeeeeeeeeeeeeeeeeeeeeeeeeeeeeeee000000000000000000000000"
56994,56962,32,32,"eeeeeeeeeeeeeeeeeeeeeeeeeeeeeeeeeeeeeeee000000000000000000000000"
57046,56838,25,208,"00000000000000000000000000000000000000000000000001"
57078,57046,25,32,"00000000000000000000000000000000000000000000000001"
57110,42578,62,14532,"0000000000000000000000000000000000000000000000000000000000000120000000000000000000000000000000000000000000000000000000000000"
57174,57143,30,31,"000000000000000000000000000000000000000000000000000000000001"
57206,12985,102,44221,"00000000000000000000000000000000000000000000000000000000000000000000000000000000000000000000000000000000000000000000000000000000c000000000000000000000000000000000000000000000000000000000000000000000000000"
57308,12188,11,45120,"0000035a02f9035682e708"
57320,39368,11,17952,"84309e731484309e732283"
57331,12211,210,45120,"02e908940cab6977a9c70e04458b740476b498b21401964186d017a6b98000b90324744773f100000000000000000000000000000000000000000000000000000000000001000000000000000000000000000000000000000000000000000000000000000000000000000000000000000000000000000000000000000000000000000000001c142a0a9dc1048d952989b1ac09ebf92d5a10fc522377cbfa9322fb4aa3a94e3e5c39d51d2064bf0ab68698091d1216a9c1b80936fc16ad69b29030d269f04b61000000000000000000000000"
57561,12441,256,45120,"0000000000000000000000000000000000000000000000000000000000000001000000000000000000000000000000000000000000000000000000000000030000000000000000000000000001e4a663fffaf1430d3a36588b2c14b72231d8b4000000000000000000000000000000000000000000000000000000000000000000000000000000000000000000000000000000000000000064fa842764fa926f000000000000000000000000000000000000000000000000000000000000006c000000000000000000000000eeeeeeeeeeeeeeeeeeeeeeeeeeeeeeeeeeeeeeee0000000000000000000000000000000000000000000000000027d486e9818000"
57561,12441,256,45120,"0000000000000000000000000000000000000000000000000000000000000001000000000000000000000000000000000000000000000000000000000000030000000000000000000000000001e4a663fffaf1430d3a36588b2c14b72231d8b4000000000000000000000000000000000000000000000000000000000000000000000000000000000000000000000000000000000000000064fa842764fa926f000000000000000000000000000000000000000000000000000000000000006c000000000000000000000000eeeeeeeeeeeeeeeeeeeeeeeeeeeeeeeeeeeeeeee0000000000000000000000000000000000000000000000000027d486e9818000"
57561,12441,134,45120,"0000000000000000000000000000000000000000000000000000000000000001000000000000000000000000000000000000000000000000000000000000030000000000000000000000000001e4a663fffaf1430d3a36588b2c14b72231d8b40000000000000000000000000000000000000000000000000000000000000000000000000000"
58207,56703,6,1504,"74f872808430"
58213,39046,4,19167,"9e731b83"
58217,56713,25,1504,"016a1194629d74d459f072914f0b2aab9f7232fa36c1baed87"
58247,56743,20,1504,"0000b8447648ce45000000000000000000000000"
58287,56783,79,1504,"000000000000000000000000000000000000000000000000000000000000000182e7088080000000000000000000000000000000000000000000000000000000000000000000000000000000000000"
58372,58211,6,161,"84309e731b83"
58381,45910,21,12471,"9480e38291e06339d10aab483c65695d004dbd5c69"
58410,43404,64,15006,"b902642cc4081e000000000000000000000000000000000000000000000000000000000000006000000000000000000000000000000000000000000000000000"
58474,57678,37,796,"000000000000000000000000000000000000000000000000000000000000000000000064fa"
58513,43507,108,15006,"000000000000000000000000000000000000000000000000000000000000000100000000000000000000000000000000000000000000000000000000000000200000000000000000000000000000000000000000000000000000000000000060000000000000000000000000"
58621,36205,46,22416,"00000000000000000000000000000000000000000000000000000000000000000000000000000000000000000003"
58667,58404,6,263,"b9fc22a82e7d"
58673,58513,76,160,"00000000000000000000000000000000000000000000000000000000000000010000000000000000000000000000000000000000000000000000000000000020000000000000000000000000"
58749,25247,160,33502,"5ec5b1e9b1bd5198343abb6e55fb695d2f7bb3080000000000000000000000000000000000000000000000000000000000000080000000000000000000000000000000000000000000000000000000000000000000000000000000000000000000000000000000000000000000000000000001000000000000000000000000000000000000000000000000000000000000000060000000000000000000000000"
58909,40938,32,17971,"e5d7c2a44ffddf6b295a15c148167daaaf5cf34f000000000000000000000000"
58961,58832,64,129,"00000000000000000000000000000000000000000000000000000000000000010000000000000000000000000000000000000000000000000000000000000000"
59025,58319,45,706,"82e708808000000000000000000000000000000000000000000000000000000000000000000000000000000000"
59075,58210,7,865,"8084309e731b83"
59086,53965,20,5121,"808d7c71ad2ba3fa531b068a2417c63106bc0949"
59114,26867,3,32247,"b90144"
59121,59039,31,82,"00000000000000000000000000000000000000000000000000000000000000"
59153,49064,56,10089,"00000000000000000000000000000000000000000000000000000000000000a0000000000000000000000000000000000000000000000000"
59216,9429,94,49787,"00000000000000000000000000000000000000000000000000000000000000000000000000000000000000000000000000000000000000000000000000000000e00000000000000000000000000000000000000000000000000000000000"
59310,55006,3,4304,"000014"
59333,59237,43,96,"00000000000000000000000000000000000000000000000000000000000000000000000000000000000000"
59377,58991,31,386,"00010000000000000000000000000000000000000000000000000000000000"
59408,53770,3,5638,"014c08"
59411,56620,76,2791,"00000000000000000000000000000000000000000000000000000000000082e70880800000000000000000000000000000000000000000000000000000000000000000000000000000000000"
59487,29503,7,29984,"7102f86e82e708"
59494,45895,3,13599,"02842f"
59500,59495,4,5,"842f8de9"
59508,29524,89,29984,"94176211869ca2b568f2a7d4ee941e073a821ee1ff80b844095ea7b300000000000000000000000080e38291e06339d10aab483c65695d004dbd5c690000000000000000000000000000000000000000000000000000000000"
59600,29616,47,29984,"c000000000000000000000000000000000000000000000000000000000000000000000000000000000000000000001"
59647,47679,8,11968,"3302f9012f82e708"
59661,59656,4,5,"842f15fa"
59666,47698,128,11968,"827e5494d1a3abf42f9e66be86cfdea8c5c2c74f041c5e1480b901045b7d7482000000000000000000000000000000000000000000000000000000000000004000000000000000000000000000000000000000000000000000000000000000a00000000000000000000000000000000000000000000000000000000000000040"
59796,46842,3,12954,"373632"
59807,46862,3,12945,"653430"
59817,47576,3,12241,"666239"
59822,45733,3,14089,"666438"
59826,46955,3,12871,"613965"
59841,47970,3,11871,"363838"
59851,46904,3,12947,"313733"
59858,59762,96,96,"000000000000000000000000000000000000000000000000000000000000004030353736323135326534353834653430393061613933646662393535666438376139656132636532383762303461373638383362643830363631373331633933"
59955,59602,44,353,"0000000000000000000000000000000000000000000000000000000000000000000000000000000000000000"
60003,59652,3,351,"82e708"
60007,59656,10,351,"842f15fab3842f15fabd"
60022,28350,20,31672,"333d8b480bdb25ea7be4dd87eeb359988ce1b30d"
60048,44354,30,15694,"000000000000000000000000000000000000000000000000000000000072"
60081,40396,46,19685,"00000000000000000000000000000000000000000000000000000000000000000000000000000000000000000004"
60131,44226,4,15905,"7682e708"
60135,28421,3,31714,"04842f"
60138,60009,9,129,"15fab3842f15fabd83"
60168,60125,1,43,"00"
60177,57361,2,2816,"00b9"
60185,58138,62,2047,"00000000000000000000000000000000000000000000000000000000000000c0000000000000000000000000000000000000000000000000000000000000"
60249,60185,31,64,"00000000000000000000000000000000000000000000000000000000000000"
60345,58481,30,1864,"0000000000000000000000000000000000000000000000000000000064fa"
60377,60361,12,16,"000000000000000000000000"
60409,46099,62,14310,"00000000000000000000000000000000000000000000000000000000000001a0000000000000000000000000000000000000000000000000000000000000"
60471,60470,78,1,"000000000000000000000000000000000000000000000000000000000000000000000000000000000000000000000000000000000000000000000000000000000000000000000000000000000000"
60549,60389,46,160,"d51f0e79dcb496db643fd9e234f110fca8f79a4f0000000000000000000000000000000000000000000000000000"
60600,58335,32,2265,"0000000000000000000000000000000000000000000000000000000000000002"
60633,42706,92,17927,"0000000000000000000000000000000000000000000000000000000000000002000000000000000000000000000000000000000000000000000000000000000000000000000000000000000000000000000000000000000000000000"
60729,26925,13,33804,"000000000000000000000000b5"
60761,50986,92,9775,"0000000000000000000000000000000000000000000000000000000000000001000000000000000000000000000000000000000000000000000000000000000100000000000000000000000000000000000000000000000000000000"
60853,60661,16,192,"00000002000000000000000000000000"
60889,60825,31,64,"00000000000000000000000000000000000000000000000000000000000000"
60921,60761,95,160,"0000000000000000000000000000000000000000000000000000000000000001000000000000000000000000000000000000000000000000000000000000000100000000000000000000000000000000000000000000000000000000000000"
61016,61015,77,1,"0000000000000000000000000000000000000000000000000000000000000000000000000000000000000000000000000000000000000000000000000000000000000000000000000000000000"
61113,55414,27,5699,"00000000000000000000000000000000000000000000000000000a"
61144,61061,32,83,"0000000000000000000000000000000000000000000000000000000000000000"
61225,61175,1,50,"00"
61241,14387,69,46854,"1b00000000000000000000000000000000000000000000000000000000000000c0000000000000000000000000000000000000000000000000000000000000000000000000"
61312,45888,3,15424,"02f902"
61316,46660,6,14656,"82e70880842f"
61322,43370,10,17952,"0ef4e4842f0ef4ee8302"
61334,58381,22,2953,"9480e38291e06339d10aab483c65695d004dbd5c6987"
61361,60176,3,1185,"e000b9"
61364,58411,67,2953,"02642cc4081e00000000000000000000000000000000000000000000000000000000000000600000000000000000000000000000000000000000000000000000000000"
61434,43475,31,17959,"0000000000000000000000000000000000000000000000000000000064fab5"
61466,58513,153,2953,"000000000000000000000000000000000000000000000000000000000000000100000000000000000000000000000000000000000000000000000000000000200000000000000000000000000000000000000000000000000000000000000060000000000000000000000000000000000000000000000000000000000000000000000000000000000000000000000000000000000000000000"
61619,61356,7,263,"0227275ebbe000"
61626,58673,256,2953,"000000000000000000000000000000000000000000000000000000000000000100000000000000000000000000000000000000000000000000000000000000200000000000000000000000005ec5b1e9b1bd5198343abb6e55fb695d2f7bb3080000000000000000000000000000000000000000000000000000000000000080000000000000000000000000000000000000000000000000000000000000000000000000000000000000000000000000000000000000000000000000000001000000000000000000000000000000000000000000000000000000000000000060000000000000000000000000e5d7c2a44ffddf6b295a15c148167daaaf5cf34f"
61626,58673,12,2953,"000000000000000000000000"
61914,60633,64,1281,"00000000000000000000000000000000000000000000000000000000000000020000000000000000000000000000000000000000000000000000000000000000"
61979,61781,36,198,"000000000000000000000000000000000000000000000000000000000000000000000001"
62015,45887,3,16128,"d402f9"
62019,45891,4,16128,"d082e708"
62024,61320,11,704,"842f0ef4e4842f0ef4ee83"
62039,28573,20,33466,"f82537fb6c56a3b50092d3951f84f5f6c835b4f5"
62059,59690,3,2369,"80b901"
62067,60345,31,1722,"0000000000000000000000000000000000000000000000000000000064fa87"
62099,59698,63,2401,"000000000000000000000000000000000000000000000000000000000000004000000000000000000000000000000000000000000000000000000000000000"
62162,61497,64,665,"01000000000000000000000000000000000000000000000000000000000000002000000000000000000000000000000000000000000000000000000000000000"
62231,42274,44,19957,"000000000000000000000000176211869ca2b568f2a7d4ee941e073a821ee1ff000000000000000000000000"
62275,40582,50,21693,"e5d7c2a44ffddf6b295a15c148167daaaf5cf34f000000000000000000000000000000000000000000000000000000000000"
62327,19122,13,43205,"0000000000000000000000000b"
62340,32757,19,29583,"652eff5070c4c2251a3309ef0f90cee17161f2"
62359,19170,29,43189,"0000000000000000000000000000000000000000000000000000000011"
62391,61921,25,470,"00000000000000000000000000000000000000000000000002"
62423,57210,100,5213,"000000000000000000000000000000000000000000000000000000000000000000000000000000000000000000000000000000000000000000000000c0000000000000000000000000000000000000000000000000000000000000000000000000000000"
62523,44219,14,18304,"000000007902f87682e70801842f"
62537,62026,9,511,"0ef4e4842f0ef4ee83"
62546,29010,25,33536,"012db994629d74d459f072914f0b2aab9f7232fa36c1baed87"
62576,39080,3,23496,"c000b8"
62579,58250,17,4329,"447648ce45000000000000000000000000"
62616,29080,70,33536,"0000000000000000000000000000000000000000000000000000000000000001c000000000000000000000000000000000000000000000000000000000000000000000000000"
62688,24064,3,38624,"02f905"
62692,61316,15,1376,"82e70880842f0ef4e4842f0ef4ee83"
62710,61334,21,1376,"9480e38291e06339d10aab483c65695d004dbd5c69"
62740,24108,62,38632,"b905842cc4081e00000000000000000000000000000000000000000000000000000000000000600000000000000000000000000000000000000000000000"
62811,61434,31,1377,"0000000000000000000000000000000000000000000000000000000064fab5"
62843,24211,140,38632,"0000000000000000000000000000000000000000000000000000000000000002000000000000000000000000000000000000000000000000000000000000004000000000000000000000000000000000000000000000000000000000000002000000000000000000000000000000000000000000000000000000000000000060000000000000000000000000"
62983,58622,45,4361,"000000000000000000000000000000000000000000000000000000000000000000000000000000000000000003"
63035,24403,236,38632,"000000000000000000000000000000000000000000000000000000000000000100000000000000000000000000000000000000000000000000000000000000200000000000000000000000007f72e0d8e9abf9133a92322b8b50bd8e0f9dcfcb0000000000000000000000000000000000000000000000000000000000000080000000000000000000000000000000000000000000000000000000000000000000000000000000000000000000000000000000000000000000000000000001000000000000000000000000000000000000000000000000000000000000000060000000000000000000000000"
63271,62275,32,996,"e5d7c2a44ffddf6b295a15c148167daaaf5cf34f000000000000000000000000"
63323,42706,95,20617,"0000000000000000000000000000000000000000000000000000000000000002000000000000000000000000000000000000000000000000000000000000000000000000000000000000000000000000000000000000000000000000000000"
63419,63169,57,250,"000000000000000000000000000000000000000000000000000000000000000000000000000000000000000000000000000000000000000001"
63483,24851,108,38632,"000000000000000000000000000000000000000000000000000000000000000200000000000000000000000000000000000000000000000000000000000000400000000000000000000000000000000000000000000000000000000000000160000000000000000000000000"
63591,61702,192,1889,"5ec5b1e9b1bd5198343abb6e55fb695d2f7bb3080000000000000000000000000000000000000000000000000000000000000080000000000000000000000000000000000000000000000000000000000000000000000000000000000000000000000000000000000000000000000000000001000000000000000000000000000000000000000000000000000000000000000060000000000000000000000000e5d7c2a44ffddf6b295a15c148167daaaf5cf34f000000000000000000000000"
63783,24959,51,38824,"4cbab02a5448605e95181489b6ec0404e721eb8500000000000000000000000000000000000000000000000000000000000000"
63834,63833,45,1,"000000000000000000000000000000000000000000000000000000000000000000000000000000000000000000"
63879,24959,160,38920,"4cbab02a5448605e95181489b6ec0404e721eb850000000000000000000000000000000000000000000000000000000000000080000000000000000000000000000000000000000000000000000000000000000000000000000000000000000000000000000000000000000000000000000001000000000000000000000000000000000000000000000000000000000000000060000000000000000000000000"
64039,62243,32,1796,"176211869ca2b568f2a7d4ee941e073a821ee1ff000000000000000000000000"
64071,63303,84,768,"b766d53c2891c02a93ce8010116aef92e0a686b500000000000000000000000000000000000000000000000000000000000000020000000000000000000000000000000000000000000000000000000000000000"
64156,44348,42,19808,"00000000000000000000000000000000000000000000000000000000000000000000007202f86f82e708"
64199,45446,12,18753,"842f015406842f0154108301"
64213,59508,40,4705,"94176211869ca2b568f2a7d4ee941e073a821ee1ff80b844095ea7b3000000000000000000000000"
64273,28593,77,35680,"ffffffffffffffffffffffffffffffffffffffffffffffffffffffffffffffffc00000000000000000000000000000000000000000000000000000000000000000000000000000000000000000"
64350,64349,1,1,"00"
64354,26819,4,37535,"7782e708"
64359,64199,11,160,"842f015406842f01541083"
64373,44245,21,20128,"94009a0b7c38b542208936f1179151cd08e2943833"
64401,44272,64,20129,"0000b844f2b9fdb8000000000000000000000000c7d8489dae3d2ebef075b1db2257e2c231c9d231000000000000000000000000000000000000000000000000"
64465,64395,8,70,"15ed49a0f91e0000"
64473,47289,38,17184,"c000000000000000000000000000000000000000000000000000000000000000000000000001"
64511,48895,53,15616,"0df9010a01842aea5400829d78940872ec4426103482a50f26ffc32acefcec61b3c980b8e4f242432a000000000000000000000000"
64564,52292,20,12272,"b4b929258c5e6f32e4620b79006104faeaeca400"
64584,48648,256,15936,"000000000000000000000000aec3cacef9457ff2821d9f85429ce3d90b0014590000000000000000000000000000000000000000000000000000000000000005000000000000000000000000000000000000000000000000000000000000000100000000000000000000000000000000000000000000000000000000000000a00000000000000000000000000000000000000000000000000000000000000000000000000000000000000000000000000000000000000000000000000000000082e708808000000000000000000000000000000000000000000000000000000000000000000000000000000000000000000000000000010df9010a01842aea54"
64584,48648,44,15936,"000000000000000000000000aec3cacef9457ff2821d9f85429ce3d90b001459000000000000000000000000"
64884,52232,20,12652,"c7ae0feab08a56d51cfc289c240087984fefefd8"
64904,64584,256,320,"000000000000000000000000aec3cacef9457ff2821d9f85429ce3d90b0014590000000000000000000000000000000000000000000000000000000000000005000000000000000000000000000000000000000000000000000000000000000100000000000000000000000000000000000000000000000000000000000000a00000000000000000000000000000000000000000000000000000000000000000000000000000000000000000000000000000000000000000000000000000000082e708808000000000000000000000000000000000000000000000000000000000000000000000000000000000000000000000000000010df9010a01842aea54"
64904,64584,44,320,"000000000000000000000000aec3cacef9457ff2821d9f85429ce3d90b001459000000000000000000000000"
65204,52252,20,12952,"4985c560bc16b9e266b6b3ab7797fb48e4bf5dec"
65224,48968,256,16256,"000000000000000000000000aec3cacef9457ff2821d9f85429ce3d90b0014590000000000000000000000000000000000000000000000000000000000000005000000000000000000000000000000000000000000000000000000000000000100000000000000000000000000000000000000000000000000000000000000a00000000000000000000000000000000000000000000000000000000000000000000000000000000000000000000000000000000000000000000000000000000082e70880800000000000000000000000000000000000000000000000000000000000000000000000000000000000000000000000000001eff901ec80842aea54"
65224,48968,224,16256,"000000000000000000000000aec3cacef9457ff2821d9f85429ce3d90b0014590000000000000000000000000000000000000000000000000000000000000005000000000000000000000000000000000000000000000000000000000000000100000000000000000000000000000000000000000000000000000000000000a00000000000000000000000000000000000000000000000000000000000000000000000000000000000000000000000000000000000000000000000000000000082e7088080000000000000000000000000000000000000000000000000000000"
65706,51082,160,14624,"00000000000000000000000000000000000000000000000000000000000000000000000000000000000000000000000000000000000000000000000000000005000000000000000000000000000000000000000000000000000000000000000000000000000000000000000000000000000000000000000000000000000001400000000000000000000000000000000000000000000000000000000000000041"
65930,15882,256,50048,"1c0000000000000000000000000000000000000000000000000000000000000082e7088080000000000000000000000000000000000000000000000000000000000000000000000000000000000000000000000001eff901ec80842aea540083015f90940872ec4426103482a50f26ffc32acefcec61b3c980b901c4d4dfd6bc0000000000000000000000000000000000000000000000000000000000000000000000000000000000000000000000000000000000000000000000000000000000000000000000000000000000000000000000000000000000000000000000000000000000000000000000000000000000000000000000000000000000000001"
65930,15882,63,50048,"1c0000000000000000000000000000000000000000000000000000000000000082e70880800000000000000000000000000000000000000000000000000000"
66250,65706,160,544,"00000000000000000000000000000000000000000000000000000000000000000000000000000000000000000000000000000000000000000000000000000005000000000000000000000000000000000000000000000000000000000000000000000000000000000000000000000000000000000000000000000000000001400000000000000000000000000000000000000000000000000000000000000041"
66474,50218,97,16256,"1b0000000000000000000000000000000000000000000000000000000000000082e7088080000000000000000000000000000000000000000000000000000000000000000000000000000000000000000000000001eff901ec80842aea54008301"
66571,29995,222,36576,"5f90940872ec4426103482a50f26ffc32acefcec61b3c980b901c4d4dfd6bc0000000000000000000000000000000000000000000000000000000000000000000000000000000000000000000000000000000000000000000000000000000000000000000000000000000000000000000000000000000000000000000000000000000000000000000000000000000000000000000000000000000000000001000000000000000000000000000000000000000000000000000000000000000100000000000000000000000000000000000000000000000000000000651414"
66794,66250,160,544,"00000000000000000000000000000000000000000000000000000000000000000000000000000000000000000000000000000000000000000000000000000005000000000000000000000000000000000000000000000000000000000000000000000000000000000000000000000000000000000000000000000000000001400000000000000000000000000000000000000000000000000000000000000041"
67018,31626,85,35392,"1b0000000000000000000000000000000000000000000000000000000000000082e7088080000000000000000000000000000000000000000000000000000000000000000000000000000000000000000000000000"
67103,31999,52,35104,"ecf8ea01842aea5400829b28940872ec4426103482a50f26ffc32acefcec61b3c980b8c4f242432a000000000000000000000000"
67155,52272,20,14883,"a080239353b1750b4c2b63fb75f61939b25de8ad"
67175,32071,216,35104,"00000000000000000000000001e4a663fffaf1430d3a36588b2c14b72231d8b40000000000000000000000000000000000000000000000000000000000000005000000000000000000000000000000000000000000000000000000000000000100000000000000000000000000000000000000000000000000000000000000a0000000000000000000000000000000000000000000000000000000000000000082e7088080000000000000000000000000000000000000000000000000000000000000000000000000000000000000000000000000000000"
67391,51583,12,15808,"2ceb5b842aea540082520894"
67423,51615,64,15808,"865af3107a40008082e7088080000000000000000000000000000000000000000000000000000000000000000000000000000000000000000000000000000000"
67487,32287,4,35200,"2eed8202"
67492,67394,9,98,"842aea540082520894"
67521,32321,62,35200,"8654953ff6d0008082e708808000000000000000000000000000000000000000000000000000000000000000000000000000000000000000000000000000"
67583,17695,12,49888,"2ceb5a842aea540082520894"
67615,51615,96,16000,"865af3107a40008082e70880800000000000000000000000000000000000000000000000000000000000000000000000000000000000000000000000000000000000000000000000000000000000000000000000000000000000000000000002"
67712,51772,60,15940,"e93685f3bba03016f02bd1828badd6195988d950e93685f3bba03016f02bd1828badd6195988d950b8ff877ed78ba520ece21b1de7843a8a57ca47cb"
67772,18344,20,49428,"fb52e6f695e64088939c0665fd711c929bedc579"
67792,56763,20,11029,"bff2462d0963504f18f068ffcbb4e436cead8799"
67816,67709,1,107,"00"
67832,57541,20,10291,"b699b5b6df19a3f30a3625817f0ed5c3c9905848"
67852,58267,20,9585,"64058f2ecfc5d2f285964d98deedcff3756d877f"
67872,58941,20,8931,"513d9a01d9755c88717daee21c734ea0c85f730e"
67892,59313,20,8579,"ecc541c1117a56cbf65f7cf222a275c1ea766f02"
67992,61894,20,6098,"06d08ffd2c96bfbdc0f7c0096c01d2d19f751881"
68012,62339,20,5673,"0b652eff5070c4c2251a3309ef0f90cee17161f2"
68032,62596,20,5436,"04fa8d54f76fe1cc202aee0477e489b0b0cba8b8"
68052,64071,20,3981,"b766d53c2891c02a93ce8010116aef92e0a686b5"
68112,64564,20,3548,"b4b929258c5e6f32e4620b79006104faeaeca400"
68132,52232,40,15900,"c7ae0feab08a56d51cfc289c240087984fefefd84985c560bc16b9e266b6b3ab7797fb48e4bf5dec"
68172,51403,20,16769,"f6e5f1f62c064e041f1af33ab6ce993aa0d8caa4"
68192,51595,20,16597,"8818fda5c50dc3a3fcc820db4a89825219555de7"
68212,51499,20,16713,"37ee3ac9d140df89373b05f0bfbf4b0df090be6e"
68232,67155,20,1077,"a080239353b1750b4c2b63fb75f61939b25de8ad"
68252,18704,20,49548,"9dbad420963e53775a51ea9aad4afa3af6e5d753"
68272,67187,20,1085,"01e4a663fffaf1430d3a36588b2c14b72231d8b4"
68292,18684,20,49608,"f6f8b5bc021ff67a9932346447dd7e78aa674224"
68312,67639,71,673,"0000000000000000000000000000000000000000000000000000000000000000000000000000000000000000000000000000000000000000000000000000000000000000000000"
68383,40441,63,27942,"040000000000000000000000000000000000000000000000000000000000000080000000000000000000000000000000000000000000000000000000000000"
68448,68416,30,32,"000000000000000000000000000000000000000000000000000000000000"
68479,68384,31,95,"00000000000000000000000000000000000000000000000000000000000000"
68544,56270,31,12274,"0000000000000000000000000000000000000000000000000000000064fa86"
68576,64124,62,4452,"00000000000000000000000000000000000000000000000000000000000000c0000000000000000000000000000000000000000000000000000000000000"
68640,42079,62,26561,"0000000000000000000000000000000000000000000000000000000000004400000000000000000000000000000000000000000000000000000000000000"
68704,33280,126,35424,"000000000000000000000000000000000000000000000000000000000000002100000000000000000000000000000000000000000000000000000000000004200000000000000000000000000000000000000000000000000000000000000480000000000000000000000000000000000000000000000000000000000000"
68832,55410,31,13422,"0000000000000000000000000000000000000000000000000000000000000a"
68864,19136,31,49728,"0000000000000000000000000000000000000000000000000000000000000e"
68895,52831,64,16064,"60000000000000000000000000000000000000000000000000000000000000122000000000000000000000000000000000000000000000000000000000000015"
68960,68928,30,32,"000000000000000000000000000000000000000000000000000000000000"
68992,53120,31,15872,"00000000000000000000000000000000000000000000000000000000000024"
69024,19584,31,49440,"00000000000000000000000000000000000000000000000000000000000025"
69055,53183,32,15872,"8000000000000000000000000000000000000000000000000000000000000027"
69087,25838,32,43249,"0000000000000000000000000000000000000000000000000000000000000028"
69120,69088,31,32,"00000000000000000000000000000000000000000000000000000000000028"
69152,33728,31,35424,"0000000000000000000000000000000000000000000000000000000000002a"
69184,19776,62,49408,"0000000000000000000000000000000000000000000000000000000000002ce0000000000000000000000000000000000000000000000000000000000000"
69248,67457,31,1791,"0000000000000000000000000000000000000000000000000000000000002e"
69280,53344,94,15936,"00000000000000000000000000000000000000000000000000000000000030c00000000000000000000000000000000000000000000000000000000000003200000000000000000000000000000000000000000000000000000000000000"
69376,69344,31,32,"00000000000000000000000000000000000000000000000000000000000032"
69408,33920,95,35488,"0000000000000000000000000000000000000000000000000000000000003400000000000000000000000000000000000000000000000000000000000000356000000000000000000000000000000000000000000000000000000000000036"
69504,69472,31,32,"00000000000000000000000000000000000000000000000000000000000036"
69536,53472,31,16064,"00000000000000000000000000000000000000000000000000000000000038"
69568,34048,94,35520,"00000000000000000000000000000000000000000000000000000000000039600000000000000000000000000000000000000000000000000000000000003b80000000000000000000000000000000000000000000000000000000000000"
69664,69632,30,32,"000000000000000000000000000000000000000000000000000000000000"
69696,66923,31,2773,"00000000000000000000000000000000000000000000000000000000000041"
69728,34208,62,35520,"0000000000000000000000000000000000000000000000000000000000004240000000000000000000000000000000000000000000000000000000000000"
69792,13792,37,56000,"000000000000000000000000000000000000000000000000000000000000003602f482e708"
69878,55094,48,14784,"000000000000000000000000000000000000000000000000000000000000000000000000000000000232f9022f830306"
69932,55148,128,14784,"83048d9c94cb566e3b6934fa77258d68ea18e931fa75e1aaaa80b902046c459a2800000000000000000000000038de71124f7a447a01d67945a51edce9ff49125100000000000000000000000000000000000000000000000000000000000000800000000000000000000000000000000000000000000000000000000064fada"
70061,37613,100,32448,"00000000000000000000000000000000000000000000000000000000000001400000000000000000000000000000000000000000000000000000000000000084704316e5000000000000000000000000000000000000000000000000000000000000006e"
70193,59281,32,10912,"0000000000000000000000000000000000000000000000000000000000000014"
70225,70161,63,64,"184463a17b50c107a9e9e094bfd6cf5bb27293167dd682b38b08159d76672c4a00000000000000000000000000000000000000000000000000000000000000"
70288,67307,29,2981,"0000000000000000000000000000000000000000000000000000000082"
70351,69181,2,1170,"002a"
70416,52829,2,17587,"0010"
70446,37998,88,32448,"1c00000000000000000000000000000000000000000000000000000000000082e708808000000000000000000000000000000000000000000000000000000000000000000000000000000000000000000392f9038f830305"
70540,54188,129,16352,"8313f7c094a658742d33ebd2ce2f0bdff73515aa797fd161d980b90364252f7b01000000000000000000000000000000000000000000000000000000000000006e00000000000000000000000045f1a95a4d3f3836523f5c83673c797f4d4d263b0000000000000000000000000000000000000000000000000000000000043238"
70701,70669,32,32,"fe3336f83d801fc21167bf6f735aa56a232ce111fe9fc6e809766da409a97b5d"
70733,54381,103,16352,"00000000000000000000000000000000000000000000000000000000000000c000000000000000000000000000000000000000000000000000000000000002740000000000000000000000004d73adb72bc3dd368966edd0f0b2148401a178e2000000000000c2"
70837,34901,230,35936,"006e352d8275aae3e0c2404d9f68f6cee084b5beb3dd00b745f1a95a4d3f3836523f5c83673c797f4d4d263b0000000000000000000000000000000000000000000000000000000000000001000000000000000000000000000000000000000000000000000000000000000d000000000000000000000000000000000000000000000000000000000000000d00000000000000000000000000000000000000000000000000000000000000000000000000000000000000000000000000000000000000000000000000000000000000000000000000000000000000000000000000000021327f"
71073,68804,27,2269,"000000000000000000000000000000000000000000000000000006"
71105,52738,29,18367,"000000000000000000000000000000000000000000000000000000000c"
71137,70885,28,252,"00000000000000000000000000000000000000000000000000000001"
71169,66861,60,4308,"000000000000000000000000000000000000000000000000000000000000000000000000000000000000000000000000000000000000000000000001"
71229,71165,30,64,"c54b11d70000000000000000000000000000000000000000000000000000"
71265,54913,96,16352,"00000000000000000000000000000000000000000000000000000000000001c000000000000000000000000000000000000000000000000000000000000002000000000000000000000000000000000000000000000000000000000000000014"
71381,36405,113,34976,"000000000000000000000000000000000000000000000000000000000000000000000000000000000000000000000000000000000000000082e708808000000000000000000000000000000000000000000000000000000000000000000000000000000000000000000392f9038f830305"
71495,69927,6,1568,"843a169b5f83"
71501,70541,128,960,"13f7c094a658742d33ebd2ce2f0bdff73515aa797fd161d980b90364252f7b01000000000000000000000000000000000000000000000000000000000000006e00000000000000000000000045f1a95a4d3f3836523f5c83673c797f4d4d263b0000000000000000000000000000000000000000000000000000000000043238"
71661,71629,32,32,"5e0b7e6b7c1fa8b8d91b31ab3f297d057e656898c9b4b211b49effa4ddd5cf26"
71693,70733,103,960,"00000000000000000000000000000000000000000000000000000000000000c000000000000000000000000000000000000000000000000000000000000002740000000000000000000000004d73adb72bc3dd368966edd0f0b2148401a178e2000000000000c2"
71797,70837,230,960,"006e352d8275aae3e0c2404d9f68f6cee084b5beb3dd00b745f1a95a4d3f3836523f5c83673c797f4d4d263b0000000000000000000000000000000000000000000000000000000000000001000000000000000000000000000000000000000000000000000000000000000d000000000000000000000000000000000000000000000000000000000000000d00000000000000000000000000000000000000000000000000000000000000000000000000000000000000000000000000000000000000000000000000000000000000000000000000000000000000000000000000000021327f"
72033,44312,26,27721,"0000000000000000000000000000000000000000000000000007"
72065,71909,28,156,"0000000000000000000000000000000000000000000000000000000d"
72096,71845,28,251,"00000000000000000000000000000000000000000000000000000001"
72129,71170,59,959,"0000000000000000000000000000000000000000000000000000000000000000000000000000000000000000000000000000000000000000000001"
72188,72124,30,64,"ea474705a100000000000000000000000000000000000000000000000000"
72225,71265,96,960,"00000000000000000000000000000000000000000000000000000000000001c000000000000000000000000000000000000000000000000000000000000002000000000000000000000000000000000000000000000000000000000000000014"
72341,71381,113,960,"000000000000000000000000000000000000000000000000000000000000000000000000000000000000000000000000000000000000000082e708808000000000000000000000000000000000000000000000000000000000000000000000000000000000000000000392f9038f830305"
72455,71495,134,960,"843a169b5f8313f7c094a658742d33ebd2ce2f0bdff73515aa797fd161d980b90364252f7b01000000000000000000000000000000000000000000000000000000000000006e00000000000000000000000045f1a95a4d3f3836523f5c83673c797f4d4d263b0000000000000000000000000000000000000000000000000000000000043238"
72621,72589,32,32,"62c557ead692c506666523e0ef9d51c5ebdc2c58bb999a4695dea7ec6eab8a88"
72653,71693,103,960,"00000000000000000000000000000000000000000000000000000000000000c000000000000000000000000000000000000000000000000000000000000002740000000000000000000000004d73adb72bc3dd368966edd0f0b2148401a178e2000000000000c2"
72757,71797,256,960,"006e352d8275aae3e0c2404d9f68f6cee084b5beb3dd00b745f1a95a4d3f3836523f5c83673c797f4d4d263b0000000000000000000000000000000000000000000000000000000000000001000000000000000000000000000000000000000000000000000000000000000d000000000000000000000000000000000000000000000000000000000000000d00000000000000000000000000000000000000000000000000000000000000000000000000000000000000000000000000000000000000000000000000000000000000000000000000000000000000000000000000000021327fc3bee522e9850000000000000000000000000000000000000000"
72757,71797,5,960,"006e352d82"
73025,72957,27,68,"000000000000000000000000000000000000000000000000000000"
73057,68868,27,4189,"00000000000000000000000000000000000000000000000000000e"
73089,72926,58,163,"00000000000000000000000000000000000000000000000000000000000000000000000000000000000000000000000000000000000000000000"
73147,73083,31,64,"0e20382b3e7600000000000000000000000000000000000000000000000000"
73185,72225,96,960,"00000000000000000000000000000000000000000000000000000000000001c000000000000000000000000000000000000000000000000000000000000002000000000000000000000000000000000000000000000000000000000000000014"
73301,72341,113,960,"000000000000000000000000000000000000000000000000000000000000000000000000000000000000000000000000000000000000000082e708808000000000000000000000000000000000000000000000000000000000000000000000000000000000000000000392f9038f830305"
73415,72455,69,960,"843a169b5f8313f7c094a658742d33ebd2ce2f0bdff73515aa797fd161d980b90364252f7b0100000000000000000000000000000000000000000000000000000000000000"
73485,72525,64,960,"00000000000000000000000045f1a95a4d3f3836523f5c83673c797f4d4d263b0000000000000000000000000000000000000000000000000000000000043238"
73568,62225,2,11343,"00e4"
73581,73549,32,32,"900d666e356748e7b141f2089cc98c628df9ca00e4cdf440284decb5823c1c76"
73613,72653,102,960,"00000000000000000000000000000000000000000000000000000000000000c000000000000000000000000000000000000000000000000000000000000002740000000000000000000000004d73adb72bc3dd368966edd0f0b2148401a178e2000000000000"
73717,73483,2,234,"006f"
73739,72779,205,960,"00b745f1a95a4d3f3836523f5c83673c797f4d4d263b0000000000000000000000000000000000000000000000000000000000000001000000000000000000000000000000000000000000000000000000000000000d000000000000000000000000000000000000000000000000000000000000000d000000000000000000000000000000000000000000000000000000000000000000000000000000000000000000000000000000000000000000000000000000000000000000000000000000000000000000000000000000"
73953,73919,26,34,"0000000000000000000000000000000000000000000000000023"
73985,73917,27,68,"000000000000000000000000000000000000000000000000000000"
74016,71106,28,2910,"0000000000000000000000000000000000000000000000000000000c"
74049,73886,58,163,"00000000000000000000000000000000000000000000000000000000000000000000000000000000000000000000000000000000000000000000"
74107,74043,31,64,"0c4eae1e0d3400000000000000000000000000000000000000000000000000"
74145,73185,96,960,"00000000000000000000000000000000000000000000000000000000000001c000000000000000000000000000000000000000000000000000000000000002000000000000000000000000000000000000000000000000000000000000000014"
74261,55029,106,19232,"000000000000000000000000000000000000000000000000000000000000000000000000000000000000000000000000000000000000000082e7088080000000000000000000000000000000000000000000000000000000000000000000000000000000000000000002"
74371,73411,3,960,"830305"
74375,73415,6,960,"843a169b5f83"
74383,53647,22,20736,"1894a658742d33ebd2ce2f0bdff73515aa797fd161d9"
74412,61362,2,13050,"00b9"
74420,72493,44,1927,"000000000000000000000000000000000000000000000000000000000000006e000000000000000000000000"
74464,53721,52,20743,"808d7c71ad2ba3fa531b068a2417c63106bc09490000000000000000000000000000000000000000000000000000000000014c08"
74548,74516,32,32,"bfbdeb39d47d7b7c71dd7aefca174841deb967ff4ed2a2c055172880eebf8360"
74580,59249,44,15331,"00000000000000000000000000000000000000000000000000000000000000e0000000000000000000000000"
74644,53869,70,20775,"00000000000000000000000000000000000000000000000000000000000000d40000000000000000000000004d73adb72bc3dd368966edd0f0b2148401a178e2000000000000"
74716,74450,2,266,"006e"
74738,53963,78,20775,"00b7808d7c71ad2ba3fa531b068a2417c63106bc09490000000000000000000000000000000000000000000000000000000000000040000000000000000000000000000000000000000000000000"
74822,11071,34,63751,"00000000000000000000000000000000000000000000000000000000000000000014"
74856,74624,44,232,"9958c11ee606a2703c905490bf2a7ba5423b53e7000000000000000000000000000000000000000000000000"
74900,74317,42,583,"82e708808000000000000000000000000000000000000000000000000000000000000000000000000000"
74948,55748,7,19200,"8435a4e9008306"
74985,57360,3,17625,"8000b9"
74994,62163,62,12831,"0000000000000000000000000000000000000000000000000000000000000020000000000000000000000000000000000000000000000000000000000000"
75056,57140,33,17916,"012000000000000000000000000000000000000000000000000000000000000001"
75089,40025,32,35064,"6000000000000000000000000000000000000000000000000000000000000001"
75122,63739,44,11383,"000000000000000000000000e5d7c2a44ffddf6b295a15c148167daaaf5cf34f000000000000000000000000"
75186,75096,25,90,"00000000000000000000000000000000000000000000000001"
75211,74980,7,231,"7508f1956a8000"
75218,73761,44,1457,"0000000000000000000000000000000000000000000000000000000000000001000000000000000000000000"
75282,75219,31,63,"00000000000000000000000000000000000000000000000000000000000001"
75314,40698,127,34616,"0000000000000000000000000000000000000000000000000000000000000004d0e30db000000000000000000000000000000000000000000000000000000000000000000000000000000000000000000000000000000000000000000000000000000000000000000000000000000000000000000000000000000000000000"
75442,75397,44,45,"0000000000000000000000000000000000000000000000000000000000000000000000000000000000000000"
75486,62275,50,13211,"e5d7c2a44ffddf6b295a15c148167daaaf5cf34f000000000000000000000000000000000000000000000000000000000000"
75542,74994,58,548,"00000000000000000000000000000000000000000000000000000000000000200000000000000000000000000000000000000000000000000000"
75605,75287,26,318,"0000000000000000000000000000000000000000000000000001"
75631,75211,19,420,"7508f1956a8000000000000000000000000000"
75650,75486,32,164,"e5d7c2a44ffddf6b295a15c148167daaaf5cf34f000000000000000000000000"
75702,55364,13,20338,"000000000000000000000000b8"
75734,75702,12,32,"000000000000000000000000"
75766,75670,44,96,"0000000000000000000000003d391afffed2255a2dd00325c3a96a5a8e023ff8000000000000000000000000"
75810,75809,18,1,"000000000000000000000000000000000000"
75830,75411,44,419,"0000000000000000000000000000000000000000000000000000000000000200000000000000000000000000"
75874,75166,44,708,"cb28fbe3e9c0fea62e0e63ff3f232cecfe555ad4000000000000000000000000000000000000000000000000"
75918,75854,7,64,"00000000000002"
75926,75702,44,224,"000000000000000000000000b8f275fbf7a959f4bce59999a2ef122a099e81a8000000000000000000000000"
75970,67220,19,8750,"00000000000000000000000000000000000005"
75989,42237,33,33752,"800000000000000000000000000000000000000000000000000000000000000064"
76022,75766,32,256,"0000000000000000000000003d391afffed2255a2dd00325c3a96a5a8e023ff8"
76067,75391,63,676,"000000000000000000000000000000000000000000000000000000000000000000000000000000000000000000000000000002000000000000000000000000"
76150,76118,12,32,"000000000000000000000000"
76182,76087,31,95,"00000000000000000000000000000000000000000000000000000000000002"
76218,75186,63,1032,"000000000000000000000000000000000000000000000000017508f1956a800000000000000000000000000000000000000000000000000000000000000000"
76281,74176,63,2105,"c00000000000000000000000000000000000000000000000000000000000000200000000000000000000000000000000000000000000000000000000000000"
76345,62906,32,13439,"4000000000000000000000000000000000000000000000000000000000000002"
76378,64059,13,12319,"000000000000000000000000b7"
76410,62131,95,14279,"0000000000000000000000000000000000000000000000000000000000000001000000000000000000000000000000000000000000000000000000000000002000000000000000000000000000000000000000000000000000000000000000"
76510,55409,32,21101,"000000000000000000000000000000000000000000000000000000000000000a"
76542,76410,56,132,"0000000000000000000000000000000000000000000000000000000000000001000000000000000000000000000000000000000000000000"
76604,76547,27,57,"000000000000000000000000000000000000000000000000000001"
76638,76378,60,260,"000000000000000000000000b79a4f5828eb55c10d7abf4bfe9a9f5d11aa84e000000000000000000000000000000000000000000000000000000000"
76702,66670,72,10032,"000000000000000000000000000000000000000000000000000000000000000000000000000000000000000000000000000000000000000000000001000000000000000000000000"
76794,76086,126,708,"00000000000000000000000000000000000000000000000000000000000000020000000000000000000000006ca6fcbd2fe65f0cb7671f5f0638867fdc991462000000000000000000000000e3db9ad5a3c6387bece39fafc26dbb2b594fb7ff000000000000000000000000000000000000000000000000000000000000"
76920,76440,33,480,"000100000000000000000000000000000000000000000000000000000000000000"
76954,68325,59,8629,"0000000000000000000000000000000000000000000000000000000000000000000000000000000000000000000000000000000000000000000004"
77018,76442,57,576,"000000000000000000000000000000000000000000000000000000000000002000000000000000000000000000000000000000000000000000"
77080,75604,27,1476,"800000000000000000000000000000000000000000000000000001"
77114,76638,44,476,"000000000000000000000000b79a4f5828eb55c10d7abf4bfe9a9f5d11aa84e0000000000000000000000000"
77178,76858,62,320,"000000000000000000000000e3db9ad5a3c6387bece39fafc26dbb2b594fb7ff000000000000000000000000000000000000000000000000000000000000"
77242,76474,32,768,"00000000000000000000000000000000000000000000000000000000000000c4"
77274,75766,44,1508,"0000000000000000000000003d391afffed2255a2dd00325c3a96a5a8e023ff8000000000000000000000000"
77338,77306,12,32,"000000000000000000000000"
77370,75766,62,1604,"0000000000000000000000003d391afffed2255a2dd00325c3a96a5a8e023ff8000000000000000000000000000000000000000000000000000000000000"
77434,76054,62,1380,"73796d62696f7369732d61707000000000000000000000000000000000000000000000000000000000000000000000000000000000000000000000000000"
77502,77484,12,18,"000000000000000000000000"
77534,44482,13,33052,"0000000000000000000000005a"
77566,57753,44,19813,"000000000000000000000000eeeeeeeeeeeeeeeeeeeeeeeeeeeeeeeeeeeeeeee000000000000000000000000"
77610,77514,32,96,"a9305c3c14757bae2e73ef7f66fe241f5f6bf347000000000000000000000000"
77642,77382,44,260,"3d391afffed2255a2dd00325c3a96a5a8e023ff8000000000000000000000000000000000000000000000000"
77694,77662,25,32,"00000000000000000000000000000000000000000000000001"
77726,68352,62,9374,"0000000000000000000000000000000000000000000000000000000000000004000000000000000000000000000000000000000000000000000000000000"
77789,63546,45,14243,"400000000000000000000000000000000000000000000000000000000000000160000000000000000000000000"
77834,77833,51,1,"000000000000000000000000000000000000000000000000000000000000000000000000000000000000000000000000000000"
77886,57729,26,20157,"00000000000000000000000000000000000000000000006c0000"
77913,52988,3,24925,"00001a"
77916,77048,2,868,"0020"
77922,77546,20,376,"5aea5775959fbc2557cc8789bc1bf90a239d9a91"
77944,77546,21,398,"5aea5775959fbc2557cc8789bc1bf90a239d9a9100"
77970,76249,33,1721,"0000000000000000000000000000000000000000000000000000000000000000c0"
78004,77158,32,846,"6e2b76966cbd9cf4cc2fa0d76d24d5241e0abc2f000000000000000000000000"
78036,78035,10,1,"00000000000000000000"
78050,75361,80,2689,"0000000000000000000000000000000000000000000000000000000000000000000000000000000000000000000000000000000000000000000000000000000000000000000000000000000000000000"
78130,74317,45,3813,"82e708808000000000000000000000000000000000000000000000000000000000000000000000000000000000"
78179,78130,3,49,"82e708"
78188,78183,5,5,"84305c0e0f"
78217,28267,3,49950,"80b864"
78224,78163,12,61,"000000000000000000000000"
78236,78197,20,39,"88f087ad825322d9ec3261712cf09a56e58575fc"
78256,68993,30,9263,"000000000000000000000000000000000000000000000000000000000024"
78288,33234,13,45054,"00000000000000000000000048"
78320,59600,47,18720,"c000000000000000000000000000000000000000000000000000000000000000000000000000000000000000000001"
78368,62016,3,16352,"02f901"
78372,78179,3,193,"82e708"
78376,78183,10,193,"84305c0e0f84305c0e0f"
78390,26422,24,51968,"94abefcff81b1f00905f5efc5871626e793e20a5dc80b901"
78419,77467,30,952,"000000000000000000000000000000000000000000000000000000000002"
78451,68690,13,9761,"00000000000000000000000046"
78483,26515,30,51968,"000000000000000000000000000000000000000000000000000000000c1d"
78515,78419,44,96,"000000000000000000000000000000000000000000000000000000000002a16d000000000000000000000000"
78559,67283,51,11276,"00000000000000000000000000000000000000a000000000000000000000000000000000000000000000000000000000000000"
78614,78609,1,5,"00"
78675,46579,84,32096,"1c00000000000000000000000000000000000000000000000000000000000000c0000000000000000000000000000000000000000000000000000000000000000000000000000000000000013302f9012f82e708"
78760,13830,11,64930,"842ee8a736842ee8a74082"
78771,29171,256,49600,"7e5494d1a3abf42f9e66be86cfdea8c5c2c74f041c5e1480b901045b7d7482000000000000000000000000000000000000000000000000000000000000004000000000000000000000000000000000000000000000000000000000000000a00000000000000000000000000000000000000000000000000000000000000040356665636562363666666338366633386439353237383663366436393663373963326462633233396464346539316234363732396437336132376662353765390000000000000000000000000000000000000000000000000000000000000040356665636562363666666338366633386439353237383663366436393663373963"
78771,29171,76,49600,"7e5494d1a3abf42f9e66be86cfdea8c5c2c74f041c5e1480b901045b7d7482000000000000000000000000000000000000000000000000000000000000004000000000000000000000000000"
79103,45439,6,33664,"3002ee82e708"
79110,78760,10,350,"842ee8a736842ee8a740"
79120,45456,79,33664,"83010b3694cce9d3f392c135dc038b147ca73ec496f7f89d938084183ff085c00000000000000000000000000000000000000000000000000000000000000000000000000000000000000000000001"
79200,78752,3,448,"02f901"
79204,62692,5,16512,"82e7088084"
79209,79111,10,98,"2ee8a736842ee8a74083"
79222,25581,21,53641,"94272e156df8da513c69cb41cc7a99185d53f926bb"
79243,44266,8,34977,"87071afd498d0000"
79251,78795,3,456,"b90104"
79254,25770,16,53484,"a8c9ed67000000000000000000000000"
79270,75650,32,3620,"e5d7c2a44ffddf6b295a15c148167daaaf5cf34f000000000000000000000000"
79302,24799,44,54503,"7d43aabc515c356145049227cee54b608342c0ad000000000000000000000000000000000000000000000000"
79346,25862,20,53484,"0000000000000028000000000000000000000000"
79366,51972,20,27394,"bcb1ebb4b6b93814be97b401302425ff2e2a06e0"
79386,25902,31,53484,"0000000000000000000000000000000000000000000000000000000064fa8a"
79418,44312,32,35106,"00000000000000000000000000000000000000000000000000071afd498d0000"
79450,69222,25,10228,"0000000000000000000000000000000000000000000000002d"
79478,56365,2,23113,"00ff"
79481,27351,69,52130,"400000000000000000000000000000000000000000000000000000000000000000c00000000000000000000000000000000000000000000000000000000000000000000000"
79550,61310,9,18240,"029b02f9029782e708"
79560,79208,11,352,"842ee8a736842ee8a74083"
79603,61363,3,18240,"b90264"
79606,55782,131,23824,"ac9650d800000000000000000000000000000000000000000000000000000000000000200000000000000000000000000000000000000000000000000000000000000002000000000000000000000000000000000000000000000000000000000000004000000000000000000000000000000000000000000000000000000000000001"
79737,46034,32,33703,"e000000000000000000000000000000000000000000000000000000000000001"
79774,62231,94,17543,"000000000000000000000000176211869ca2b568f2a7d4ee941e073a821ee1ff000000000000000000000000e5d7c2a44ffddf6b295a15c148167daaaf5cf34f000000000000000000000000000000000000000000000000000000000000"
79870,73377,30,6493,"000000000000000000000000000000000000000000000000000000000003"
79902,79870,30,32,"000000000000000000000000000000000000000000000000000000000003"
79934,52929,30,27005,"000000000000000000000000000000000000000000000000000000000019"
79966,79906,26,60,"0000000000000000000000000000000000000000000000000003"
79992,79597,6,395,"965eeee5fd30"
79998,68961,30,11037,"000000000000000000000000000000000000000000000000000000000018"
80030,79966,26,64,"0000000000000000000000000000000000000000000000000003"
80062,52818,13,27244,"00000000000000000000000010"
80094,62067,31,18027,"0000000000000000000000000000000000000000000000000000000064fa87"
80126,68324,60,11802,"000000000000000000000000000000000000000000000000000000000000000000000000000000000000000000000000000000000000000000000004"
80190,78679,65,1511,"00000000000000000000000000000000000000000000000000000000c0000000000000000000000000000000000000000000000000000000000000000000000000"
80255,64191,7,16064,"7202f86f82e708"
80263,79110,12,1153,"842ee8a736842ee8a7408301"
80277,64213,40,16064,"94176211869ca2b568f2a7d4ee941e073a821ee1ff80b844095ea7b3000000000000000000000000"
80317,39927,20,40390,"6352a56caadc4f1e25cd6c75970fa768a3304e64"
80337,18756,30,61581,"000000000000000000000000000000000000000000000000000000000007"
80369,28625,54,51744,"c00000000000000000000000000000000000000000000000000000000000000000000000000000000000000000011b02f9011782e708"
80423,47015,3,33408,"01842e"
80426,79562,10,864,"e8a736842ee8a7408307"
80438,28694,22,51744,"948731d54e9d02c286767d56ac03e8037c07e01e9888"
80467,47058,51,33409,"1eb8e41114cd2a00000000000000000000000000000000000000000000000000000000000000b8000000000000000000000000"
80538,78834,56,1704,"00000000000000000000000000000000000000000000000000000000000000a0000000000000000000000000000000000000000000000000"
80601,62362,26,18239,"0000000000000000000000000000000000000000000000000011"
80633,74823,33,5810,"000000000000000000000000000000000000000000000000000000000000000014"
80666,80518,32,148,"8d65261991d6f69e666625ef7aeab9f18e883136000000000000000000000000"
80698,61978,37,18720,"c0000000000000000000000000000000000000000000000000000000000000000000000001"
80736,80416,3,320,"02f901"
80740,80420,6,320,"82e70801842e"
80749,80744,4,5,"842ee6e1"
80779,67615,7,13164,"865af3107a4000"
80786,62060,38,18726,"b901a45ae401dc0000000000000000000000000000000000000000000000000000000064fa87"
80824,74759,57,6065,"490000000000000000000000000000000000000000000000000000000000000040000000000000000000000000000000000000000000000000"
80881,62155,88,18726,"0000000000000001000000000000000000000000000000000000000000000000000000000000002000000000000000000000000000000000000000000000000000000000000000e404e45aaf000000000000000000000000"
80969,39100,64,41869,"e5d7c2a44ffddf6b295a15c148167daaaf5cf34f000000000000000000000000176211869ca2b568f2a7d4ee941e073a821ee1ff000000000000000000000000"
81033,76934,32,4099,"0000000000000000000000000000000000000064000000000000000000000000"
81085,44468,27,36617,"00000000000000000000000000000000000000000000000000005a"
81112,80781,5,331,"f3107a4000"
81117,79644,30,1473,"000000000000000000000000000000000000000000000000000000000002"
81149,62423,97,18726,"000000000000000000000000000000000000000000000000000000000000000000000000000000000000000000000000000000000000000000000000c0000000000000000000000000000000000000000000000000000000000000000000000000"
81246,47006,9,34240,"011a02f9011682e708"
81255,80262,3,993,"02842e"
81258,80746,9,512,"e6e1d4842ee6e1dd83"
81270,47030,22,34240,"948731d54e9d02c286767d56ac03e8037c07e01e9887"
81297,28722,52,52575,"161eb8e41114cd2a00000000000000000000000000000000000000000000000000000000000000b8000000000000000000000000"
81369,78834,57,2535,"00000000000000000000000000000000000000000000000000000000000000a000000000000000000000000000000000000000000000000000"
81431,80158,28,1273,"00000000000000000000000000000000000000000000000000000004"
81464,80633,33,831,"000000000000000000000000000000000000000000000000000000000000000014"
81497,81349,32,148,"4d495f3715f699bc564f19b1bdd8a3c3402ead07000000000000000000000000"
81530,79066,43,2464,"000000000000000000000000000000000000000000000000000000000000000000000000003002ee82e708"
81574,81256,11,318,"842ee6e1d4842ee6e1dd83"
81585,28433,78,53152,"010b3694cce9d3f392c135dc038b147ca73ec496f7f89d938084183ff085c00000000000000000000000000000000000000000000000000000000000000000000000000000000000000000000000"
81663,59999,7,21664,"5102f84e82e708"
81671,81574,12,97,"842ee6e1d4842ee6e1dd8301"
81716,62455,72,19261,"00000000000000000000000000000000000000000000000000000000c000000000000000000000000000000000000000000000000000000000000000000000000000000000000000"
81788,81787,3,1,"000000"
81795,81667,3,128,"82e708"
81799,81671,11,128,"842ee6e1d4842ee6e1dd83"
81814,27580,20,54234,"3228d205a96409a07a44d39916b6ea7b765d61f4"
81848,79290,56,2558,"0000000000000000000000007d43aabc515c356145049227cee54b608342c0ad000000000000000000000000000000000000000000000000"
81910,71233,27,10677,"000000000000000000000000000000000000000000000000000006"
81942,81219,28,723,"00000000000000000000000000000000000000000000000000000001"
81976,81779,13,197,"000000000000000000000000f9"
81989,32677,19,49312,"89d774bca0fe1263f023a3374762a42662cce5"
82008,79386,31,2622,"0000000000000000000000000000000000000000000000000000000064fa8a"
82040,29112,39,52928,"c00000000000000000000000000000000000000000000000000000000000000000000000000001"
82079,79199,11,2880,"3b02f9013782e70880842e"
82090,29513,8,52577,"e0a9f3842ee0a9fd"
82098,79218,148,2880,"83043bb594272e156df8da513c69cb41cc7a99185d53f926bb87071afd498d0000b90104a8c9ed67000000000000000000000000e5d7c2a44ffddf6b295a15c148167daaaf5cf34f0000000000000000000000007d43aabc515c356145049227cee54b608342c0ad0000000000000000000000000000000000000000000000000000000000000028000000000000000000000000"
82246,51952,20,30294,"b2bd690c1b76691fdb78dbb4262069ee43e29d92"
82266,79386,164,2880,"0000000000000000000000000000000000000000000000000000000064fa8a9100000000000000000000000000000000000000000000000000071afd498d00000000000000000000000000000000000000000000000000002d88cce000ffe2400000000000000000000000000000000000000000000000000000000000000000c00000000000000000000000000000000000000000000000000000000000000000000000"
82430,82429,1,1,"00"
82465,67136,3,15329,"80b8c4"
82472,69385,22,13087,"00000000000000000000000000000000000000000032"
82502,40293,34,42209,"00000000000000000000000000000000000000000000000000000000000000000040"
82536,78579,32,3957,"0000000000000000000000000000000000000000000000000000000000000041"
82632,67018,85,15614,"1b0000000000000000000000000000000000000000000000000000000000000082e7088080000000000000000000000000000000000000000000000000000000000000000000000000000000000000000000000000"
82717,28413,10,54304,"00003002ee82e7080484"
82730,47687,3,35043,"07842d"
82735,78385,3,4350,"0f8301"
82738,79122,77,3616,"0b3694cce9d3f392c135dc038b147ca73ec496f7f89d938084183ff085c00000000000000000000000000000000000000000000000000000000000000000000000000000000000000000000001"
82815,65151,53,17664,"0df9010a01842aea5400829d78940872ec4426103482a50f26ffc32acefcec61b3c980b8e4f242432a000000000000000000000000"
82888,64904,256,17984,"000000000000000000000000aec3cacef9457ff2821d9f85429ce3d90b0014590000000000000000000000000000000000000000000000000000000000000005000000000000000000000000000000000000000000000000000000000000000100000000000000000000000000000000000000000000000000000000000000a00000000000000000000000000000000000000000000000000000000000000000000000000000000000000000000000000000000000000000000000000000000082e708808000000000000000000000000000000000000000000000000000000000000000000000000000000000000000000000000000010df9010a01842aea54"
82888,64904,44,17984,"000000000000000000000000aec3cacef9457ff2821d9f85429ce3d90b001459000000000000000000000000"
83208,48968,256,34240,"000000000000000000000000aec3cacef9457ff2821d9f85429ce3d90b0014590000000000000000000000000000000000000000000000000000000000000005000000000000000000000000000000000000000000000000000000000000000100000000000000000000000000000000000000000000000000000000000000a00000000000000000000000000000000000000000000000000000000000000000000000000000000000000000000000000000000000000000000000000000000082e70880800000000000000000000000000000000000000000000000000000000000000000000000000000000000000000000000000001eff901ec80842aea54"
83208,48968,225,34240,"000000000000000000000000aec3cacef9457ff2821d9f85429ce3d90b0014590000000000000000000000000000000000000000000000000000000000000005000000000000000000000000000000000000000000000000000000000000000100000000000000000000000000000000000000000000000000000000000000a00000000000000000000000000000000000000000000000000000000000000000000000000000000000000000000000000000000000000000000000000000000082e708808000000000000000000000000000000000000000000000000000000000"
83690,66794,160,16896,"00000000000000000000000000000000000000000000000000000000000000000000000000000000000000000000000000000000000000000000000000000005000000000000000000000000000000000000000000000000000000000000000000000000000000000000000000000000000000000000000000000000000001400000000000000000000000000000000000000000000000000000000000000041"
83914,66474,256,17440,"1b0000000000000000000000000000000000000000000000000000000000000082e7088080000000000000000000000000000000000000000000000000000000000000000000000000000000000000000000000001eff901ec80842aea540083015f90940872ec4426103482a50f26ffc32acefcec61b3c980b901c4d4dfd6bc0000000000000000000000000000000000000000000000000000000000000000000000000000000000000000000000000000000000000000000000000000000000000000000000000000000000000000000000000000000000000000000000000000000000000000000000000000000000000000000000000000000000000001"
83914,66474,62,17440,"1b0000000000000000000000000000000000000000000000000000000000000082e708808000000000000000000000000000000000000000000000000000"
84234,83690,160,544,"00000000000000000000000000000000000000000000000000000000000000000000000000000000000000000000000000000000000000000000000000000005000000000000000000000000000000000000000000000000000000000000000000000000000000000000000000000000000000000000000000000000000001400000000000000000000000000000000000000000000000000000000000000041"
84407,84392,1,15,"00"
84458,83914,256,544,"1b0000000000000000000000000000000000000000000000000000000000000082e7088080000000000000000000000000000000000000000000000000000000000000000000000000000000000000000000000001eff901ec80842aea540083015f90940872ec4426103482a50f26ffc32acefcec61b3c980b901c4d4dfd6bc0000000000000000000000000000000000000000000000000000000000000000000000000000000000000000000000000000000000000000000000000000000000000000000000000000000000000000000000000000000000000000000000000000000000000000000000000000000000000000000000000000000000000001"
84458,83914,62,544,"1b0000000000000000000000000000000000000000000000000000000000000082e708808000000000000000000000000000000000000000000000000000"
84778,84234,160,544,"00000000000000000000000000000000000000000000000000000000000000000000000000000000000000000000000000000000000000000000000000000005000000000000000000000000000000000000000000000000000000000000000000000000000000000000000000000000000000000000000000000000000001400000000000000000000000000000000000000000000000000000000000000041"
85002,65930,97,19072,"1c0000000000000000000000000000000000000000000000000000000000000082e7088080000000000000000000000000000000000000000000000000000000000000000000000000000000000000000000000001eff901ec80842aea54008301"
85099,50315,222,34784,"591c940872ec4426103482a50f26ffc32acefcec61b3c980b901c4d4dfd6bc0000000000000000000000000000000000000000000000000000000000000000000000000000000000000000000000000000000000000000000000000000000000000000000000000000000000000000000000000000000000000000000000000000000000000000000000000000000000000000000000000000000000000001000000000000000000000000000000000000000000000000000000000000000100000000000000000000000000000000000000000000000000000000652213"
85322,84778,160,544,"00000000000000000000000000000000000000000000000000000000000000000000000000000000000000000000000000000000000000000000000000000005000000000000000000000000000000000000000000000000000000000000000000000000000000000000000000000000000000000000000000000000000001400000000000000000000000000000000000000000000000000000000000000041"
85546,51306,87,34240,"1c0000000000000000000000000000000000000000000000000000000000000082e70880800000000000000000000000000000000000000000000000000000000000000000000000000000000000000000000000002ceb"
85633,31713,10,53920,"59842aea540082520894"
85663,51519,66,34144,"865af3107a40008082e70880800000000000000000000000000000000000000000000000000000000000000000000000000000000000000000000000000000002ceb"
85729,85633,10,96,"59842aea540082520894"
85759,85663,76,96,"865af3107a40008082e70880800000000000000000000000000000000000000000000000000000000000000000000000000000000000000000000000000000002ceb59842aea540082520894"
85855,51615,97,34240,"865af3107a40008082e7088080000000000000000000000000000000000000000000000000000000000000000000000000000000000000000000000000000000000000000000000000000000000000000000000000000000000000000000000294"
85960,84407,2,1553,"00f5"
85972,51812,40,34160,"b8ff877ed78ba520ece21b1de7843a8a57ca47cbe93685f3bba03016f02bd1828badd6195988d950"
86012,85992,80,20,"e93685f3bba03016f02bd1828badd6195988d950e93685f3bba03016f02bd1828badd6195988d950e93685f3bba03016f02bd1828badd6195988d950e93685f3bba03016f02bd1828badd6195988d950"
86092,77642,20,8450,"3d391afffed2255a2dd00325c3a96a5a8e023ff8"
86112,78300,20,7812,"484090e5aa4fd417d71ccf24b14b39cc84c2f5ea"
86192,79366,20,6826,"bcb1ebb4b6b93814be97b401302425ff2e2a06e0"
86212,80074,20,6138,"10103d79ac194eb0c4cc75742bda65c18dff335b"
86232,67972,20,18260,"b5397e1f154bd72dacdafbb748e772e49e0d2d35"
86252,80666,20,5586,"8d65261991d6f69e666625ef7aeab9f18e883136"
86272,81065,20,5207,"bc1fcfdcc84f22e7a88bcb485dd96e935f41455b"
86292,81497,20,4795,"4d495f3715f699bc564f19b1bdd8a3c3402ead07"
86352,81988,20,4364,"f989d774bca0fe1263f023a3374762a42662cce5"
86372,82246,20,4126,"b2bd690c1b76691fdb78dbb4262069ee43e29d92"
86432,82868,20,3564,"98496d49f8aedd373542d7aa4163d17d19d1c77b"
86452,83188,20,3264,"e97bd1d05079f3f6130783a565419799af953cea"
86552,52352,20,34200,"c65347b43019f8f453d7b486d259fd6146da334e"
86572,52332,20,34240,"40082e6f1c15d2b27b3de80cb7ad04e9ed121900"
86592,52312,20,34280,"f269e8574583c27fe74b69b3f998a64efd8d0448"
86612,85906,44,706,"0000000000000000000000000000000000000000000000000000000000000000000000000000000000000000"
86688,68544,31,18144,"0000000000000000000000000000000000000000000000000000000064fa86"
86720,82363,62,4357,"00000000000000000000000000000000000000000000000000000000000000c0000000000000000000000000000000000000000000000000000000000000"
86782,53534,33,33248,"398000000000000000000000000000000000000000000000000000000000000039"
86816,69600,62,17216,"0000000000000000000000000000000000000000000000000000000000003b80000000000000000000000000000000000000000000000000000000000000"
86878,54040,2,32838,"0016"
86880,85920,31,960,"00000000000000000000000000000000000000000000000000000000000002"
86911,52671,32,34240,"c000000000000000000000000000000000000000000000000000000000000005"
86944,86912,30,32,"000000000000000000000000000000000000000000000000000000000000"
86976,86944,30,32,"000000000000000000000000000000000000000000000000000000000000"
87008,73826,31,13182,"0000000000000000000000000000000000000000000000000000000000000d"
87040,87008,31,32,"0000000000000000000000000000000000000000000000000000000000000d"
87072,33568,31,53504,"00000000000000000000000000000000000000000000000000000000000017"
87104,73914,31,13190,"00000000000000000000000000000000000000000000000000000000000023"
87135,69023,32,18112,"c000000000000000000000000000000000000000000000000000000000000025"
87167,33663,32,53504,"a000000000000000000000000000000000000000000000000000000000000027"
87199,82202,32,4997,"0000000000000000000000000000000000000000000000000000000000000028"
87232,69152,31,18080,"0000000000000000000000000000000000000000000000000000000000002a"
87264,85793,31,1471,"0000000000000000000000000000000000000000000000000000000000002c"
87296,69216,95,18080,"0000000000000000000000000000000000000000000000000000000000002d800000000000000000000000000000000000000000000000000000000000002ec000000000000000000000000000000000000000000000000000000000000030"
87391,69343,32,18048,"0000000000000000000000000000000000000000000000000000000000000032"
87424,69408,31,18016,"00000000000000000000000000000000000000000000000000000000000034"
87456,69793,31,17663,"00000000000000000000000000000000000000000000000000000000000036"
87488,56527,31,30961,"00000000000000000000000000000000000000000000000000000000000037"
87520,87488,31,32,"00000000000000000000000000000000000000000000000000000000000037"
87551,69535,32,18016,"e000000000000000000000000000000000000000000000000000000000000038"
87583,81115,32,6468,"4000000000000000000000000000000000000000000000000000000000000002"
87615,69919,7,17696,"32f9022f830306"
87628,69932,128,17696,"83048d9c94cb566e3b6934fa77258d68ea18e931fa75e1aaaa80b902046c459a2800000000000000000000000038de71124f7a447a01d67945a51edce9ff49125100000000000000000000000000000000000000000000000000000000000000800000000000000000000000000000000000000000000000000000000064fada"
87757,70061,99,17696,"00000000000000000000000000000000000000000000000000000000000001400000000000000000000000000000000000000000000000000000000000000084704316e500000000000000000000000000000000000000000000000000000000000000"
87884,87855,1,29,"00"
87889,81465,32,6424,"0000000000000000000000000000000000000000000000000000000000000014"
87921,87857,63,64,"102cec8ca91d0681815178f12e68b5ce77589f3dd977f8baf542ce0066b65b3600000000000000000000000000000000000000000000000000000000000000"
87984,85550,29,2434,"0000000000000000000000000000000000000000000000000000000082"
88142,55662,80,32480,"1b00000000000000000000000000000000000000000000000000000000000082e70880800000000000000000000000000000000000000000000000000000000000000000000000000000000000000000"
88222,87614,8,608,"0232f9022f830306"
88231,87623,234,608,"843a1fdf5a83048d9c94cb566e3b6934fa77258d68ea18e931fa75e1aaaa80b902046c459a2800000000000000000000000038de71124f7a447a01d67945a51edce9ff49125100000000000000000000000000000000000000000000000000000000000000800000000000000000000000000000000000000000000000000000000064fada9500000000000000000000000000000000000000000000000000000000000001400000000000000000000000000000000000000000000000000000000000000084704316e5000000000000000000000000000000000000000000000000000000000000006f"
88497,87889,32,608,"0000000000000000000000000000000000000000000000000000000000000014"
88529,88465,63,64,"4a2663c0e09b1af239bac938de18c35fcf11e654265df7f788c4e2c4c594e89000000000000000000000000000000000000000000000000000000000000000"
88592,88145,29,447,"0000000000000000000000000000000000000000000000000000000082"
88750,55662,81,33088,"1b00000000000000000000000000000000000000000000000000000000000082e7088080000000000000000000000000000000000000000000000000000000000000000000000000000000000000000003"
88844,61333,23,27511,"6c9480e38291e06339d10aab483c65695d004dbd5c6987"
88872,42505,4,46367,"0000b903"
88877,61366,64,27511,"2cc4081e000000000000000000000000000000000000000000000000000000000000006000000000000000000000000000000000000000000000000000000000"
88944,82007,31,6937,"e50000000000000000000000000000000000000000000000000000000064fa"
88977,61466,153,27511,"000000000000000000000000000000000000000000000000000000000000000100000000000000000000000000000000000000000000000000000000000000200000000000000000000000000000000000000000000000000000000000000060000000000000000000000000000000000000000000000000000000000000000000000000000000000000000000000000000000000000000000"
89130,88867,7,263,"470de4df820000"
89137,63483,108,25654,"000000000000000000000000000000000000000000000000000000000000000200000000000000000000000000000000000000000000000000000000000000400000000000000000000000000000000000000000000000000000000000000160000000000000000000000000"
89245,63111,192,26134,"7f72e0d8e9abf9133a92322b8b50bd8e0f9dcfcb0000000000000000000000000000000000000000000000000000000000000080000000000000000000000000000000000000000000000000000000000000000000000000000000000000000000000000000000000000000000000000000001000000000000000000000000000000000000000000000000000000000000000060000000000000000000000000e5d7c2a44ffddf6b295a15c148167daaaf5cf34f000000000000000000000000"
89437,63783,256,25654,"4cbab02a5448605e95181489b6ec0404e721eb85000000000000000000000000000000000000000000000000000000000000000000000000000000000000000000000000000000000000000000000000000000000000000000000000000000004cbab02a5448605e95181489b6ec0404e721eb850000000000000000000000000000000000000000000000000000000000000080000000000000000000000000000000000000000000000000000000000000000000000000000000000000000000000000000000000000000000000000000001000000000000000000000000000000000000000000000000000000000000000060000000000000000000000000"
89693,82182,32,7511,"7d43aabc515c356145049227cee54b608342c0ad000000000000000000000000"
89725,32576,20,57149,"c9eee68292a3f290b4b33e58b1b1dba695665d9f"
89745,75410,64,14335,"00000000000000000000000000000000000000000000000000000000000000020000000000000000000000000000000000000000000000000000000000000000"
89809,59025,46,30784,"82e70880800000000000000000000000000000000000000000000000000000000000000000000000000000000001"
89855,56863,10,32992,"9702f9019382e708821a"
89866,88836,4,1030,"8430682c"
89871,56879,8,32992,"8502540be4008304"
89881,56889,137,32992,"9473ce60416035b8d7019f6399778c14ccf5c9c7a180b90164b07475160000000000000000000000000000000000000000000000000000000000000000000000000000000000000000eeeeeeeeeeeeeeeeeeeeeeeeeeeeeeeeeeeeeeee000000000000000000000000eeeeeeeeeeeeeeeeeeeeeeeeeeeeeeeeeeeeeeee000000000000000000000000"
90038,86982,25,3056,"0000000000000000000000000000000000000000000000000b"
90067,86979,28,3088,"0000000000000000000000000000000000000000000000000000000b"
90099,27063,65,63036,"0000000000000000000000000000000000000000000000000000000000000000000120000000000000000000000000000000000000000000000000000000000000"
90164,57172,33,32992,"01440000000000000000000000000000000000000000000000000000000000011f"
90198,57206,104,32992,"00000000000000000000000000000000000000000000000000000000000000000000000000000000000000000000000000000000000000000000000000000000c0000000000000000000000000000000000000000000000000000000000000000000000000000000"
90302,87261,2,3041,"002a"
90306,88836,5,1470,"8430682c25"
90314,82740,27,7574,"94cce9d3f392c135dc038b147ca73ec496f7f89d938084183ff085"
90341,85863,57,4478,"82e708808000000000000000000000000000000000000000000000000000000000000000000000000000000000000000000000000000000000"
90399,48031,3,42368,"f402f9"
90403,48035,4,42368,"f082e708"
90408,78376,11,12032,"84305c0e0f84305c0e0f83"
90422,39926,21,50496,"946352a56caadc4f1e25cd6c75970fa768a3304e64"
90447,39958,112,50489,"90411a320000000000000000000000002b5f704ab7061fb4dbfc5876b024f4bdb2f5e8b6000000000000000000000000000000000000000000000000000000000000006000000000000000000000000000000000000000000000000000000000000001c0000000000000000000000000"
90559,81001,32,9558,"176211869ca2b568f2a7d4ee941e073a821ee1ff000000000000000000000000"
90591,89986,32,605,"eeeeeeeeeeeeeeeeeeeeeeeeeeeeeeeeeeeeeeee000000000000000000000000"
90623,90463,32,160,"2b5f704ab7061fb4dbfc5876b024f4bdb2f5e8b6000000000000000000000000"
90675,80157,29,10518,"0000000000000000000000000000000000000000000000000000000004"
90706,90677,26,29,"0000000000000000000000000000000000000000000000000000"
90739,90707,25,32,"00000000000000000000000000000000000000000000000000"
90771,89745,44,1026,"0000000000000000000000000000000000000000000000000000000000000002000000000000000000000000"
90835,40346,158,50489,"0000000000000000000000000000000000000000000000000000000000000140000000000000000000000000000000000000000000000000000000000000000000000000000000000000000000000000000000000000000000000000000000040000000000000000000000000000000000000000000000000000000000000080000000000000000000000000000000000000000000000000000000000000"
90994,40505,32,50489,"4000000000000000000000000000000000000000000000000000000000000004"
91027,75958,63,15069,"000000000000000000000000000000000000000000000000000000000000058000000000000000000000000000000000000000000000000000000000000000"
91090,41085,196,50005,"000000000000000000000000000000000000000000000000000000000000000000000000000000000000000000000000000000000000000000000000000000000000000000000000000000000000000000000000000000000000000000000000800000000000000000000000000000000000000000000000000000000000000104aeba9ec1000000000000000000000000e8190c17f5071b98e3d3ab1d6a8e711884e10d2200000000000000000000000000000000000000000000000000000000000000"
91287,90675,44,612,"0000000000000000000000000000000000000000000000000000000004c4b400000000000000000000000000"
91331,41326,84,50005,"2b5f704ab7061fb4dbfc5876b024f4bdb2f5e8b600000000000000000000000000000000000000000000000000000000000000a0000000000000000000000000000000000000000000000000000000000000002e"
91415,90559,22,856,"176211869ca2b568f2a7d4ee941e073a821ee1ff0000"
91438,89405,22,2033,"e5d7c2a44ffddf6b295a15c148167daaaf5cf34f0000"
91461,41484,204,49977,"000000000000000000000000000000000000000000000000000000000000000000000000000000000000000000000000000000000000000000000000000000000000000000000000000000000000000000000000000000000000000000000000000000000000000000000000000000000000000000000000000000000000000000000000000000000000000000000000000000000000000000000000000000000000000000000000000000000080000000000000000000000000000000000000000000000000000000000000"
91667,40922,131,50745,"9f865422000000000000000000000000e5d7c2a44ffddf6b295a15c148167daaaf5cf34f0000000000000000000000000000000100000000000000000000000000000001000000000000000000000000000000000000000000000000000000000000008000000000000000000000000000000000000000000000000000000000000000"
91799,40570,89,51229,"000000000000000000000000e5d7c2a44ffddf6b295a15c148167daaaf5cf34f000000000000000000000000000000000000000000000000000000000000000000000000000000000000000000000000000000000000000000"
91888,42199,70,49689,"00000000000000000000000000000000000000000000000000000000000000000000000000008000000000000000000000000000000000000000000000000000000000000000"
91959,77966,35,13993,"2e1a7d4d00000000000000000000000000000000000000000000000000000000000000"
91995,41474,232,50521,"0000000000000000000000000000000000000000000000000000000000000000000000000000000000000000000000000000000000000000000000000000000000000000000000000000000000000000000000000000000000000000000000000000000000000000000000000000000000000000000000000000000000000000000000000000000000000000000000000000000000000000000000000000000000000000000000000000000000000000000000000000008000000000000000000000000000000000000000000000000000000000000000648a6a1e85000000000000000000000000"
92227,90591,32,1636,"eeeeeeeeeeeeeeeeeeeeeeeeeeeeeeeeeeeeeeee000000000000000000000000"
92259,41738,45,50521,"353c1f0bc78fbbc245b3c93ef77b1dcc5b77d2a027100000000000000000000000000000000000000000000000"
92304,90764,38,1540,"ac9c2febaba9f200000000000000000000000000000000000000000000000000000000000000"
92342,41821,173,50521,"000000000000000000000000000000000000000000000000000000000000000000000000000000000000000000000000000000000000000000000000000000000000000000000000000000000000000000000000000000000000000000000000000000000000000000000000000000000000000000000000000000008000000000000000000000000000000000000000000000000000000000000001a49f865422000000000000000000000000"
92515,57765,35,34750,"eeeeeeeeeeeeeeeeeeeeeeeeeeeeeeeeeeeeeeee000000000000000000000000000000"
92550,42029,256,50521,"01000000000000000000000000000000010000000000000000000000000000000000000000000000000000000000000080000000000000000000000000000000000000000000000000000000000000004400000000000000000000000000000000000000000000000000000000000000000000000000000000000000000000000000000000000000000000000000000000000000000000000000000000000000000000000000000000000000000000000000000000000000000000000000000000000000000000000000000000000000800000000000000000000000000000000000000000000000000000000000000064d1660f990000000000000000000000"
92550,42029,1,50521,"01"
92807,92515,32,292,"eeeeeeeeeeeeeeeeeeeeeeeeeeeeeeeeeeeeeeee000000000000000000000000"
92839,90655,48,2184,"7930bacd144214537ec096bfdaf23c1ab5b75ad400000000000000000000000000000000000000000000000000000000"
92887,42366,96,50521,"000000010000000000000000000000000000000000000000000000000000000000000000000000000000000000000000000000000000000000000000c00000000000000000000000000000000000000000000000000000000000000000000000"
92983,90087,8,2896,"000000000000000b"
92991,62015,3,30976,"d402f9"
92995,62019,4,30976,"d082e708"
93000,79208,12,13792,"842ee8a736842ee8a7408304"
93014,90422,23,2592,"946352a56caadc4f1e25cd6c75970fa768a3304e6480b9"
93038,39957,113,53081,"a490411a320000000000000000000000002b5f704ab7061fb4dbfc5876b024f4bdb2f5e8b6000000000000000000000000000000000000000000000000000000000000006000000000000000000000000000000000000000000000000000000000000001c0000000000000000000000000"
93151,90559,96,2592,"176211869ca2b568f2a7d4ee941e073a821ee1ff000000000000000000000000eeeeeeeeeeeeeeeeeeeeeeeeeeeeeeeeeeeeeeee0000000000000000000000002b5f704ab7061fb4dbfc5876b024f4bdb2f5e8b6000000000000000000000000"
93247,86232,20,7015,"b5397e1f154bd72dacdafbb748e772e49e0d2d35"
93267,80337,32,12930,"000000000000000000000000000000000000000000000000000000000007a120"
93299,83109,27,10190,"00000000000000000000000000000000000000000000000000010d"
93331,39013,27,54318,"000000000000000000000000000000000000000000000000000115"
93363,90771,44,2592,"0000000000000000000000000000000000000000000000000000000000000002000000000000000000000000"
93410,93406,1,4,"00"
93426,90133,32,3293,"2000000000000000000000000000000000000000000000000000000000000001"
93459,85322,95,8137,"0000000000000000000000000000000000000000000000000000000000000000000000000000000000000000000000000000000000000000000000000000000500000000000000000000000000000000000000000000000000000000000000"
93555,57593,44,35962,"0000000000000000000000000000000000000000000000000000000000000300000000000000000000000000"
93599,68748,50,24851,"0000000000000000000000000000000000000420000000000000000000000000000000000000000000000000000000000000"
93651,86944,31,6707,"00000000000000000000000000000000000000000000000000000000000007"
93683,41818,256,51865,"000000000000000000000000000000000000000000000000000000000000000000000000000000000000000000000000000000000000000000000000000000000000000000000000000000000000000000000000000000000000000000000000000000000000000000000000000000000000000000000000000000000000008000000000000000000000000000000000000000000000000000000000000001a49f865422000000000000000000000000176211869ca2b568f2a7d4ee941e073a821ee1ff000000000000000000000000000000010000000000000000000000000000000100000000000000000000000000000000000000000000000000000000"
93683,41818,244,51865,"000000000000000000000000000000000000000000000000000000000000000000000000000000000000000000000000000000000000000000000000000000000000000000000000000000000000000000000000000000000000000000000000000000000000000000000000000000000000000000000000000000000000008000000000000000000000000000000000000000000000000000000000000001a49f865422000000000000000000000000176211869ca2b568f2a7d4ee941e073a821ee1ff000000000000000000000000000000010000000000000000000000000000000100000000000000000000000000000000"
94203,91963,248,2240,"0000000000000000000000000000000000000000000000000000000000000001000000000000000000000000000000000000000000000000000000000000000000000000000000000000000000000000000000000000000000000000000000000000000000000000000000000000000000000000000000000000000000000000000000000000000000000000000000000000000000000000000000000000000000000000000000000000000000000000000000000000000000000000000000000000000000000000000000000000000000000000000000800000000000000000000000000000000000000000000000000000000000000064"
94455,86838,9,7617,"00000000000000003b"
94467,94183,32,284,"04dbd3a597fee8a8c7ea9d02ee3cdd1a6fb05bfc000000000000000000000000"
94499,40102,64,54397,"176211869ca2b568f2a7d4ee941e073a821ee1ff0000000000000000000000002b5f704ab7061fb4dbfc5876b024f4bdb2f5e8b6000000000000000000000000"
94563,91491,256,3072,"00000000000000000000000000000000000000000000000000000000000000000000000000000000000000000000000000000000000000000000000000000000000000000000000000000000000000000000000000000000000000000000000000000000000000000000000000000000000000000000000000000000000000000000000000000000000000000000008000000000000000000000000000000000000000000000000000000000000001649f865422000000000000000000000000e5d7c2a44ffddf6b295a15c148167daaaf5cf34f0000000000000000000000000000000100000000000000000000000000000001000000000000000000000000"
94563,91491,256,3072,"00000000000000000000000000000000000000000000000000000000000000000000000000000000000000000000000000000000000000000000000000000000000000000000000000000000000000000000000000000000000000000000000000000000000000000000000000000000000000000000000000000000000000000000000000000000000000000000008000000000000000000000000000000000000000000000000000000000000001649f865422000000000000000000000000e5d7c2a44ffddf6b295a15c148167daaaf5cf34f0000000000000000000000000000000100000000000000000000000000000001000000000000000000000000"
94563,91491,256,3072,"00000000000000000000000000000000000000000000000000000000000000000000000000000000000000000000000000000000000000000000000000000000000000000000000000000000000000000000000000000000000000000000000000000000000000000000000000000000000000000000000000000000000000000000000000000000000000000000008000000000000000000000000000000000000000000000000000000000000001649f865422000000000000000000000000e5d7c2a44ffddf6b295a15c148167daaaf5cf34f0000000000000000000000000000000100000000000000000000000000000001000000000000000000000000"
94563,91491,45,3072,"000000000000000000000000000000000000000000000000000000000000000000000000000000000000000000"
95376,93356,38,2020,"0115eaa4dd83af00000000000000000000000000000000000000000000000000000000000000"
95414,92342,256,3072,"000000000000000000000000000000000000000000000000000000000000000000000000000000000000000000000000000000000000000000000000000000000000000000000000000000000000000000000000000000000000000000000000000000000000000000000000000000000000000000000000000000008000000000000000000000000000000000000000000000000000000000000001a49f865422000000000000000000000000eeeeeeeeeeeeeeeeeeeeeeeeeeeeeeeeeeeeeeee000000000000000000000000000000010000000000000000000000000000000100000000000000000000000000000000000000000000000000000000000000"
95414,92342,241,3072,"000000000000000000000000000000000000000000000000000000000000000000000000000000000000000000000000000000000000000000000000000000000000000000000000000000000000000000000000000000000000000000000000000000000000000000000000000000000000000000000000000000008000000000000000000000000000000000000000000000000000000000000001a49f865422000000000000000000000000eeeeeeeeeeeeeeeeeeeeeeeeeeeeeeeeeeeeeeee000000000000000000000000000000010000000000000000000000000000000100000000000000000000000000000000"
95911,93247,49,2664,"b5397e1f154bd72dacdafbb748e772e49e0d2d350000000000000000000000000000000000000000000000000000000000"
95960,92888,102,3072,"0000010000000000000000000000000000000000000000000000000000000000000000000000000000000000000000000000000000000000000000c0000000000000000000000000000000000000000000000000000000000000000000000000000000000000"
96064,89856,3,6208,"02f901"
96068,92996,3,3072,"82e708"
96072,93000,11,3072,"842ee8a736842ee8a74083"
96102,33100,3,63002,"1372e9"
96122,93510,13,2612,"00000000000000000000000005"
96154,81305,44,14849,"00000000000000000000000000000000000000000000000000000000000000b8000000000000000000000000"
96198,59261,49,36937,"00000000000000000000000000000000000000e00000000000000000000000000000000000000000000000000000000000"
96250,96235,12,15,"000000000000000000000000"
96282,89585,63,6697,"000000000000000000000000000000000000000000000000000000000000000000000000000000000000000000000000000000000000000000000000000001"
96346,88497,32,7849,"0000000000000000000000000000000000000000000000000000000000000014"
96378,96134,51,244,"05ca4c1bf15f21e555753e883aaed535294c54a900000000000000000000000000000000000000000000000000000000000000"
96429,59364,44,37065,"0000000000000000000000002200010000000000000000000000000000000000000000000000000000000000"
96476,61948,67,34528,"000000000000000000000000000000000000000000000000000000000000c0000000000000000000000000000000000000000000000000000000000000000000000001"
96543,78751,8,17792,"3302f9012f82e708"
96552,78760,138,17792,"842ee8a736842ee8a740827e5494d1a3abf42f9e66be86cfdea8c5c2c74f041c5e1480b901045b7d7482000000000000000000000000000000000000000000000000000000000000004000000000000000000000000000000000000000000000000000000000000000a00000000000000000000000000000000000000000000000000000000000000040"
96696,45839,3,50857,"343239"
96715,59928,3,36787,"653238"
96719,47584,3,49135,"633234"
96738,47924,3,48814,"643934"
96741,96731,3,10,"646565"
96745,45803,3,50942,"633562"
96754,78962,33,17792,"000000000000000000000000000000000000000000000000000000000000004035"
96790,47579,3,49211,"383436"
96800,45743,3,51057,"333739"
96805,45810,3,50995,"333333"
96809,47617,3,49192,"616532"
96836,79038,3,17798,"393162"
96843,45808,3,51035,"386233"
96846,45831,3,51015,"306133"
96850,46962,53,49888,"c000000000000000000000000000000000000000000000000000000000000000000000000000000000000000011a02f9011682e708"
96903,82087,3,14816,"80842e"
96906,81258,10,15648,"e6e1d4842ee6e1dd8307"
96918,81270,22,15648,"948731d54e9d02c286767d56ac03e8037c07e01e9887"
96947,81299,37,15648,"b8e41114cd2a00000000000000000000000000000000000000000000000000000000000000"
96985,96972,12,13,"000000000000000000000000"
97017,96626,57,391,"00000000000000000000000000000000000000000000000000000000000000a000000000000000000000000000000000000000000000000000"
97079,90276,28,6803,"0000000000000000000000000000000000000000000000000000002a"
97112,81464,33,15648,"000000000000000000000000000000000000000000000000000000000000000014"
97145,96997,32,148,"a6dcc0056ca757181cd7ad5cdf0f80fa73c1555c000000000000000000000000"
97177,61273,38,35904,"c000000000000000000000000000000000000000000000000000000000000000000000000002"
97216,79552,3,17664,"02f902"
97220,96900,3,320,"82e708"
97224,96904,11,320,"842ee6e1d4842ee6e1dd83"
97238,62038,23,35200,"94f82537fb6c56a3b50092d3951f84f5f6c835b4f580b9"
97263,80789,35,16474,"5ae401dc0000000000000000000000000000000000000000000000000000000064fa87"
97299,96594,63,705,"000000000000000000000000000000000000000000000000000000000000004000000000000000000000000000000000000000000000000000000000000000"
97362,89168,77,8194,"0200000000000000000000000000000000000000000000000000000000000000400000000000000000000000000000000000000000000000000000000000000160000000000000000000000000"
97439,62207,132,35232,"00000000000000000000000000000000000000e404e45aaf000000000000000000000000176211869ca2b568f2a7d4ee941e073a821ee1ff000000000000000000000000e5d7c2a44ffddf6b295a15c148167daaaf5cf34f00000000000000000000000000000000000000000000000000000000000009c4000000000000000000000000"
97571,97343,48,228,"000000000000000000000000000000000000000200000000000000000000000000000000000000000000000000000000"
97623,93561,25,4062,"00000000000000000000000000000000000000000000000003"
97655,95739,91,1916,"00000000000000000000000000000000000000000000000000000000000000000000000000000000000000000000000000000000000000000000000000000000000000000000000000000000000000000000000000000000000000"
97751,97623,44,128,"0000000000000000000000000000000000000000000000000390176439dc2717000000000000000000000000"
97815,78679,80,19136,"00000000000000000000000000000000000000000000000000000000c0000000000000000000000000000000000000000000000000000000000000000000000000000000000000013302f9012f82e708"
97896,97224,10,672,"842ee6e1d4842ee6e1dd"
97906,59666,129,38240,"827e5494d1a3abf42f9e66be86cfdea8c5c2c74f041c5e1480b901045b7d7482000000000000000000000000000000000000000000000000000000000000004000000000000000000000000000000000000000000000000000000000000000a0000000000000000000000000000000000000000000000000000000000000004030"
98041,46920,3,51121,"316635"
98049,46908,3,51141,"653335"
98053,59920,3,38133,"383761"
98061,47972,3,50089,"383664"
98067,47601,3,50466,"343763"
98078,79002,3,19076,"666663"
98086,45716,3,52370,"623338"
98089,79007,3,19082,"663338"
98092,46824,3,51268,"313135"
98098,98002,32,96,"0000000000000000000000000000000000000000000000000000000000000040"
98152,47925,3,50227,"393463"
98157,96725,3,1432,"623632"
98164,98066,3,98,"613437"
98176,47969,3,50207,"663638"
98194,96850,45,1344,"c00000000000000000000000000000000000000000000000000000000000000000000000000000000000000001"
98239,83135,53,15104,"0df9010a01842aea5400829d78940872ec4426103482a50f26ffc32acefcec61b3c980b8e4f242432a000000000000000000000000"
98292,86492,20,11800,"d257d0d7330fad7cf0642d8b64043b591fb69d05"
98312,82888,256,15424,"000000000000000000000000aec3cacef9457ff2821d9f85429ce3d90b0014590000000000000000000000000000000000000000000000000000000000000005000000000000000000000000000000000000000000000000000000000000000100000000000000000000000000000000000000000000000000000000000000a00000000000000000000000000000000000000000000000000000000000000000000000000000000000000000000000000000000000000000000000000000000082e708808000000000000000000000000000000000000000000000000000000000000000000000000000000000000000000000000000010df9010a01842aea54"
98312,82888,44,15424,"000000000000000000000000aec3cacef9457ff2821d9f85429ce3d90b001459000000000000000000000000"
98612,86512,20,12100,"c3eeab7ae6a46caf3202928441ce2c52a2189815"
98632,98312,256,320,"000000000000000000000000aec3cacef9457ff2821d9f85429ce3d90b0014590000000000000000000000000000000000000000000000000000000000000005000000000000000000000000000000000000000000000000000000000000000100000000000000000000000000000000000000000000000000000000000000a00000000000000000000000000000000000000000000000000000000000000000000000000000000000000000000000000000000000000000000000000000000082e708808000000000000000000000000000000000000000000000000000000000000000000000000000000000000000000000000000010df9010a01842aea54"
98632,98312,44,320,"000000000000000000000000aec3cacef9457ff2821d9f85429ce3d90b001459000000000000000000000000"
98932,86472,20,12460,"27925219755c61eaddd1d5cecad4478ee4845075"
98952,83208,256,15744,"000000000000000000000000aec3cacef9457ff2821d9f85429ce3d90b0014590000000000000000000000000000000000000000000000000000000000000005000000000000000000000000000000000000000000000000000000000000000100000000000000000000000000000000000000000000000000000000000000a00000000000000000000000000000000000000000000000000000000000000000000000000000000000000000000000000000000000000000000000000000000082e70880800000000000000000000000000000000000000000000000000000000000000000000000000000000000000000000000000001eff901ec80842aea54"
98952,83208,224,15744,"000000000000000000000000aec3cacef9457ff2821d9f85429ce3d90b0014590000000000000000000000000000000000000000000000000000000000000005000000000000000000000000000000000000000000000000000000000000000100000000000000000000000000000000000000000000000000000000000000a00000000000000000000000000000000000000000000000000000000000000000000000000000000000000000000000000000000000000000000000000000000082e7088080000000000000000000000000000000000000000000000000000000"
99434,85322,160,14112,"00000000000000000000000000000000000000000000000000000000000000000000000000000000000000000000000000000000000000000000000000000005000000000000000000000000000000000000000000000000000000000000000000000000000000000000000000000000000000000000000000000000000001400000000000000000000000000000000000000000000000000000000000000041"
99658,50762,256,48896,"1c0000000000000000000000000000000000000000000000000000000000000082e7088080000000000000000000000000000000000000000000000000000000000000000000000000000000000000000000000001eff901ec80842aea540083015f90940872ec4426103482a50f26ffc32acefcec61b3c980b901c4d4dfd6bc0000000000000000000000000000000000000000000000000000000000000000000000000000000000000000000000000000000000000000000000000000000000000000000000000000000000000000000000000000000000000000000000000000000000000000000000000000000000000000000000000000000000000001"
99658,50762,63,48896,"1c0000000000000000000000000000000000000000000000000000000000000082e70880800000000000000000000000000000000000000000000000000000"
99977,93458,96,6519,"400000000000000000000000000000000000000000000000000000000000000000000000000000000000000000000000000000000000000000000000000000000500000000000000000000000000000000000000000000000000000000000000"
100073,48370,66,51703,"000000000000000000000000000000000000000000000000000000000000000140000000000000000000000000000000000000000000000000000000000000004180"
100202,65930,256,34272,"1c0000000000000000000000000000000000000000000000000000000000000082e7088080000000000000000000000000000000000000000000000000000000000000000000000000000000000000000000000001eff901ec80842aea540083015f90940872ec4426103482a50f26ffc32acefcec61b3c980b901c4d4dfd6bc0000000000000000000000000000000000000000000000000000000000000000000000000000000000000000000000000000000000000000000000000000000000000000000000000000000000000000000000000000000000000000000000000000000000000000000000000000000000000000000000000000000000000001"
100202,65930,63,34272,"1c0000000000000000000000000000000000000000000000000000000000000082e70880800000000000000000000000000000000000000000000000000000"
100522,99978,160,544,"00000000000000000000000000000000000000000000000000000000000000000000000000000000000000000000000000000000000000000000000000000005000000000000000000000000000000000000000000000000000000000000000000000000000000000000000000000000000000000000000000000000000001400000000000000000000000000000000000000000000000000000000000000041"
100745,85001,85,15744,"ba1c0000000000000000000000000000000000000000000000000000000000000082e70880800000000000000000000000000000000000000000000000000000000000000000000000000000000000000000000000"
100830,67102,53,33728,"00ecf8ea01842aea5400829b28940872ec4426103482a50f26ffc32acefcec61b3c980b8c4f242432a000000000000000000000000"
100883,86532,20,14351,"51ab60f06b50e83bbecdf0905b988f726d226c59"
100903,67175,218,33728,"00000000000000000000000001e4a663fffaf1430d3a36588b2c14b72231d8b40000000000000000000000000000000000000000000000000000000000000005000000000000000000000000000000000000000000000000000000000000000100000000000000000000000000000000000000000000000000000000000000a0000000000000000000000000000000000000000000000000000000000000000082e70880800000000000000000000000000000000000000000000000000000000000000000000000000000000000000000000000000000002ceb"
101121,85825,10,15296,"59842aea540082520894"
101151,67423,68,33728,"865af3107a40008082e70880800000000000000000000000000000000000000000000000000000000000000000000000000000000000000000000000000000002eed8202"
101220,101122,9,98,"842aea540082520894"
101249,67521,64,33728,"8654953ff6d0008082e7088080000000000000000000000000000000000000000000000000000000000000000000000000000000000000000000000000002ceb"
101314,101220,9,94,"842aea540082520894"
101343,85855,95,15488,"865af3107a40008082e708808000000000000000000000000000000000000000000000000000000000000000000000000000000000000000000000000000000000000000000000000000000000000000000000000000000000000000000000"
101440,85972,20,15468,"b8ff877ed78ba520ece21b1de7843a8a57ca47cb"
101460,101440,20,20,"b8ff877ed78ba520ece21b1de7843a8a57ca47cb"
101480,89725,20,11755,"c9eee68292a3f290b4b33e58b1b1dba695665d9f"
101500,67812,20,33688,"b35f9aac007666cacd0520b68d59d682262db7da"
101540,92839,20,8701,"7930bacd144214537ec096bfdaf23c1ab5b75ad4"
101560,95911,20,5649,"b5397e1f154bd72dacdafbb748e772e49e0d2d35"
101580,96378,20,5202,"05ca4c1bf15f21e555753e883aaed535294c54a9"
101620,97145,20,4475,"a6dcc0056ca757181cd7ad5cdf0f80fa73c1555c"
101640,97795,20,3845,"8a8c879d39a74fce0593714956bb7ed048a5c1bf"
101680,86492,40,15188,"d257d0d7330fad7cf0642d8b64043b591fb69d05c3eeab7ae6a46caf3202928441ce2c52a2189815"
101720,98932,20,2788,"27925219755c61eaddd1d5cecad4478ee4845075"
101740,85739,20,16001,"73f1beddaf7b65ae9f7272e541608c1b2a5dabaa"
101760,85835,20,15925,"2e9d1842621ed36d47318877078f488d72bd7a3b"
101780,85643,20,16137,"28aa5cfb4a9d4aa8d984c32208d5b0dacb52fef1"
101800,100883,20,917,"51ab60f06b50e83bbecdf0905b988f726d226c59"
101820,68252,100,33568,"9dbad420963e53775a51ea9aad4afa3af6e5d75301e4a663fffaf1430d3a36588b2c14b72231d8b4f6f8b5bc021ff67a9932346447dd7e78aa67422400000000000000000000000000000000000000000000000000000000000000000000000000000000"
101926,100851,3,1075,"82a50f"
101952,86688,31,15264,"0000000000000000000000000000000000000000000000000000000064fa86"
101984,95988,62,5996,"00000000000000000000000000000000000000000000000000000000000000c0000000000000000000000000000000000000000000000000000000000000"
102047,101984,31,63,"00000000000000000000000000000000000000000000000000000000000000"
102080,102048,30,32,"000000000000000000000000000000000000000000000000000000000000"
102112,86625,32,15487,"000000000000000000000000000000000000000000000000000000000000001b"
102144,93555,31,8589,"00000000000000000000000000000000000000000000000000000000000003"
102175,91026,32,11149,"6000000000000000000000000000000000000000000000000000000000000005"
102208,97527,31,4681,"00000000000000000000000000000000000000000000000000000000000009"
102239,87007,63,15232,"800000000000000000000000000000000000000000000000000000000000000d40000000000000000000000000000000000000000000000000000000000000"
102303,97113,32,5190,"0000000000000000000000000000000000000000000000000000000000000014"
102336,86849,31,15487,"00000000000000000000000000000000000000000000000000000000000016"
102368,87072,31,15296,"00000000000000000000000000000000000000000000000000000000000017"
102400,87072,62,15328,"00000000000000000000000000000000000000000000000000000000000017c0000000000000000000000000000000000000000000000000000000000000"
102464,52960,31,49504,"0000000000000000000000000000000000000000000000000000000000001a"
102496,53056,62,49440,"0000000000000000000000000000000000000000000000000000000000001d20000000000000000000000000000000000000000000000000000000000000"
102559,102527,32,32,"200000000000000000000000000000000000000000000000000000000000001f"
102592,89010,31,13582,"00000000000000000000000000000000000000000000000000000000000020"
102624,72954,31,29670,"00000000000000000000000000000000000000000000000000000000000021"
102656,96411,31,6245,"00000000000000000000000000000000000000000000000000000000000022"
102688,95000,31,7688,"00000000000000000000000000000000000000000000000000000000000024"
102720,102688,31,32,"00000000000000000000000000000000000000000000000000000000000024"
102752,87168,94,15584,"00000000000000000000000000000000000000000000000000000000000027000000000000000000000000000000000000000000000000000000000000002840000000000000000000000000000000000000000000000000000000000000"
102848,90273,31,12575,"0000000000000000000000000000000000000000000000000000000000002a"
102880,69184,63,33696,"0000000000000000000000000000000000000000000000000000000000002ce00000000000000000000000000000000000000000000000000000000000002d"
102943,87295,32,15648,"400000000000000000000000000000000000000000000000000000000000002d"
102975,53279,32,49696,"a00000000000000000000000000000000000000000000000000000000000002e"
103007,88191,39,14816,"000000000000000000000000000000000000000000000000000000000000000232f9022f830306"
103052,88236,128,14816,"83048d9c94cb566e3b6934fa77258d68ea18e931fa75e1aaaa80b902046c459a2800000000000000000000000038de71124f7a447a01d67945a51edce9ff49125100000000000000000000000000000000000000000000000000000000000000800000000000000000000000000000000000000000000000000000000064fada"
103180,72224,32,30956,"a100000000000000000000000000000000000000000000000000000000000001"
103212,70092,69,33120,"400000000000000000000000000000000000000000000000000000000000000084704316e5000000000000000000000000000000000000000000000000000000000000006e"
103313,102303,32,1010,"0000000000000000000000000000000000000000000000000000000000000014"
103345,103281,63,64,"021f0888b4fb0435a6790d69ab99122f44a36c2ad4936bf7c45447bf61527ede00000000000000000000000000000000000000000000000000000000000000"
103408,101035,29,2373,"0000000000000000000000000000000000000000000000000000000082"
103566,70446,88,33120,"1c00000000000000000000000000000000000000000000000000000000000082e708808000000000000000000000000000000000000000000000000000000000000000000000000000000000000000000392f9038f830305"
103655,88231,6,15424,"843a1fdf5a83"
103661,72461,128,31200,"13f7c094a658742d33ebd2ce2f0bdff73515aa797fd161d980b90364252f7b01000000000000000000000000000000000000000000000000000000000000006e00000000000000000000000045f1a95a4d3f3836523f5c83673c797f4d4d263b0000000000000000000000000000000000000000000000000000000000043238"
103789,70225,32,33564,"184463a17b50c107a9e9e094bfd6cf5bb27293167dd682b38b08159d76672c4a"
103821,70225,63,33596,"184463a17b50c107a9e9e094bfd6cf5bb27293167dd682b38b08159d76672c4a00000000000000000000000000000000000000000000000000000000000000"
103884,72684,72,31200,"c000000000000000000000000000000000000000000000000000000000000002740000000000000000000000004d73adb72bc3dd368966edd0f0b2148401a178e2000000000000c2"
103957,72757,256,31200,"006e352d8275aae3e0c2404d9f68f6cee084b5beb3dd00b745f1a95a4d3f3836523f5c83673c797f4d4d263b0000000000000000000000000000000000000000000000000000000000000001000000000000000000000000000000000000000000000000000000000000000d000000000000000000000000000000000000000000000000000000000000000d00000000000000000000000000000000000000000000000000000000000000000000000000000000000000000000000000000000000000000000000000000000000000000000000000000000000000000000000000000021327fc3bee522e9850000000000000000000000000000000000000000"
103957,72757,5,31200,"006e352d82"
104225,104157,27,68,"000000000000000000000000000000000000000000000000000000"
104256,102659,28,1597,"00000000000000000000000000000000000000000000000000000022"
104289,104126,58,163,"00000000000000000000000000000000000000000000000000000000000000000000000000000000000000000000000000000000000000000000"
104347,104283,31,64,"2279224c745e00000000000000000000000000000000000000000000000000"
104385,74145,96,30240,"00000000000000000000000000000000000000000000000000000000000001c000000000000000000000000000000000000000000000000000000000000002000000000000000000000000000000000000000000000000000000000000000014"
104501,73301,113,31200,"000000000000000000000000000000000000000000000000000000000000000000000000000000000000000000000000000000000000000082e708808000000000000000000000000000000000000000000000000000000000000000000000000000000000000000000392f9038f830305"
104615,103047,6,1568,"843a26977c83"
104621,73421,128,31200,"13f7c094a658742d33ebd2ce2f0bdff73515aa797fd161d980b90364252f7b01000000000000000000000000000000000000000000000000000000000000006f00000000000000000000000045f1a95a4d3f3836523f5c83673c797f4d4d263b0000000000000000000000000000000000000000000000000000000000043238"
104749,87921,32,16828,"102cec8ca91d0681815178f12e68b5ce77589f3dd977f8baf542ce0066b65b36"
104781,87921,63,16860,"102cec8ca91d0681815178f12e68b5ce77589f3dd977f8baf542ce0066b65b3600000000000000000000000000000000000000000000000000000000000000"
104844,73644,72,31200,"c000000000000000000000000000000000000000000000000000000000000002740000000000000000000000004d73adb72bc3dd368966edd0f0b2148401a178e20000000000008a"
104917,73717,256,31200,"006f701a95707a0290ac8b90b3719e8ee5b21036088300b745f1a95a4d3f3836523f5c83673c797f4d4d263b0000000000000000000000000000000000000000000000000000000000000001000000000000000000000000000000000000000000000000000000000000000d000000000000000000000000000000000000000000000000000000000000000d00000000000000000000000000000000000000000000000000000000000000000000000000000000000000000000000000000000000000000000000000000000000000000000000000000000000000000000000000000023dc4f281e0c4170200000000000000000000000000000000000000000"
104917,73717,5,31200,"006f701a95"
105185,104453,28,732,"00000000000000000000000000000000000000000000000000000014"
105216,104579,28,637,"00000000000000000000000000000000000000000000000000000003"
105249,105086,58,163,"00000000000000000000000000000000000000000000000000000000000000000000000000000000000000000000000000000000000000000000"
105307,105243,31,64,"03b13d476b7700000000000000000000000000000000000000000000000000"
105345,104385,96,960,"00000000000000000000000000000000000000000000000000000000000001c000000000000000000000000000000000000000000000000000000000000002000000000000000000000000000000000000000000000000000000000000000014"
105461,104501,113,960,"000000000000000000000000000000000000000000000000000000000000000000000000000000000000000000000000000000000000000082e708808000000000000000000000000000000000000000000000000000000000000000000000000000000000000000000392f9038f830305"
105574,69926,3,35648,"5d843a"
105577,104617,132,960,"26977c8313f7c094a658742d33ebd2ce2f0bdff73515aa797fd161d980b90364252f7b01000000000000000000000000000000000000000000000000000000000000006f00000000000000000000000045f1a95a4d3f3836523f5c83673c797f4d4d263b0000000000000000000000000000000000000000000000000000000000043238"
105709,88529,32,17180,"4a2663c0e09b1af239bac938de18c35fcf11e654265df7f788c4e2c4c594e890"
105741,88529,63,17212,"4a2663c0e09b1af239bac938de18c35fcf11e654265df7f788c4e2c4c594e89000000000000000000000000000000000000000000000000000000000000000"
105804,104844,72,960,"c000000000000000000000000000000000000000000000000000000000000002740000000000000000000000004d73adb72bc3dd368966edd0f0b2148401a178e20000000000008a"
105877,104917,256,960,"006f701a95707a0290ac8b90b3719e8ee5b21036088300b745f1a95a4d3f3836523f5c83673c797f4d4d263b0000000000000000000000000000000000000000000000000000000000000001000000000000000000000000000000000000000000000000000000000000000d000000000000000000000000000000000000000000000000000000000000000d00000000000000000000000000000000000000000000000000000000000000000000000000000000000000000000000000000000000000000000000000000000000000000000000000000000000000000000000000000023dc4f281e0c4170200000000000000000000000000000000000000000"
105877,104917,5,960,"006f701a95"
106145,102116,28,4029,"0000000000000000000000000000000000000000000000000000001b"
106176,105679,28,497,"00000000000000000000000000000000000000000000000000000004"
106209,90872,59,15337,"0000000000000000000000000000000000000000000000000000000000000000000000000000000000000000000000000000000000000000000004"
106268,106204,30,64,"ec51b48f4a00000000000000000000000000000000000000000000000000"
106305,105345,96,960,"00000000000000000000000000000000000000000000000000000000000001c000000000000000000000000000000000000000000000000000000000000002000000000000000000000000000000000000000000000000000000000000000014"
106421,105461,106,960,"000000000000000000000000000000000000000000000000000000000000000000000000000000000000000000000000000000000000000082e7088080000000000000000000000000000000000000000000000000000000000000000000000000000000000000000003"
106527,57311,8,49216,"5a02f9035682e708"
106535,59075,3,47460,"808430"
106541,106536,4,5,"84309641"
106546,57330,211,49216,"8302e908940cab6977a9c70e04458b740476b498b21401964186d017a6b98000b90324744773f100000000000000000000000000000000000000000000000000000000000001000000000000000000000000000000000000000000000000000000000000000000000000000000000000000000000000000000000000000000000000000000001c142a0a9dc1048d952989b1ac09ebf92d5a10fc522377cbfa9322fb4aa3a94e3e5c39d51d2064bf0ab68698091d1216a9c1b80936fc16ad69b29030d269f04b61000000000000000000000000"
106777,57561,256,49216,"0000000000000000000000000000000000000000000000000000000000000001000000000000000000000000000000000000000000000000000000000000030000000000000000000000000001e4a663fffaf1430d3a36588b2c14b72231d8b4000000000000000000000000000000000000000000000000000000000000000000000000000000000000000000000000000000000000000064fa842764fa926f000000000000000000000000000000000000000000000000000000000000006c000000000000000000000000eeeeeeeeeeeeeeeeeeeeeeeeeeeeeeeeeeeeeeee0000000000000000000000000000000000000000000000000027d486e9818000"
106777,57561,256,49216,"0000000000000000000000000000000000000000000000000000000000000001000000000000000000000000000000000000000000000000000000000000030000000000000000000000000001e4a663fffaf1430d3a36588b2c14b72231d8b4000000000000000000000000000000000000000000000000000000000000000000000000000000000000000000000000000000000000000064fa842764fa926f000000000000000000000000000000000000000000000000000000000000006c000000000000000000000000eeeeeeeeeeeeeeeeeeeeeeeeeeeeeeeeeeeeeeee0000000000000000000000000000000000000000000000000027d486e9818000"
106777,57561,133,49216,"0000000000000000000000000000000000000000000000000000000000000001000000000000000000000000000000000000000000000000000000000000030000000000000000000000000001e4a663fffaf1430d3a36588b2c14b72231d8b400000000000000000000000000000000000000000000000000000000000000000000000000"
107437,97238,21,10199,"94f82537fb6c56a3b50092d3951f84f5f6c835b4f5"
107465,74412,4,33053,"00b901e4"
107469,97263,35,10206,"5ae401dc0000000000000000000000000000000000000000000000000000000064fa87"
107504,47889,33,59615,"610000000000000000000000000000000000000000000000000000000000000040"
107537,88977,94,18560,"00000000000000000000000000000000000000000000000000000000000000010000000000000000000000000000000000000000000000000000000000000020000000000000000000000000000000000000000000000000000000000000"
107637,89009,63,18628,"000000000000000000000000000000000000000000000000000000000000002000000000000000000000000000000000000000000000000000000000000000"
107701,107116,13,585,"00000000000000000000000005"
107718,107712,1,6,"00"
107733,102405,26,5328,"0000000000000000000000000000000000000000000000000017"
107759,107460,6,299,"cd9d4ffec000"
107765,107764,29,1,"0000000000000000000000000000000000000000000000000000000000"
107797,107669,31,128,"00000000000000000000000000000000000000000000000000000000000000"
107829,97507,22,10322,"e5d7c2a44ffddf6b295a15c148167daaaf5cf34f0000"
107852,89693,22,18159,"7d43aabc515c356145049227cee54b608342c0ad0000"
107875,81001,51,26874,"176211869ca2b568f2a7d4ee941e073a821ee1ff00000000000000000000000000000000000000000000000000000000000000"
107926,106450,73,1476,"00000000000000000000000000000000000000000000000000000082e70880800000000000000000000000000000000000000000000000000000000000000000000000000000000000"
108002,92996,5,15006,"82e7080384"
108011,108006,4,5,"842f6474"
108016,67399,5,40617,"82520894d1"
108048,107699,2,349,"0080"
108051,107909,44,142,"0000000000000000000000000000000000000000000000000000000000000000000000000000000000000000"
108095,62527,7,45568,"7902f87682e708"
108102,96071,3,12031,"16842e"
108108,108103,4,5,"842ef468"
108113,62545,26,45568,"83012db994629d74d459f072914f0b2aab9f7232fa36c1baed87"
108146,62578,18,45568,"b8447648ce45000000000000000000000000"
108184,62616,70,45568,"0000000000000000000000000000000000000000000000000000000000000001c000000000000000000000000000000000000000000000000000000000000000000000000000"
108254,82078,9,26176,"013b02f9013782e708"
108264,108103,11,161,"842ef4683c842ef4684683"
108278,82102,22,26176,"94272e156df8da513c69cb41cc7a99185d53f926bb87"
108305,106576,3,1729,"8000b9"
108308,82132,114,26176,"0104a8c9ed67000000000000000000000000e5d7c2a44ffddf6b295a15c148167daaaf5cf34f0000000000000000000000007d43aabc515c356145049227cee54b608342c0ad0000000000000000000000000000000000000000000000000000000000000028000000000000000000000000"
108431,46516,2,61915,"00f8"
108442,82008,32,26434,"0000000000000000000000000000000000000000000000000000000064fa8ad9"
108474,106814,26,1660,"0000000000000000000000000000000000000000000000000003"
108500,108301,6,199,"8d7ea4c68000"
108506,102342,25,6164,"00000000000000000000000000000000000000000000000016"
108538,61946,69,46592,"0000000000000000000000000000000000000000000000000000000000000000c0000000000000000000000000000000000000000000000000000000000000000000000001"
108607,80415,8,28192,"1b02f9011782e708"
108615,92999,12,15616,"03842ee8a736842ee8a74083"
108630,80438,22,28192,"948731d54e9d02c286767d56ac03e8037c07e01e9888"
108655,108605,1,50,"00"
108660,96947,37,11713,"b8e41114cd2a00000000000000000000000000000000000000000000000000000000000000"
108698,87058,14,21640,"0000000000000000000000000da0"
108730,100999,56,7731,"00000000000000000000000000000000000000000000000000000000000000a0000000000000000000000000000000000000000000000000"
108792,93655,27,15137,"000000000000000000000000000000000000000000000000000007"
108824,97111,34,11713,"40000000000000000000000000000000000000000000000000000000000000000014"
108858,108710,32,148,"0da089cdb26d21c74ad2a7cc9f91d4d188d940a7000000000000000000000000"
108890,79514,45,29376,"c00000000000000000000000000000000000000000000000000000000000000000000000029b02f9029782e708"
108935,96551,11,12384,"04842ee8a736842ee8a740"
108950,88845,22,20105,"9480e38291e06339d10aab483c65695d004dbd5c6987"
108979,61363,62,47616,"b902642cc4081e00000000000000000000000000000000000000000000000000000000000000600000000000000000000000000000000000000000000000"
109050,88945,31,20105,"0000000000000000000000000000000000000000000000000000000064fab5"
109082,88977,153,20105,"000000000000000000000000000000000000000000000000000000000000000100000000000000000000000000000000000000000000000000000000000000200000000000000000000000000000000000000000000000000000000000000060000000000000000000000000000000000000000000000000000000000000000000000000000000000000000000000000000000000000000000"
109235,108972,7,263,"30430f5a030822"
109242,63035,256,46207,"000000000000000000000000000000000000000000000000000000000000000100000000000000000000000000000000000000000000000000000000000000200000000000000000000000007f72e0d8e9abf9133a92322b8b50bd8e0f9dcfcb0000000000000000000000000000000000000000000000000000000000000080000000000000000000000000000000000000000000000000000000000000000000000000000000000000000000000000000000000000000000000000000001000000000000000000000000000000000000000000000000000000000000000060000000000000000000000000e5d7c2a44ffddf6b295a15c148167daaaf5cf34f"
109242,63035,12,46207,"000000000000000000000000"
109530,61914,101,47616,"00000000000000000000000000000000000000000000000000000000000000020000000000000000000000000000000000000000000000000000000000000000c0000000000000000000000000000000000000000000000000000000000000000000000001"
109632,108608,3,1024,"02f901"
109636,108932,3,704,"82e708"
109640,93000,12,16640,"842ee8a736842ee8a7408304"
109654,107437,21,2217,"94f82537fb6c56a3b50092d3951f84f5f6c835b4f5"
109682,82129,4,27553,"0000b901"
109686,80788,36,28898,"a45ae401dc0000000000000000000000000000000000000000000000000000000064fa87"
109722,107504,127,2218,"61000000000000000000000000000000000000000000000000000000000000004000000000000000000000000000000000000000000000000000000000000000010000000000000000000000000000000000000000000000000000000000000020000000000000000000000000000000000000000000000000000000000000"
109849,80951,100,28898,"00e404e45aaf000000000000000000000000e5d7c2a44ffddf6b295a15c148167daaaf5cf34f000000000000000000000000176211869ca2b568f2a7d4ee941e073a821ee1ff000000000000000000000000000000000000000000000000000000000000"
109949,62325,58,47624,"09c40000000000000000000000000b652eff5070c4c2251a3309ef0f90cee17161f2000000000000000000000000000000000000000000000000"
110007,109676,8,331,"027f7d0bdb920000"
110015,102274,29,7741,"0000000000000000000000000000000000000000000000000000000011"
110047,107325,96,2722,"000000000000000000000000000000000000000000000000000000000000000000000000000000000000000000000000000000000000000000000000c00000000000000000000000000000000000000000000000000000000000000000000000"
110147,109636,3,511,"82e708"
110151,108936,12,1215,"842ee8a736842ee8a7408302"
110186,78217,3,31969,"80b864"
110193,109787,63,406,"000000000000000000000000000000000000000000000000000000000000002000000000000000000000000000000000000000000000000000000000000000"
110257,107987,13,2270,"00000000000000000000000033"
110270,60023,19,50247,"3d8b480bdb25ea7be4dd87eeb359988ce1b30d"
110290,110062,45,228,"000000000000000000000000000000000000000000000000000000000000000000000000000000000000000000"
110337,90403,4,19934,"f082e708"
110341,79207,11,31134,"80842ee8a736842ee8a740"
110352,108016,4,2336,"82520894"
110383,108048,47,2335,"0080c00000000000000000000000000000000000000000000000000000000000000000000000000000000000000000"
110430,96894,9,13536,"011a02f9011682e708"
110440,108616,12,1824,"842ee8a736842ee8a7408307"
110454,96918,22,13536,"948731d54e9d02c286767d56ac03e8037c07e01e9887"
110481,80466,52,30015,"961eb8e41114cd2a00000000000000000000000000000000000000000000000000000000000000b8000000000000000000000000"
110553,100999,57,9554,"00000000000000000000000000000000000000000000000000000000000000a000000000000000000000000000000000000000000000000000"
110616,76515,27,34101,"00000000000000000000000000000000000000000000000000000a"
110648,108825,33,1823,"000000000000000000000000000000000000000000000000000000000000000014"
110681,110533,32,148,"c53dcfdaa121e1eaa91e72044bc3bb396cde296f000000000000000000000000"
110713,47289,46,63424,"c0000000000000000000000000000000000000000000000000000000000000000000000000013302f9012f82e708"
110759,110439,11,320,"0e842ee8a736842ee8a740"
110770,97906,128,12864,"827e5494d1a3abf42f9e66be86cfdea8c5c2c74f041c5e1480b901045b7d7482000000000000000000000000000000000000000000000000000000000000004000000000000000000000000000000000000000000000000000000000000000a00000000000000000000000000000000000000000000000000000000000000040"
110899,98159,4,12740,"32353933"
110903,98061,3,12842,"383664"
110907,46863,3,64044,"343063"
110918,96724,3,14194,"366236"
110921,79042,3,31879,"363732"
110931,45704,3,65227,"626161"
110941,98189,3,12752,"366330"
110945,46822,3,64123,"663931"
110948,59900,3,51048,"353834"
110953,110942,3,11,"633037"
110962,96754,33,14208,"000000000000000000000000000000000000000000000000000000000000004035"
110995,59927,3,51068,"636532"
111001,45820,4,65181,"39356562"
111015,45780,3,65235,"356134"
111018,98165,3,12853,"343731"
111022,98069,3,12953,"636336"
111026,47605,3,63421,"653264"
111043,110955,3,88,"376364"
111049,96696,3,14353,"343239"
111058,47634,53,63424,"c000000000000000000000000000000000000000000000000000000000000000000000000000000000000000013302f9012f82e708"
111111,108263,3,2848,"09842e"
111114,97898,9,13216,"e6e1d4842ee6e1dd82"
111125,110773,125,352,"94d1a3abf42f9e66be86cfdea8c5c2c74f041c5e1480b901045b7d7482000000000000000000000000000000000000000000000000000000000000004000000000000000000000000000000000000000000000000000000000000000a00000000000000000000000000000000000000000000000000000000000000040"
111250,45811,3,65439,"333336"
111262,45819,3,65443,"373935"
111266,96734,3,14532,"373863"
111269,46814,3,64455,"636162"
111274,110938,3,336,"336635"
111281,46830,3,64451,"656666"
111285,96694,3,14591,"633934"
111288,47946,3,63342,"613266"
111291,46917,3,64374,"656333"
111296,110899,3,397,"323539"
111302,47596,3,63706,"383331"
111314,111218,32,96,"0000000000000000000000000000000000000000000000000000000000000040"
111363,96746,3,14617,"356231"
111369,59945,4,51424,"36363137"
111375,98168,3,13207,"636364"
111378,111278,3,100,"303630"
111390,47573,3,63817,"613130"
111399,98172,3,13227,"646266"
111407,96832,3,14575,"633530"
111411,64307,51,47104,"00000000000000000000000000000000000000000000000000000000000000000000000000000000000000007a02f87782e708"
111463,82435,4,29028,"842d7540"
111468,82435,6,29033,"842d75406b83"
111477,64373,22,47104,"94009a0b7c38b542208936f1179151cd08e294383388"
111506,64402,3,47104,"00b844"
111513,64409,56,47104,"000000000000000000000000c7d8489dae3d2ebef075b1db2257e2c231c9d231000000000000000000000000000000000000000000000000"
111569,111499,6,70,"01d4013137b1"
111577,110713,38,864,"c000000000000000000000000000000000000000000000000000000000000000000000000001"
111615,99199,234,12416,"eff901ec80842aea540083015f90940872ec4426103482a50f26ffc32acefcec61b3c980b901c4d4dfd6bc0000000000000000000000000000000000000000000000000000000000000000000000000000000000000000000000000000000000000000000000000000000000000000000000000000000000000000000000000000000000000000000000000000000000000000000000000000000000000000000000000000000000000001000000000000000000000000000000000000000000000000000000000000000100000000000000000000000000000000000000000000000000000000651414"
111850,100522,160,11328,"00000000000000000000000000000000000000000000000000000000000000000000000000000000000000000000000000000000000000000000000000000005000000000000000000000000000000000000000000000000000000000000000000000000000000000000000000000000000000000000000000000000000001400000000000000000000000000000000000000000000000000000000000000041"
112065,104251,2,7814,"00fb"
112074,84458,85,27616,"1b0000000000000000000000000000000000000000000000000000000000000082e7088080000000000000000000000000000000000000000000000000000000000000000000000000000000000000000000000001"
112159,98879,53,13280,"0df9010a01842aea5400829d78940872ec4426103482a50f26ffc32acefcec61b3c980b8e4f242432a000000000000000000000000"
112212,101760,20,10452,"2e9d1842621ed36d47318877078f488d72bd7a3b"
112232,98632,256,13600,"000000000000000000000000aec3cacef9457ff2821d9f85429ce3d90b0014590000000000000000000000000000000000000000000000000000000000000005000000000000000000000000000000000000000000000000000000000000000100000000000000000000000000000000000000000000000000000000000000a00000000000000000000000000000000000000000000000000000000000000000000000000000000000000000000000000000000000000000000000000000000082e708808000000000000000000000000000000000000000000000000000000000000000000000000000000000000000000000000000010df9010a01842aea54"
112232,98632,44,13600,"000000000000000000000000aec3cacef9457ff2821d9f85429ce3d90b001459000000000000000000000000"
112532,101740,20,10792,"73f1beddaf7b65ae9f7272e541608c1b2a5dabaa"
112552,112232,256,320,"000000000000000000000000aec3cacef9457ff2821d9f85429ce3d90b0014590000000000000000000000000000000000000000000000000000000000000005000000000000000000000000000000000000000000000000000000000000000100000000000000000000000000000000000000000000000000000000000000a00000000000000000000000000000000000000000000000000000000000000000000000000000000000000000000000000000000000000000000000000000000082e708808000000000000000000000000000000000000000000000000000000000000000000000000000000000000000000000000000010df9010a01842aea54"
112552,112232,44,320,"000000000000000000000000aec3cacef9457ff2821d9f85429ce3d90b001459000000000000000000000000"
112852,101780,20,11072,"28aa5cfb4a9d4aa8d984c32208d5b0dacb52fef1"
112872,98952,256,13920,"000000000000000000000000aec3cacef9457ff2821d9f85429ce3d90b0014590000000000000000000000000000000000000000000000000000000000000005000000000000000000000000000000000000000000000000000000000000000100000000000000000000000000000000000000000000000000000000000000a00000000000000000000000000000000000000000000000000000000000000000000000000000000000000000000000000000000000000000000000000000000082e70880800000000000000000000000000000000000000000000000000000000000000000000000000000000000000000000000000001eff901ec80842aea54"
112872,98952,224,13920,"000000000000000000000000aec3cacef9457ff2821d9f85429ce3d90b0014590000000000000000000000000000000000000000000000000000000000000005000000000000000000000000000000000000000000000000000000000000000100000000000000000000000000000000000000000000000000000000000000a00000000000000000000000000000000000000000000000000000000000000000000000000000000000000000000000000000000000000000000000000000000082e7088080000000000000000000000000000000000000000000000000000000"
113354,111850,160,1504,"00000000000000000000000000000000000000000000000000000000000000000000000000000000000000000000000000000000000000000000000000000005000000000000000000000000000000000000000000000000000000000000000000000000000000000000000000000000000000000000000000000000000001400000000000000000000000000000000000000000000000000000000000000041"
113578,82632,85,30946,"1b0000000000000000000000000000000000000000000000000000000000000082e7088080000000000000000000000000000000000000000000000000000000000000000000000000000000000000000000000000"
113663,101311,12,12352,"2ceb58842aea540082520894"
113695,85759,66,27936,"865af3107a40008082e70880800000000000000000000000000000000000000000000000000000000000000000000000000000000000000000000000000000002ceb"
113762,113666,9,96,"842aea540082520894"
113790,85758,67,28032,"aa865af3107a40008082e70880800000000000000000000000000000000000000000000000000000000000000000000000000000000000000000000000000000002ceb"
113858,113762,9,96,"842aea540082520894"
113887,113791,63,96,"865af3107a40008082e70880800000000000000000000000000000000000000000000000000000000000000000000000000000000000000000000000000000"
113950,85086,235,28864,"01eff901ec80842aea54008301591c940872ec4426103482a50f26ffc32acefcec61b3c980b901c4d4dfd6bc0000000000000000000000000000000000000000000000000000000000000000000000000000000000000000000000000000000000000000000000000000000000000000000000000000000000000000000000000000000000000000000000000000000000000000000000000000000000000000000000000000000000000001000000000000000000000000000000000000000000000000000000000000000100000000000000000000000000000000000000000000000000000000652213"
114186,113354,160,832,"00000000000000000000000000000000000000000000000000000000000000000000000000000000000000000000000000000000000000000000000000000005000000000000000000000000000000000000000000000000000000000000000000000000000000000000000000000000000000000000000000000000000001400000000000000000000000000000000000000000000000000000000000000041"
114410,82632,87,31778,"1b0000000000000000000000000000000000000000000000000000000000000082e70880800000000000000000000000000000000000000000000000000000000000000000000000000000000000000000000000000000"
114497,109532,30,4965,"000000000000000000000000000000000000000000000000000000000002"
114528,85972,80,28556,"b8ff877ed78ba520ece21b1de7843a8a57ca47cbe93685f3bba03016f02bd1828badd6195988d950e93685f3bba03016f02bd1828badd6195988d950e93685f3bba03016f02bd1828badd6195988d950"
114608,106757,20,7851,"5df375c2d0ed699dc6d3c1a5cd8d5c088996ac06"
114628,107713,20,6915,"0524e04bde00d36a1c22d59d866f1b48e8e99034"
114668,108164,20,6504,"e182d163a49cbefdc6dd8e6f8c78057bc0a14397"
114688,108422,20,6266,"e016ebf41561c97de700f80e482061b12b5cab33"
114708,108858,20,5850,"0da089cdb26d21c74ad2a7cc9f91d4d188d940a7"
114728,109510,20,5218,"8ea01f4d9f5e20fed1e3e3b00c38234f0a749071"
114748,109963,20,4785,"0b652eff5070c4c2251a3309ef0f90cee17161f2"
114768,67952,20,46816,"d15b3ac5c7b448b371537ea8a8ac6e95f298774e"
114808,110681,20,4127,"c53dcfdaa121e1eaa91e72044bc3bb396cde296f"
114830,85524,3,29306,"156edb"
114888,101131,20,13757,"1ffdddf7195d58d3f69733ee1cf2884e4e931cc3"
114908,112212,20,2696,"2e9d1842621ed36d47318877078f488d72bd7a3b"
114928,112532,20,2396,"73f1beddaf7b65ae9f7272e541608c1b2a5dabaa"
114948,112852,20,2096,"28aa5cfb4a9d4aa8d984c32208d5b0dacb52fef1"
114968,101323,20,13645,"0bbeda46b66db380c706479ec5490a7cb1fcba87"
115048,101229,20,13819,"a1f74877e725d01032c3526da655fc572668e477"
115068,104311,37,10757,"00000000000000000000000000000000000000000000000000000000000000000000000022"
115136,101952,31,13184,"0000000000000000000000000000000000000000000000000000000064fa86"
115168,110076,62,5092,"00000000000000000000000000000000000000000000000000000000000000c0000000000000000000000000000000000000000000000000000000000000"
115231,101184,32,14047,"000000000000000000000000000000000000000000000000000000000000002e"
115264,109205,31,6059,"00000000000000000000000000000000000000000000000000000000000030"
115296,115231,31,65,"00000000000000000000000000000000000000000000000000000000000000"
115328,106809,31,8519,"00000000000000000000000000000000000000000000000000000000000003"
115359,93618,32,21741,"2000000000000000000000000000000000000000000000000000000000000006"
115392,93651,31,21741,"00000000000000000000000000000000000000000000000000000000000007"
115424,76511,31,38913,"0000000000000000000000000000000000000000000000000000000000000a"
115456,102240,62,13216,"0000000000000000000000000000000000000000000000000000000000000d40000000000000000000000000000000000000000000000000000000000000"
115520,115488,30,32,"000000000000000000000000000000000000000000000000000000000000"
115551,115519,32,32,"8000000000000000000000000000000000000000000000000000000000000013"
115584,102304,62,13280,"0000000000000000000000000000000000000000000000000000000000001480000000000000000000000000000000000000000000000000000000000000"
115647,115296,62,351,"0000000000000000000000000000000000000000000000000000000000000019000000000000000000000000000000000000000000000000000000000000"
115709,115677,2,32,"0019"
115712,52960,62,62752,"0000000000000000000000000000000000000000000000000000000000001aa0000000000000000000000000000000000000000000000000000000000000"
115775,102559,32,13216,"200000000000000000000000000000000000000000000000000000000000001f"
115808,104154,31,11654,"00000000000000000000000000000000000000000000000000000000000021"
115840,102656,63,13184,"00000000000000000000000000000000000000000000000000000000000022e000000000000000000000000000000000000000000000000000000000000024"
115903,115679,31,224,"00000000000000000000000000000000000000000000000000000000000000"
115936,102752,31,13184,"00000000000000000000000000000000000000000000000000000000000027"
115968,102816,62,13152,"0000000000000000000000000000000000000000000000000000000000002980000000000000000000000000000000000000000000000000000000000000"
116032,113825,31,2207,"0000000000000000000000000000000000000000000000000000000000002c"
116063,113824,32,2239,"000000000000000000000000000000000000000000000000000000000000002c"
116096,116064,31,32,"0000000000000000000000000000000000000000000000000000000000002c"
116127,60216,32,55911,"c000000000000000000000000000000000000000000000000000000000000003"
116160,106528,3,9632,"02f903"
116164,89860,4,26304,"82e70882"
116175,116170,4,5,"84307c90"
116205,105605,3,10600,"80b903"
116213,110193,63,6020,"000000000000000000000000000000000000000000000000000000000000002000000000000000000000000000000000000000000000000000000000000000"
116623,56049,3,60574,"556542"
117046,114485,41,2561,"0000000000000000000000000000000000000000000000000000000000000000000000000000000000"
117087,69823,8,47264,"3602f482e70882ab"
117096,69832,16,47264,"8502040eba5285026b44df95825a3c94"
117132,69868,50,47264,"87354a6ba7a1800780c000000000000000000000000000000000000000000000000000000000000000000000000000000000"
117182,105566,8,11616,"0392f9038f830305"
117190,87622,3,29568,"5e843a"
117196,103660,129,13536,"8313f7c094a658742d33ebd2ce2f0bdff73515aa797fd161d980b90364252f7b01000000000000000000000000000000000000000000000000000000000000006e00000000000000000000000045f1a95a4d3f3836523f5c83673c797f4d4d263b0000000000000000000000000000000000000000000000000000000000043238"
117325,103345,32,13980,"021f0888b4fb0435a6790d69ab99122f44a36c2ad4936bf7c45447bf61527ede"
117357,103345,63,14012,"021f0888b4fb0435a6790d69ab99122f44a36c2ad4936bf7c45447bf61527ede00000000000000000000000000000000000000000000000000000000000000"
117420,103884,72,13536,"c000000000000000000000000000000000000000000000000000000000000002740000000000000000000000004d73adb72bc3dd368966edd0f0b2148401a178e2000000000000c2"
117493,103957,230,13536,"006e352d8275aae3e0c2404d9f68f6cee084b5beb3dd00b745f1a95a4d3f3836523f5c83673c797f4d4d263b0000000000000000000000000000000000000000000000000000000000000001000000000000000000000000000000000000000000000000000000000000000d000000000000000000000000000000000000000000000000000000000000000d00000000000000000000000000000000000000000000000000000000000000000000000000000000000000000000000000000000000000000000000000000000000000000000000000000000000000000000000000000021327f"
117729,89829,27,27900,"000000000000000000000000000000000000000000000000000197"
117761,117155,28,606,"00000000000000000000000000000000000000000000000000000003"
117793,117233,28,560,"0000000000000000000000000000000000000000000000000000006e"
117825,117661,59,164,"0000000000000000000000000000000000000000000000000000000000000000000000000000000000000000000000000000000000000000000000"
117884,117820,30,64,"6e0ac07ccd00000000000000000000000000000000000000000000000000"
117920,108184,63,9736,"0000000000000000000000000000000000000000000000000000000000000001c0000000000000000000000000000000000000000000000000000000000000"
117983,106367,34,11616,"02000000000000000000000000000000000000000000000000000000000000000014"
118037,55029,113,63008,"000000000000000000000000000000000000000000000000000000000000000000000000000000000000000000000000000000000000000082e708808000000000000000000000000000000000000000000000000000000000000000000000000000000000000000000232f9022f830306"
118151,103047,233,15104,"843a26977c83048d9c94cb566e3b6934fa77258d68ea18e931fa75e1aaaa80b902046c459a2800000000000000000000000038de71124f7a447a01d67945a51edce9ff49125100000000000000000000000000000000000000000000000000000000000000800000000000000000000000000000000000000000000000000000000064fadaa100000000000000000000000000000000000000000000000000000000000001400000000000000000000000000000000000000000000000000000000000000084704316e500000000000000000000000000000000000000000000000000000000000000"
118417,76510,32,41907,"000000000000000000000000000000000000000000000000000000000000000a"
118449,118385,63,64,"1f44947aca06fe270347c4892a4ff0f283def8aca267742f351471a9e59577e400000000000000000000000000000000000000000000000000000000000000"
118512,118065,29,447,"0000000000000000000000000000000000000000000000000000000082"
118670,88142,81,30528,"1b00000000000000000000000000000000000000000000000000000000000082e7088080000000000000000000000000000000000000000000000000000000000000000000000000000000000000000002"
118751,107423,4,11328,"16f90213"
118755,106535,3,12220,"808430"
118758,107430,4,11328,"757e3d83"
118765,107437,22,11328,"94f82537fb6c56a3b50092d3951f84f5f6c835b4f587"
118792,109682,4,9110,"0000b901"
118796,107468,245,11328,"e45ae401dc0000000000000000000000000000000000000000000000000000000064fa87610000000000000000000000000000000000000000000000000000000000000040000000000000000000000000000000000000000000000000000000000000000100000000000000000000000000000000000000000000000000000000000000200000000000000000000000000000000000000000000000000000000000000124b858183f00000000000000000000000000000000000000000000000000000000000000200000000000000000000000000000000000000000000000000000000000000080000000000000000000000000"
119061,109924,26,9137,"0000000000000000000000000000000000000000000000000009"
119087,118788,6,299,"6110e6350000"
119093,107799,30,11294,"000000000000000000000000000000000000000000000000000000000042"
119125,107797,201,11328,"0000000000000000000000000000000000000000000000000000000000000042e5d7c2a44ffddf6b295a15c148167daaaf5cf34f0000647d43aabc515c356145049227cee54b608342c0ad000064176211869ca2b568f2a7d4ee941e073a821ee1ff0000000000000000000000000000000000000000000000000000000000000000000000000000000000000000000000000000000000000000000082e708808000000000000000000000000000000000000000000000000000000000000000000000000000000000"
119326,88830,5,30496,"03d6f903d3"
119332,118756,6,576,"8430757e3d83"
119341,88845,99,30496,"9480e38291e06339d10aab483c65695d004dbd5c6987470de4df820000b903a42cc4081e00000000000000000000000000000000000000000000000000000000000000600000000000000000000000000000000000000000000000000000000001f315"
119441,109050,31,10391,"0000000000000000000000000000000000000000000000000000000064fab5"
119473,88977,256,30496,"000000000000000000000000000000000000000000000000000000000000000100000000000000000000000000000000000000000000000000000000000000200000000000000000000000000000000000000000000000000000000000000060000000000000000000000000000000000000000000000000000000000000000000000000000000000000000000000000000000000000000000470de4df820000000000000000000000000000000000000000000000000000000000000000000200000000000000000000000000000000000000000000000000000000000000400000000000000000000000000000000000000000000000000000000000000160"
119473,88977,256,30496,"000000000000000000000000000000000000000000000000000000000000000100000000000000000000000000000000000000000000000000000000000000200000000000000000000000000000000000000000000000000000000000000060000000000000000000000000000000000000000000000000000000000000000000000000000000000000000000000000000000000000000000470de4df820000000000000000000000000000000000000000000000000000000000000000000200000000000000000000000000000000000000000000000000000000000000400000000000000000000000000000000000000000000000000000000000000160"
119473,88977,256,30496,"000000000000000000000000000000000000000000000000000000000000000100000000000000000000000000000000000000000000000000000000000000200000000000000000000000000000000000000000000000000000000000000060000000000000000000000000000000000000000000000000000000000000000000000000000000000000000000000000000000000000000000470de4df820000000000000000000000000000000000000000000000000000000000000000000200000000000000000000000000000000000000000000000000000000000000400000000000000000000000000000000000000000000000000000000000000160"
119473,88977,109,30496,"00000000000000000000000000000000000000000000000000000000000000010000000000000000000000000000000000000000000000000000000000000020000000000000000000000000000000000000000000000000000000000000006000000000000000000000000000"
120350,87549,2,32801,"0037"
120354,81795,5,38559,"82e7081384"
120359,119333,4,1026,"30757e3d"
120363,119332,7,1031,"8430757e3d8303"
120372,78196,21,42176,"9488f087ad825322d9ec3261712cf09a56e58575fc"
120400,118347,2,2053,"0084"
120407,59447,47,60960,"000000000000000000000000000000000000000000000000000000000000000000000000000000007102f86e82e708"
120455,108264,10,12191,"842ef4683c842ef46846"
120489,59529,62,60960,"80b844095ea7b300000000000000000000000080e38291e06339d10aab483c65695d004dbd5c690000000000000000000000000000000000000000000000"
120561,81617,53,38944,"000000000000000000000000000000000000000000000000000000000000000000000000000000000000000000005102f84e82e708"
120614,78759,3,41855,"15842e"
120617,108105,10,12512,"f4683c842ef468468301"
120627,81683,107,38944,"0a3b949dba31e492b7e98b8195e254ee13b6b027e4a59d80a4a7f68792766f746500000000000000000000000000000000000000000000000000000000c0000000000000000000000000000000000000000000000000000000000000000000000000000000000000000000"
120736,116160,3,4576,"02f903"
120740,64195,5,56545,"82e7080a84"
120745,110441,10,10304,"2ee8a736842ee8a74083"
120758,119341,22,1417,"9480e38291e06339d10aab483c65695d004dbd5c6987"
120780,110610,7,10170,"0aa87bee538000"
120787,119370,67,1417,"b903a42cc4081e000000000000000000000000000000000000000000000000000000000000006000000000000000000000000000000000000000000000000000000000"
120854,120853,1,1,"00"
120858,119441,31,1417,"0000000000000000000000000000000000000000000000000000000064fab5"
120890,119473,153,1417,"000000000000000000000000000000000000000000000000000000000000000100000000000000000000000000000000000000000000000000000000000000200000000000000000000000000000000000000000000000000000000000000060000000000000000000000000000000000000000000000000000000000000000000000000000000000000000000000000000000000000000000"
121043,110610,32,10433,"0aa87bee53800000000000000000000000000000000000000000000000000000"
121075,119658,256,1417,"00000000000002000000000000000000000000000000000000000000000000000000000000004000000000000000000000000000000000000000000000000000000000000001600000000000000000000000007f72e0d8e9abf9133a92322b8b50bd8e0f9dcfcb0000000000000000000000000000000000000000000000000000000000000080000000000000000000000000000000000000000000000000000000000000000000000000000000000000000000000000000000000000000000000000000001000000000000000000000000000000000000000000000000000000000000000060000000000000000000000000e5d7c2a44ffddf6b295a15c148"
121075,119658,256,1417,"00000000000002000000000000000000000000000000000000000000000000000000000000004000000000000000000000000000000000000000000000000000000000000001600000000000000000000000007f72e0d8e9abf9133a92322b8b50bd8e0f9dcfcb0000000000000000000000000000000000000000000000000000000000000080000000000000000000000000000000000000000000000000000000000000000000000000000000000000000000000000000000000000000000000000000001000000000000000000000000000000000000000000000000000000000000000060000000000000000000000000e5d7c2a44ffddf6b295a15c148"
121075,119658,51,1417,"000000000000020000000000000000000000000000000000000000000000000000000000000040000000000000000000000000"
121658,109530,100,12128,"00000000000000000000000000000000000000000000000000000000000000020000000000000000000000000000000000000000000000000000000000000000c00000000000000000000000000000000000000000000000000000000000000000000000"
121758,82718,7,39040,"003002ee82e708"
121766,79110,89,42656,"842ee8a736842ee8a74083010b3694cce9d3f392c135dc038b147ca73ec496f7f89d938084183ff085c00000000000000000000000000000000000000000000000000000000000000000000000000000000000000000000001"
121855,96895,11,24960,"1a02f9011682e70880842e"
121866,110442,34,11424,"e8a736842ee8a74083075e06948731d54e9d02c286767d56ac03e8037c07e01e9887"
121905,110481,52,11424,"961eb8e41114cd2a00000000000000000000000000000000000000000000000000000000000000b8000000000000000000000000"
121977,112968,57,9009,"00000000000000000000000000000000000000000000000000000000000000a000000000000000000000000000000000000000000000000000"
122040,116250,27,5790,"000000000000000000000000000000000000000000000000000018"
122072,117984,33,4088,"000000000000000000000000000000000000000000000000000000000000000014"
122105,121957,32,148,"1a0db5ecd8dd71e63d03a527034a5ef2f2bc0552000000000000000000000000"
122138,106490,45,15648,"000000000000000000000000000000000000000000000000000000000000000000000000035a02f9035682e708"
122183,120619,3,1564,"3c842e"
122186,110153,10,12033,"e8a736842ee8a7408302"
122198,106550,207,15648,"940cab6977a9c70e04458b740476b498b21401964186d017a6b98000b90324744773f100000000000000000000000000000000000000000000000000000000000001000000000000000000000000000000000000000000000000000000000000000000000000000000000000000000000000000000000000000000000000000000001c142a0a9dc1048d952989b1ac09ebf92d5a10fc522377cbfa9322fb4aa3a94e3e5c39d51d2064bf0ab68698091d1216a9c1b80936fc16ad69b29030d269f04b61000000000000000000000000"
122409,84985,4,37424,"645fe6be"
122425,106777,256,15648,"0000000000000000000000000000000000000000000000000000000000000001000000000000000000000000000000000000000000000000000000000000030000000000000000000000000001e4a663fffaf1430d3a36588b2c14b72231d8b4000000000000000000000000000000000000000000000000000000000000000000000000000000000000000000000000000000000000000064fa842764fa926f000000000000000000000000000000000000000000000000000000000000006c000000000000000000000000eeeeeeeeeeeeeeeeeeeeeeeeeeeeeeeeeeeeeeee0000000000000000000000000000000000000000000000000027d486e9818000"
122425,106777,256,15648,"0000000000000000000000000000000000000000000000000000000000000001000000000000000000000000000000000000000000000000000000000000030000000000000000000000000001e4a663fffaf1430d3a36588b2c14b72231d8b4000000000000000000000000000000000000000000000000000000000000000000000000000000000000000000000000000000000000000064fa842764fa926f000000000000000000000000000000000000000000000000000000000000006c000000000000000000000000eeeeeeeeeeeeeeeeeeeeeeeeeeeeeeeeeeeeeeee0000000000000000000000000000000000000000000000000027d486e9818000"
122425,106777,133,15648,"0000000000000000000000000000000000000000000000000000000000000001000000000000000000000000000000000000000000000000000000000000030000000000000000000000000001e4a663fffaf1430d3a36588b2c14b72231d8b400000000000000000000000000000000000000000000000000000000000000000000000000"
123070,111102,9,11968,"013302f9012f82e708"
123080,110760,138,12320,"842ee8a736842ee8a740827e5494d1a3abf42f9e66be86cfdea8c5c2c74f041c5e1480b901045b7d7482000000000000000000000000000000000000000000000000000000000000004000000000000000000000000000000000000000000000000000000000000000a00000000000000000000000000000000000000000000000000000000000000040"
123226,111395,3,11831,"643835"
123230,98154,3,25076,"636664"
123239,110911,3,12328,"343264"
123242,59902,3,63340,"346534"
123249,98064,3,25185,"636661"
123260,98147,3,25113,"396237"
123268,111272,3,11996,"663133"
123281,78961,33,44320,"390000000000000000000000000000000000000000000000000000000000000040"
123314,123223,3,91,"636165"
123325,111269,3,12056,"636162"
123342,110956,3,12386,"636432"
123348,98152,3,25196,"393463"
123358,111393,3,11965,"373064"
123378,111058,45,12320,"c00000000000000000000000000000000000000000000000000000000000000000000000000000000000000001"
123423,90399,3,33024,"f402f9"
123427,110337,4,13090,"f082e708"
123437,123432,4,5,"842d80a4"
123443,117481,3,5962,"01a178"
123446,113965,220,9481,"940872ec4426103482a50f26ffc32acefcec61b3c980b901c4d4dfd6bc0000000000000000000000000000000000000000000000000000000000000000000000000000000000000000000000000000000000000000000000000000000000000000000000000000000000000000000000000000000000000000000000000000000000000000000000000000000000000000000000000000000000000001000000000000000000000000000000000000000000000000000000000000000100000000000000000000000000000000000000000000000000000000652213"
123667,114186,160,9481,"00000000000000000000000000000000000000000000000000000000000000000000000000000000000000000000000000000000000000000000000000000005000000000000000000000000000000000000000000000000000000000000000000000000000000000000000000000000000000000000000000000000000001400000000000000000000000000000000000000000000000000000000000000041"
123843,70339,3,53504,"4e3e35"
123873,98079,3,25794,"666334"
123891,61241,69,62650,"1b00000000000000000000000000000000000000000000000000000000000000c0000000000000000000000000000000000000000000000000000000000000000000000000"
123960,112792,60,11168,"000000000000010df9010a01842aea5400829d78940872ec4426103482a50f26ffc32acefcec61b3c980b8e4f242432a000000000000000000000000"
124020,114888,20,9132,"1ffdddf7195d58d3f69733ee1cf2884e4e931cc3"
124040,112872,246,11168,"000000000000000000000000aec3cacef9457ff2821d9f85429ce3d90b0014590000000000000000000000000000000000000000000000000000000000000005000000000000000000000000000000000000000000000000000000000000000100000000000000000000000000000000000000000000000000000000000000a00000000000000000000000000000000000000000000000000000000000000000000000000000000000000000000000000000000000000000000000000000000082e708808000000000000000000000000000000000000000000000000000000000000000000000000000000000000000000000000000"
124286,100830,53,23456,"00ecf8ea01842aea5400829b28940872ec4426103482a50f26ffc32acefcec61b3c980b8c4f242432a000000000000000000000000"
124339,115048,32,9291,"a1f74877e725d01032c3526da655fc572668e477000000000000000000000000"
124371,100915,203,23456,"01e4a663fffaf1430d3a36588b2c14b72231d8b40000000000000000000000000000000000000000000000000000000000000005000000000000000000000000000000000000000000000000000000000000000100000000000000000000000000000000000000000000000000000000000000a0000000000000000000000000000000000000000000000000000000000000000082e70880800000000000000000000000000000000000000000000000000000000000000000000000000000000000000000000000000000"
124574,99742,235,24832,"01eff901ec80842aea540083015f90940872ec4426103482a50f26ffc32acefcec61b3c980b901c4d4dfd6bc0000000000000000000000000000000000000000000000000000000000000000000000000000000000000000000000000000000000000000000000000000000000000000000000000000000000000000000000000000000000000000000000000000000000000000000000000000000000000000000000000000000000000001000000000000000000000000000000000000000000000000000000000000000100000000000000000000000000000000000000000000000000000000651417"
124810,123667,160,1143,"00000000000000000000000000000000000000000000000000000000000000000000000000000000000000000000000000000000000000000000000000000005000000000000000000000000000000000000000000000000000000000000000000000000000000000000000000000000000000000000000000000000000001400000000000000000000000000000000000000000000000000000000000000041"
125034,112074,138,12960,"1b0000000000000000000000000000000000000000000000000000000000000082e70880800000000000000000000000000000000000000000000000000000000000000000000000000000000000000000000000010df9010a01842aea5400829d78940872ec4426103482a50f26ffc32acefcec61b3c980b8e4f242432a000000000000000000000000"
125172,114968,20,10204,"0bbeda46b66db380c706479ec5490a7cb1fcba87"
125192,112872,256,12320,"000000000000000000000000aec3cacef9457ff2821d9f85429ce3d90b0014590000000000000000000000000000000000000000000000000000000000000005000000000000000000000000000000000000000000000000000000000000000100000000000000000000000000000000000000000000000000000000000000a00000000000000000000000000000000000000000000000000000000000000000000000000000000000000000000000000000000000000000000000000000000082e70880800000000000000000000000000000000000000000000000000000000000000000000000000000000000000000000000000001eff901ec80842aea54"
125192,112872,224,12320,"000000000000000000000000aec3cacef9457ff2821d9f85429ce3d90b0014590000000000000000000000000000000000000000000000000000000000000005000000000000000000000000000000000000000000000000000000000000000100000000000000000000000000000000000000000000000000000000000000a00000000000000000000000000000000000000000000000000000000000000000000000000000000000000000000000000000000000000000000000000000000082e7088080000000000000000000000000000000000000000000000000000000"
125674,124810,160,864,"00000000000000000000000000000000000000000000000000000000000000000000000000000000000000000000000000000000000000000000000000000005000000000000000000000000000000000000000000000000000000000000000000000000000000000000000000000000000000000000000000000000000001400000000000000000000000000000000000000000000000000000000000000041"
125898,100202,256,25696,"1c0000000000000000000000000000000000000000000000000000000000000082e7088080000000000000000000000000000000000000000000000000000000000000000000000000000000000000000000000001eff901ec80842aea540083015f90940872ec4426103482a50f26ffc32acefcec61b3c980b901c4d4dfd6bc0000000000000000000000000000000000000000000000000000000000000000000000000000000000000000000000000000000000000000000000000000000000000000000000000000000000000000000000000000000000000000000000000000000000000000000000000000000000000000000000000000000000000001"
125898,100202,63,25696,"1c0000000000000000000000000000000000000000000000000000000000000082e70880800000000000000000000000000000000000000000000000000000"
126218,125674,160,544,"00000000000000000000000000000000000000000000000000000000000000000000000000000000000000000000000000000000000000000000000000000005000000000000000000000000000000000000000000000000000000000000000000000000000000000000000000000000000000000000000000000000000001400000000000000000000000000000000000000000000000000000000000000041"
126442,100746,85,25696,"1c0000000000000000000000000000000000000000000000000000000000000082e7088080000000000000000000000000000000000000000000000000000000000000000000000000000000000000000000000000"
126527,101215,4,25312,"2eed8202"
126532,113858,9,12674,"842aea540082520894"
126561,67521,74,59040,"8654953ff6d0008082e7088080000000000000000000000000000000000000000000000000000000000000000000000000000000000000000000000000002ceb5a842aea540082520894"
126655,113791,66,12864,"865af3107a40008082e70880800000000000000000000000000000000000000000000000000000000000000000000000000000000000000000000000000000002ceb"
126721,126625,10,96,"5a842aea540082520894"
126751,126655,76,96,"865af3107a40008082e70880800000000000000000000000000000000000000000000000000000000000000000000000000000000000000000000000000000002ceb5a842aea540082520894"
126847,101343,96,25504,"865af3107a40008082e70880800000000000000000000000000000000000000000000000000000000000000000000000000000000000000000000000000000000000000000000000000000000000000000000000000000000000000000000001"
126964,85952,20,41012,"45a318273749d6eb00f5f6ca3bc7cd3de26d642a"
126984,67732,40,59252,"e93685f3bba03016f02bd1828badd6195988d950b8ff877ed78ba520ece21b1de7843a8a57ca47cb"
127024,119041,20,7983,"7d8c133a9d8932e601dae7c44386052880283a32"
127044,120221,20,6823,"c9eee68292a3f290b4b33e58b1b1dba695665d9f"
127080,126972,1,108,"00"
127109,80073,2,47036,"0010"
127124,121638,20,5486,"3c7e8bca82ef5e94598c1c7731d5dea7066a5095"
127164,122105,20,5059,"1a0db5ecd8dd71e63d03a527034a5ef2f2bc0552"
127184,122405,20,4779,"e98d547b645fe6be6c5ab61d856d60fe35873357"
127244,124020,20,3224,"1ffdddf7195d58d3f69733ee1cf2884e4e931cc3"
127264,124339,20,2925,"a1f74877e725d01032c3526da655fc572668e477"
127284,113867,20,13417,"f5f6a82f53dc7cfe7d8b3d23a2d131069eb92cde"
127304,125172,20,2132,"0bbeda46b66db380c706479ec5490a7cb1fcba87"
127324,113771,20,13553,"68dd09ce89359349e8bc0b95f7e044670e7cc1aa"
127344,113675,20,13669,"96d4ce194fc61817e673e46a448e23ddfdf67ce1"
127364,124371,20,2993,"01e4a663fffaf1430d3a36588b2c14b72231d8b4"
127384,86572,40,40812,"40082e6f1c15d2b27b3de80cb7ad04e9ed121900f269e8574583c27fe74b69b3f998a64efd8d0448"
127424,86552,20,40872,"c65347b43019f8f453d7b486d259fd6146da334e"
127444,121517,76,5927,"00000000000000000000000000000000000000000000000000000000000000000000000000000000000000010000000000000000000000000000000000000000000000000000000000000000"
127520,122143,32,5377,"0000000000000000000000000000000000000000000000000000000000000003"
127552,122937,62,4615,"0000000000000000000000000000000000000000000000000000000000000060000000000000000000000000000000000000000000000000000000000000"
127615,127552,31,63,"00000000000000000000000000000000000000000000000000000000000000"
127680,115136,31,12544,"0000000000000000000000000000000000000000000000000000000064fa86"
127712,123892,62,3820,"00000000000000000000000000000000000000000000000000000000000000c0000000000000000000000000000000000000000000000000000000000000"
127776,68672,62,59104,"00000000000000000000000000000000000000000000000000000000000046c0000000000000000000000000000000000000000000000000000000000000"
127840,68704,94,59136,"00000000000000000000000000000000000000000000000000000000000000210000000000000000000000000000000000000000000000000000000000000420000000000000000000000000000000000000000000000000000000000000"
127936,92960,31,34976,"0000000000000000000000000000000000000000000000000000000000000b"
127967,68863,32,59104,"a00000000000000000000000000000000000000000000000000000000000000e"
127999,127840,31,159,"00000000000000000000000000000000000000000000000000000000000000"
128031,68895,32,59136,"6000000000000000000000000000000000000000000000000000000000000012"
128064,115616,31,12448,"00000000000000000000000000000000000000000000000000000000000015"
128095,102399,32,25696,"2000000000000000000000000000000000000000000000000000000000000017"
128128,115712,31,12416,"0000000000000000000000000000000000000000000000000000000000001a"
128160,122298,31,5862,"0000000000000000000000000000000000000000000000000000000000001c"
128191,102495,32,25696,"600000000000000000000000000000000000000000000000000000000000001d"
128223,127999,31,224,"00000000000000000000000000000000000000000000000000000000000000"
128256,115744,31,12512,"0000000000000000000000000000000000000000000000000000000000001e"
128288,120923,62,7365,"0000000000000000000000000000000000000000000000000000000000002000000000000000000000000000000000000000000000000000000000000000"
128351,87135,32,41216,"c000000000000000000000000000000000000000000000000000000000000025"
128384,128352,31,32,"00000000000000000000000000000000000000000000000000000000000025"
128416,101890,32,26526,"0000000000000000000000000000000000000000000000000000000000002720"
128448,108379,43,20069,"00000000000000000000000000000000000000000000000000000000000028000000000000000000000000"
128491,115979,20,12512,"0000000000000000000000000000000000000029"
128511,102815,32,25696,"4000000000000000000000000000000000000000000000000000000000000029"
128544,116000,31,12544,"0000000000000000000000000000000000000000000000000000000000002b"
128575,128479,31,96,"00000000000000000000000000000000000000000000000000000000000000"
128608,128576,30,32,"000000000000000000000000000000000000000000000000000000000000"
128640,86816,62,41824,"0000000000000000000000000000000000000000000000000000000000003b80000000000000000000000000000000000000000000000000000000000000"
128704,69632,31,59072,"0000000000000000000000000000000000000000000000000000000000003d"
128736,123123,62,5613,"0000000000000000000000000000000000000000000000000000000000004000000000000000000000000000000000000000000000000000000000000000"
128800,97716,31,31084,"00000000000000000000000000000000000000000000000000000000000044"
128832,128800,31,32,"00000000000000000000000000000000000000000000000000000000000044"
128864,128832,30,32,"000000000000000000000000000000000000000000000000000000000000"
128895,128767,31,128,"00000000000000000000000000000000000000000000000000000000000000"
128928,117152,38,11776,"0000000000000000000000000000000000000000000000000000000000000392f9038f830305"
128972,117196,129,11776,"8313f7c094a658742d33ebd2ce2f0bdff73515aa797fd161d980b90364252f7b01000000000000000000000000000000000000000000000000000000000000006e00000000000000000000000045f1a95a4d3f3836523f5c83673c797f4d4d263b0000000000000000000000000000000000000000000000000000000000043238"
129133,129101,32,32,"10889cb514fe02e79cef127e94558ba99fce9d952d1b96d8e3efe7414bb12ef7"
129165,117389,103,11776,"00000000000000000000000000000000000000000000000000000000000000c000000000000000000000000000000000000000000000000000000000000002740000000000000000000000004d73adb72bc3dd368966edd0f0b2148401a178e2000000000000c2"
129269,117493,230,11776,"006e352d8275aae3e0c2404d9f68f6cee084b5beb3dd00b745f1a95a4d3f3836523f5c83673c797f4d4d263b0000000000000000000000000000000000000000000000000000000000000001000000000000000000000000000000000000000000000000000000000000000d000000000000000000000000000000000000000000000000000000000000000d00000000000000000000000000000000000000000000000000000000000000000000000000000000000000000000000000000000000000000000000000000000000000000000000000000000000000000000000000000021327f"
129505,129471,25,34,"00000000000000000000000000000000000000000000000000"
129537,129469,27,68,"000000000000000000000000000000000000000000000000000000"
129568,116249,28,13319,"00000000000000000000000000000000000000000000000000000018"
129601,129438,58,163,"00000000000000000000000000000000000000000000000000000000000000000000000000000000000000000000000000000000000000000000"
129659,129595,31,64,"18e94bb4e72b00000000000000000000000000000000000000000000000000"
129697,117921,96,11776,"00000000000000000000000000000000000000000000000000000000000001c000000000000000000000000000000000000000000000000000000000000002000000000000000000000000000000000000000000000000000000000000000014"
129813,105461,113,24352,"000000000000000000000000000000000000000000000000000000000000000000000000000000000000000000000000000000000000000082e708808000000000000000000000000000000000000000000000000000000000000000000000000000000000000000000392f9038f830305"
129927,128967,134,960,"843a05dffb8313f7c094a658742d33ebd2ce2f0bdff73515aa797fd161d980b90364252f7b01000000000000000000000000000000000000000000000000000000000000006e00000000000000000000000045f1a95a4d3f3836523f5c83673c797f4d4d263b0000000000000000000000000000000000000000000000000000000000043238"
130093,130061,32,32,"f436b249995ea488ecebd71c3a775813d853c2546c13eb383ae0e9dcbaf7f869"
130125,129165,103,960,"00000000000000000000000000000000000000000000000000000000000000c000000000000000000000000000000000000000000000000000000000000002740000000000000000000000004d73adb72bc3dd368966edd0f0b2148401a178e2000000000000c2"
130229,129269,256,960,"006e352d8275aae3e0c2404d9f68f6cee084b5beb3dd00b745f1a95a4d3f3836523f5c83673c797f4d4d263b0000000000000000000000000000000000000000000000000000000000000001000000000000000000000000000000000000000000000000000000000000000d000000000000000000000000000000000000000000000000000000000000000d00000000000000000000000000000000000000000000000000000000000000000000000000000000000000000000000000000000000000000000000000000000000000000000000000000000000000000000000000000021327f97f7978f63850000000000000000000000000000000000000000"
130229,129269,4,960,"006e352d"
130497,129766,27,731,"000000000000000000000000000000000000000000000000000014"
130528,130161,27,367,"000000000000000000000000000000000000000000000000000002"
130561,114469,58,16092,"00000000000000000000000000000000000000000000000000000000000000000000000000000000000000000000000000000000000000000002"
130619,130555,30,64,"ce987427477a000000000000000000000000000000000000000000000000"
130657,129697,96,960,"00000000000000000000000000000000000000000000000000000000000001c000000000000000000000000000000000000000000000000000000000000002000000000000000000000000000000000000000000000000000000000000000014"
130773,118037,113,12736,"000000000000000000000000000000000000000000000000000000000000000000000000000000000000000000000000000000000000000082e708808000000000000000000000000000000000000000000000000000000000000000000000000000000000000000000232f9022f830306"
130892,118156,128,12736,"83048d9c94cb566e3b6934fa77258d68ea18e931fa75e1aaaa80b902046c459a2800000000000000000000000038de71124f7a447a01d67945a51edce9ff49125100000000000000000000000000000000000000000000000000000000000000800000000000000000000000000000000000000000000000000000000064fada"
131021,103181,100,27840,"00000000000000000000000000000000000000000000000000000000000001400000000000000000000000000000000000000000000000000000000000000084704316e5000000000000000000000000000000000000000000000000000000000000006e"
131153,130721,32,432,"0000000000000000000000000000000000000000000000000000000000000014"
131185,131121,63,64,"4e8d1def19c01b9c61a854f784024f25ce020fc6e152f8cb0350e86e65a5a33500000000000000000000000000000000000000000000000000000000000000"
131248,130801,29,447,"0000000000000000000000000000000000000000000000000000000082"
131406,103566,80,27840,"1c00000000000000000000000000000000000000000000000000000000000082e70880800000000000000000000000000000000000000000000000000000000000000000000000000000000000000000"
131486,130878,8,608,"0232f9022f830306"
131495,130887,233,608,"8439fe2ea683048d9c94cb566e3b6934fa77258d68ea18e931fa75e1aaaa80b902046c459a2800000000000000000000000038de71124f7a447a01d67945a51edce9ff49125100000000000000000000000000000000000000000000000000000000000000800000000000000000000000000000000000000000000000000000000064fada5900000000000000000000000000000000000000000000000000000000000001400000000000000000000000000000000000000000000000000000000000000084704316e500000000000000000000000000000000000000000000000000000000000000"
131761,121012,32,10749,"000000000000000000000000000000000000000000000000000000000000000a"
131793,131729,63,64,"bccfbc137be37b8a23cd641d407f5c02548d5a11fdf69e1bd0c4a8b22ec6b54e00000000000000000000000000000000000000000000000000000000000000"
131856,131409,29,447,"0000000000000000000000000000000000000000000000000000000082"
132014,131406,88,608,"1c00000000000000000000000000000000000000000000000000000000000082e708808000000000000000000000000000000000000000000000000000000000000000000000000000000000000000000232f9022f830306"
132103,130887,234,1216,"8439fe2ea683048d9c94cb566e3b6934fa77258d68ea18e931fa75e1aaaa80b902046c459a2800000000000000000000000038de71124f7a447a01d67945a51edce9ff49125100000000000000000000000000000000000000000000000000000000000000800000000000000000000000000000000000000000000000000000000064fada5900000000000000000000000000000000000000000000000000000000000001400000000000000000000000000000000000000000000000000000000000000084704316e5000000000000000000000000000000000000000000000000000000000000006e"
132369,131153,32,1216,"0000000000000000000000000000000000000000000000000000000000000014"
132401,132337,63,64,"2fe555f44f94f321fa1b71deb4ad17b48bed6568056a6ff5c2875f28ff98ddb700000000000000000000000000000000000000000000000000000000000000"
132464,132017,29,447,"0000000000000000000000000000000000000000000000000000000082"
132622,132014,88,608,"1c00000000000000000000000000000000000000000000000000000000000082e708808000000000000000000000000000000000000000000000000000000000000000000000000000000000000000000232f9022f830306"
132711,129927,6,2784,"843a05dffb83"
132717,132109,127,608,"048d9c94cb566e3b6934fa77258d68ea18e931fa75e1aaaa80b902046c459a2800000000000000000000000038de71124f7a447a01d67945a51edce9ff49125100000000000000000000000000000000000000000000000000000000000000800000000000000000000000000000000000000000000000000000000064fada"
132845,88365,100,44480,"00000000000000000000000000000000000000000000000000000000000001400000000000000000000000000000000000000000000000000000000000000084704316e5000000000000000000000000000000000000000000000000000000000000006f"
132977,132369,32,608,"0000000000000000000000000000000000000000000000000000000000000014"
133009,132945,63,64,"35547e6da0b1b9b71d63fadbaa862e7e99263159a82f9316835c8007edb9be3c00000000000000000000000000000000000000000000000000000000000000"
133072,132625,29,447,"0000000000000000000000000000000000000000000000000000000082"
133181,133099,1,82,"00"
133221,107793,2,25428,"00a8"
133230,118670,80,14560,"1b00000000000000000000000000000000000000000000000000000000000082e70880800000000000000000000000000000000000000000000000000000000000000000000000000000000000000000"
133310,123422,9,9888,"01f402f901f082e708"
133319,118755,3,14564,"808430"
133325,133320,4,5,"84305a3a"
133334,123446,220,9888,"940872ec4426103482a50f26ffc32acefcec61b3c980b901c4d4dfd6bc0000000000000000000000000000000000000000000000000000000000000000000000000000000000000000000000000000000000000000000000000000000000000000000000000000000000000000000000000000000000000000000000000000000000000000000000000000000000000000000000000000000000000001000000000000000000000000000000000000000000000000000000000000000100000000000000000000000000000000000000000000000000000000652213"
133554,83689,161,49865,"0900000000000000000000000000000000000000000000000000000000000000000000000000000000000000000000000000000000000000000000000000000005000000000000000000000000000000000000000000000000000000000000000000000000000000000000000000000000000000000000000000000000000001400000000000000000000000000000000000000000000000000000000000000041"
133745,133713,1,32,"00"
133769,132811,3,958,"008000"
133779,123891,75,9888,"1b00000000000000000000000000000000000000000000000000000000000000c0000000000000000000000000000000000000000000000000000000000000000000000000000000000000"
133854,122174,9,11680,"035a02f9035682e708"
133864,133320,11,544,"84305a3aa084305a3aae83"
133875,122195,210,11680,"027c75940cab6977a9c70e04458b740476b498b21401964186d017a6b98000b90324744773f100000000000000000000000000000000000000000000000000000000000001000000000000000000000000000000000000000000000000000000000000000000000000000000000000000000000000000000000000000000000000000000001c142a0a9dc1048d952989b1ac09ebf92d5a10fc522377cbfa9322fb4aa3a94e3e5c39d51d2064bf0ab68698091d1216a9c1b80936fc16ad69b29030d269f04b61000000000000000000000000"
134105,122425,256,11680,"0000000000000000000000000000000000000000000000000000000000000001000000000000000000000000000000000000000000000000000000000000030000000000000000000000000001e4a663fffaf1430d3a36588b2c14b72231d8b4000000000000000000000000000000000000000000000000000000000000000000000000000000000000000000000000000000000000000064fa842764fa926f000000000000000000000000000000000000000000000000000000000000006c000000000000000000000000eeeeeeeeeeeeeeeeeeeeeeeeeeeeeeeeeeeeeeee0000000000000000000000000000000000000000000000000027d486e9818000"
134105,122425,256,11680,"0000000000000000000000000000000000000000000000000000000000000001000000000000000000000000000000000000000000000000000000000000030000000000000000000000000001e4a663fffaf1430d3a36588b2c14b72231d8b4000000000000000000000000000000000000000000000000000000000000000000000000000000000000000000000000000000000000000064fa842764fa926f000000000000000000000000000000000000000000000000000000000000006c000000000000000000000000eeeeeeeeeeeeeeeeeeeeeeeeeeeeeeeeeeeeeeee0000000000000000000000000000000000000000000000000027d486e9818000"
134105,122425,134,11680,"0000000000000000000000000000000000000000000000000000000000000001000000000000000000000000000000000000000000000000000000000000030000000000000000000000000001e4a663fffaf1430d3a36588b2c14b72231d8b40000000000000000000000000000000000000000000000000000000000000000000000000000"
134752,133312,3,1440,"02f901"
134755,108098,4,26657,"7682e708"
134759,133863,3,896,"038430"
134765,134760,4,5,"843053d1"
134774,133878,22,896,"940cab6977a9c70e04458b740476b498b21401964186"
134801,118793,3,16008,"00b901"
134809,108600,8,26209,"000000000000011b"
134853,134309,20,544,"eeeeeeeeeeeeeeeeeeeeeeeeeeeeeeeeeeeeeeee"
134885,134565,20,320,"7538262ae993ca117a0e481f908209137a46268e"
134969,134682,63,287,"00000000000000000000000000000000000000000000000000000000000000c000000000000000000000000000000000000000000000000000000000000000"
135033,106092,13,28941,"00000000000000000000000023"
135065,134814,2,251,"0001"
135068,135039,6,29,"000000000000"
135097,92298,7,42799,"000000000000ac"
135104,134797,5,307,"cdd281e000"
135109,130350,19,4759,"0000000000000000000000000000000000000d"
135130,134676,37,454,"00000000000000000000000000000000000000000000000000000000000000000000000000"
135171,134765,4,406,"843053d1"
135200,120489,3,14711,"80b844"
135207,128146,13,7061,"0000000000000000000000001a"
135236,135218,1,18,"00"
135239,134719,32,520,"0000000000000000000000000000000000000000000000000000000000000001"
135271,126855,56,8416,"82e7088080000000000000000000000000000000000000000000000000000000000000000000000000000000000000000000000000000000"
135335,70315,3,65020,"0082d3"
135340,121318,20,14022,"e5d7c2a44ffddf6b295a15c148167daaaf5cf34f"
135362,95031,28,40331,"2e1a7d4d000000000000000000000000000000000000000000000000"
135396,114440,58,20956,"000082e7088080000000000000000000000000000000000000000000000000000000000000000000000000000000000000000000000000000000"
135454,121854,9,13600,"011a02f9011682e708"
135464,82088,11,53376,"842ee0a9f3842ee0a9fd83"
135477,108629,22,26848,"be948731d54e9d02c286767d56ac03e8037c07e01e98"
135506,121906,51,13600,"1eb8e41114cd2a00000000000000000000000000000000000000000000000000000000000000b8000000000000000000000000"
135577,125288,57,10289,"00000000000000000000000000000000000000000000000000000000000000a000000000000000000000000000000000000000000000000000"
135640,128772,27,6868,"000000000000000000000000000000000000000000000000000042"
135672,130720,33,4952,"000000000000000000000000000000000000000000000000000000000000000014"
135705,135557,32,148,"6232e78d54c4845c977fc9e11d7e61c5316d12d1000000000000000000000000"
135737,134713,38,1024,"c000000000000000000000000000000000000000000000000000000000000000000000000001"
135775,108607,8,27168,"1b02f9011782e708"
135784,135464,13,320,"842ee0a9f3842ee0a9fd83078b"
135797,81269,22,54528,"d6948731d54e9d02c286767d56ac03e8037c07e01e98"
135826,121905,52,13921,"961eb8e41114cd2a00000000000000000000000000000000000000000000000000000000000000b8000000000000000000000000"
135898,135577,56,321,"00000000000000000000000000000000000000000000000000000000000000a0000000000000000000000000000000000000000000000000"
135960,77080,27,58880,"800000000000000000000000000000000000000000000000000001"
135993,135672,33,321,"000000000000000000000000000000000000000000000000000000000000000014"
136026,135878,32,148,"9c499052510835074396e62184d226dc656da773000000000000000000000000"
136058,108890,45,27168,"c00000000000000000000000000000000000000000000000000000000000000000000000029b02f9029782e708"
136103,108615,3,27488,"03842e"
136106,135786,9,320,"e0a9f3842ee0a9fd83"
136115,108947,26,27168,"0282509480e38291e06339d10aab483c65695d004dbd5c698730"
136147,108979,63,27168,"b902642cc4081e0000000000000000000000000000000000000000000000000000000000000060000000000000000000000000000000000000000000000001"
136218,134229,30,1989,"0000000000000000000000000000000000000000000000000000000064fa"
136250,109082,154,27168,"00000000000000000000000000000000000000000000000000000000000000010000000000000000000000000000000000000000000000000000000000000020000000000000000000000000000000000000000000000000000000000000006000000000000000000000000000000000000000000000000000000000000000000000000000000000000000000000000000000000000000000030"
136404,136141,6,263,"9adb0d0f1e1f"
136410,109242,256,27168,"000000000000000000000000000000000000000000000000000000000000000100000000000000000000000000000000000000000000000000000000000000200000000000000000000000007f72e0d8e9abf9133a92322b8b50bd8e0f9dcfcb0000000000000000000000000000000000000000000000000000000000000080000000000000000000000000000000000000000000000000000000000000000000000000000000000000000000000000000000000000000000000000000001000000000000000000000000000000000000000000000000000000000000000060000000000000000000000000e5d7c2a44ffddf6b295a15c148167daaaf5cf34f"
136410,109242,12,27168,"000000000000000000000000"
136698,121658,100,15040,"00000000000000000000000000000000000000000000000000000000000000020000000000000000000000000000000000000000000000000000000000000000c00000000000000000000000000000000000000000000000000000000000000000000000"
136800,136096,3,704,"02f902"
136803,111458,4,25345,"7782e708"
136807,80743,3,56064,"01842e"
136810,136106,9,704,"e0a9f3842ee0a9fd83"
136822,118765,22,18057,"94f82537fb6c56a3b50092d3951f84f5f6c835b4f587"
136851,97260,38,39591,"b902445ae401dc0000000000000000000000000000000000000000000000000000000064fa87"
136890,97299,127,39591,"00000000000000000000000000000000000000000000000000000000000000400000000000000000000000000000000000000000000000000000000000000002000000000000000000000000000000000000000000000000000000000000004000000000000000000000000000000000000000000000000000000000000001"
137018,118929,32,18089,"0000000000000000000000000000000000000000000000000000000000000124"
137054,118965,76,18089,"00000000000000000000000000000000000000000000000000000000000000200000000000000000000000000000000000000000000000000000000000000080000000000000000000000000"
137130,95911,49,41219,"b5397e1f154bd72dacdafbb748e772e49e0d2d350000000000000000000000000000000000000000000000000000000000"
137182,74341,27,62841,"000000000000000000000000000000000000000000000000000219"
137209,136846,5,363,"5fb8fd2aeb"
137214,128767,32,8447,"0000000000000000000000000000000000000000000000000000000000000042"
137246,119203,22,18043,"176211869ca2b568f2a7d4ee941e073a821ee1ff0000"
137268,119179,24,18089,"647d43aabc515c356145049227cee54b608342c0ad000064"
137292,94883,109,42409,"e5d7c2a44ffddf6b295a15c148167daaaf5cf34f0000000000000000000000000000000000000000000000000000000000000000000000000000000000000000000000000000000000000000000000000000000000000000000000000000000000000000000000000000000000"
137401,80185,70,57216,"0412210e8a00000000000000000000000000000000000000000000000000000000c0000000000000000000000000000000000000000000000000000000000000000000000000"
137471,117087,6,20384,"3602f482e708"
137477,120614,3,16863,"15842e"
137483,137478,4,5,"842eda32"
137492,96086,21,41406,"9405209fcc5b065e642a996b409207721372e9adff"
137519,120400,47,17119,"00841249c58bc000000000000000000000000000000000000000000000000000000000000000000000000000000000"
137566,123070,9,14496,"013302f9012f82e708"
137575,136103,3,1472,"03842e"
137578,137480,8,98,"da3283842eda328d"
137586,123090,128,14496,"827e5494d1a3abf42f9e66be86cfdea8c5c2c74f041c5e1480b901045b7d7482000000000000000000000000000000000000000000000000000000000000004000000000000000000000000000000000000000000000000000000000000000a00000000000000000000000000000000000000000000000000000000000000040"
137728,111368,3,26360,"653636"
137735,111004,3,26731,"623735"
137741,111020,3,26721,"316463"
137755,111017,3,26738,"343437"
137761,98149,3,39612,"376532"
137768,111019,3,26749,"373164"
137772,111265,3,26507,"623738"
137778,123282,33,14496,"000000000000000000000000000000000000000000000000000000000000004063"
137818,98161,3,39657,"393339"
137822,98188,3,39634,"613663"
137831,123272,3,14559,"386165"
137836,96822,3,41014,"633132"
137846,137750,3,96,"303765"
137859,98035,3,39824,"366564"
137862,96833,3,41029,"353062"
137866,111391,3,26475,"313037"
137875,137357,44,518,"0000000000000000000000000000000000000000000000000000000000000000000000000000000000000000"
137923,135460,6,2463,"82e70805842e"
137929,137480,10,449,"da3283842eda328d8301"
137968,137918,2,50,"00b8"
137974,82503,64,55471,"00000000000000000000000000000000000000000000000000000000000000004000000000000000000000000000000000000000000000000000000000000000"
138039,90367,32,47672,"0000000000000000000000000000000000000000000000000000000000000009"
138080,133788,62,4292,"0000000000000000000000000000000000000000000000c00000000000000000000000000000000000000000000000000000000000000000000000000000"
138142,108606,12,29536,"011b02f9011782e70803842e"
138154,137929,9,225,"da3283842eda328d83"
138166,135798,22,2368,"948731d54e9d02c286767d56ac03e8037c07e01e9888"
138195,108659,51,29536,"96b8e41114cd2a000000000000000000000000000000000000000000000000000000000000006e000000000000000000000000"
138266,137650,56,616,"00000000000000000000000000000000000000000000000000000000000000a0000000000000000000000000000000000000000000000000"
138329,78486,26,59843,"000000000000000000000000000000000000000000000000000c"
138361,135993,33,2368,"000000000000000000000000000000000000000000000000000000000000000014"
138394,138246,32,148,"e821e4b24562b8f659dbd1997bd42c8e9b01a8cc000000000000000000000000"
138427,120571,43,17856,"0000000000000000000000000000000000000000000000000000000000000000000000005102f84e82e708"
138470,81255,3,57215,"02842e"
138473,137929,10,544,"da3283842eda328d8301"
138483,120627,107,17856,"0a3b949dba31e492b7e98b8195e254ee13b6b027e4a59d80a4a7f68792766f746500000000000000000000000000000000000000000000000000000000c0000000000000000000000000000000000000000000000000000000000000000000000000000000000000000000"
138590,135454,9,3136,"011a02f9011682e708"
138599,138151,13,448,"03842eda3283842eda328d8307"
138612,135476,24,3136,"8bbe948731d54e9d02c286767d56ac03e8037c07e01e9887"
138641,135505,52,3136,"d61eb8e41114cd2a00000000000000000000000000000000000000000000000000000000000000b8000000000000000000000000"
138713,137650,57,1063,"00000000000000000000000000000000000000000000000000000000000000a000000000000000000000000000000000000000000000000000"
138776,134585,27,4191,"0000000000000000000000000000000000000000000000000000d0"
138808,138361,33,447,"000000000000000000000000000000000000000000000000000000000000000014"
138841,138693,32,148,"b6d68559c86fb291ea2543be2f0eeee01c8ade98000000000000000000000000"
138874,138553,37,321,"00000000000000000000000000000000000000000000000000000000000000000000000000"
138911,80255,10,58656,"7202f86f82e70802842e"
138924,138919,3,5,"842ed6"
138931,121605,2,17326,"007d"
138933,111477,21,27456,"94009a0b7c38b542208936f1179151cd08e2943833"
138954,135200,3,3754,"80b844"
138961,111513,56,27448,"000000000000000000000000c7d8489dae3d2ebef075b1db2257e2c231c9d231000000000000000000000000000000000000000000000000"
139017,127933,2,11084,"0007"
139026,138546,44,480,"0000000000000000000000000000000000000000000000000000000000000000000000000000000000000000"
139071,97215,3,41856,"7402f9"
139075,97219,4,41856,"7082e708"
139085,139080,4,5,"842d673e"
139094,93014,23,46080,"946352a56caadc4f1e25cd6c75970fa768a3304e6480b9"
139119,93039,208,46080,"90411a320000000000000000000000002b5f704ab7061fb4dbfc5876b024f4bdb2f5e8b6000000000000000000000000000000000000000000000000000000000000006000000000000000000000000000000000000000000000000000000000000001c0000000000000000000000000176211869ca2b568f2a7d4ee941e073a821ee1ff000000000000000000000000eeeeeeeeeeeeeeeeeeeeeeeeeeeeeeeeeeeeeeee0000000000000000000000002b5f704ab7061fb4dbfc5876b024f4bdb2f5e8b6000000000000000000000000"
139347,115361,30,23986,"000000000000000000000000000000000000000000000000000000000006"
139379,139350,26,29,"0000000000000000000000000000000000000000000000000000"
139411,139379,26,32,"0000000000000000000000000000000000000000000000000000"
139443,90771,159,48672,"00000000000000000000000000000000000000000000000000000000000000020000000000000000000000003487ef9f9b36547e43268b8f0e2349a226c70b530000000000000000000000000000000000000000000000000000000000000140000000000000000000000000000000000000000000000000000000000000000000000000000000000000000000000000000000000000000000000000000000"
139602,93522,63,46080,"0500000000000000000000000000000000000000000000000000000000000000a0000000000000000000000000000000000000000000000000000000000000"
139667,115360,62,24307,"00000000000000000000000000000000000000000000000000000000000006c0000000000000000000000000000000000000000000000000000000000000"
139731,76511,62,63220,"0000000000000000000000000000000000000000000000000000000000000a00000000000000000000000000000000000000000000000000000000000000"
139793,95733,128,44060,"0000000000000000000000000000000000000000000000000000000000000000000000000000000000000000000000000000000000000000000000000000000000000000000000000000000000000000000000000000000000000000000000000080000000000000000000000000000000000000000000000000000000000000"
139927,93847,126,46080,"000000000000000000000000176211869ca2b568f2a7d4ee941e073a821ee1ff00000000000000000000000000000001000000000000000000000000000000010000000000000000000000000000000000000000000000000000000000000080000000000000000000000000000000000000000000000000000000000000"
140054,79641,96,60413,"200000000000000000000000000000000000000000000000000000000000000002000000000000000000000000000000000000000000000000000000000000004000000000000000000000000000000000000000000000000000000000000001"
140150,93682,159,46468,"600000000000000000000000000000000000000000000000000000000000000000000000000000000000000000000000000000000000000000000000000000000000000000000000000000000000000000000000000000000000000000000000000000000000000000000000000000000000000000000000000000000000000080000000000000000000000000000000000000000000000000000000000000"
140309,137290,2,3019,"0064"
140315,139927,44,388,"000000000000000000000000176211869ca2b568f2a7d4ee941e073a821ee1ff000000000000000000000000"
140379,139347,58,1032,"0000000000000000000000000000000000000000000000000000000000061a800000000000000000000000000000000000000000000000000000"
140437,120433,15,20004,"000000000000000000000000000071"
140452,140360,48,92,"60570bb153edd0ea1775ec2b2ac9b65f1ab61b0000000000000000000000000000000000000000000000000000000000"
140500,140212,99,288,"000000000000000000000000000000000000000000000000000000000000000000000000000000000000000000000000000000000000000000000000000000000000800000000000000000000000000000000000000000000000000000000000000064"
140603,140315,44,288,"000000000000000000000000176211869ca2b568f2a7d4ee941e073a821ee1ff000000000000000000000000"
140667,140379,72,288,"0000000000000000000000000000000000000000000000000000000000061a8000000000000000000000000000000000000000000000000000000000000000000000000000000000"
140739,140067,51,672,"000000000000000000000000000000000000000200000000000000000000000000000000000000000000000000000000000000"
140791,95671,72,45120,"000000000000000000000000000000000000000000000000000000000000004400000000000000000000000000000000000000000000000000000000000000000000000000000000"
140863,140647,49,216,"5ec5b1e9b1bd5198343abb6e55fb695d2f7bb3080000000000000000000000000000000000000000000000000000000000"
140912,95472,98,45440,"0000000000000000000000000000000000000000000000000000000000000000000000000000000000000000000000000000000000000000000000000000000000008000000000000000000000000000000000000000000000000000000000000001"
141015,140947,44,68,"0000000000000000000000000000000000000000000000000000000000000080000000000000000000000000"
141059,94531,82,46528,"2b5f704ab7061fb4dbfc5876b024f4bdb2f5e8b60000000000000000000000000000000000000000000000000000000000000000000000000000000000000000000000000000000000000000000000000000"
141141,136600,46,4541,"01000000000000000000000000000000000000000000000000000000000000000060000000000000000000000000"
141187,94499,83,46688,"176211869ca2b568f2a7d4ee941e073a821ee1ff0000000000000000000000002b5f704ab7061fb4dbfc5876b024f4bdb2f5e8b600000000000000000000000000000000000000000000000000000000000000"
141271,95067,183,46204,"000000000000000000000000000000000000000000000000000000000000000000000000000000000000000000000000000000000000000000000000000000000000000000000000000000000000000000000000000000000000000000000000000000000000000000000000000000000000000000000000000000000000000000000000000000000000000000000000000000000000000000000000000000000000000000000000000000000000000000000000000000"
141454,94702,256,46752,"000000008000000000000000000000000000000000000000000000000000000000000001649f865422000000000000000000000000e5d7c2a44ffddf6b295a15c148167daaaf5cf34f000000000000000000000000000000010000000000000000000000000000000100000000000000000000000000000000000000000000000000000000000000800000000000000000000000000000000000000000000000000000000000000004000000000000000000000000e5d7c2a44ffddf6b295a15c148167daaaf5cf34f00000000000000000000000000000000000000000000000000000000000000000000000000000000000000000000000000000000000000"
141454,94702,256,46752,"000000008000000000000000000000000000000000000000000000000000000000000001649f865422000000000000000000000000e5d7c2a44ffddf6b295a15c148167daaaf5cf34f000000000000000000000000000000010000000000000000000000000000000100000000000000000000000000000000000000000000000000000000000000800000000000000000000000000000000000000000000000000000000000000004000000000000000000000000e5d7c2a44ffddf6b295a15c148167daaaf5cf34f00000000000000000000000000000000000000000000000000000000000000000000000000000000000000000000000000000000000000"
141454,94702,162,46752,"000000008000000000000000000000000000000000000000000000000000000000000001649f865422000000000000000000000000e5d7c2a44ffddf6b295a15c148167daaaf5cf34f0000000000000000000000000000000100000000000000000000000000000001000000000000000000000000000000000000000000000000000000000000008000000000000000000000000000000000000000000000000000"
142128,139436,38,2692,"00dcd759ff64df00000000000000000000000000000000000000000000000000000000000000"
142166,95414,256,46752,"000000000000000000000000000000000000000000000000000000000000000000000000000000000000000000000000000000000000000000000000000000000000000000000000000000000000000000000000000000000000000000000000000000000000000000000000000000000000000000000000000000008000000000000000000000000000000000000000000000000000000000000001a49f865422000000000000000000000000eeeeeeeeeeeeeeeeeeeeeeeeeeeeeeeeeeeeeeee000000000000000000000000000000010000000000000000000000000000000100000000000000000000000000000000000000000000000000000000000000"
142166,95414,241,46752,"000000000000000000000000000000000000000000000000000000000000000000000000000000000000000000000000000000000000000000000000000000000000000000000000000000000000000000000000000000000000000000000000000000000000000000000000000000000000000000000000000000008000000000000000000000000000000000000000000000000000000000000001a49f865422000000000000000000000000eeeeeeeeeeeeeeeeeeeeeeeeeeeeeeeeeeeeeeee000000000000000000000000000000010000000000000000000000000000000100000000000000000000000000000000"
142663,139327,49,3336,"41effb8f5d8fd4e4826d19fd53ae5c469aaf28940000000000000000000000000000000000000000000000000000000000"
142712,95960,103,46752,"0000010000000000000000000000000000000000000000000000000000000000000000000000000000000000000000000000000000000000000000c000000000000000000000000000000000000000000000000000000000000000000000000000000000000001"
142815,125119,53,17696,"0df9010a01842aea5400829d78940872ec4426103482a50f26ffc32acefcec61b3c980b8e4f242432a000000000000000000000000"
142888,112552,256,30336,"000000000000000000000000aec3cacef9457ff2821d9f85429ce3d90b0014590000000000000000000000000000000000000000000000000000000000000005000000000000000000000000000000000000000000000000000000000000000100000000000000000000000000000000000000000000000000000000000000a00000000000000000000000000000000000000000000000000000000000000000000000000000000000000000000000000000000000000000000000000000000082e708808000000000000000000000000000000000000000000000000000000000000000000000000000000000000000000000000000010df9010a01842aea54"
142888,112552,44,30336,"000000000000000000000000aec3cacef9457ff2821d9f85429ce3d90b001459000000000000000000000000"
143190,130455,2,12735,"0021"
143208,124040,256,19168,"000000000000000000000000aec3cacef9457ff2821d9f85429ce3d90b0014590000000000000000000000000000000000000000000000000000000000000005000000000000000000000000000000000000000000000000000000000000000100000000000000000000000000000000000000000000000000000000000000a00000000000000000000000000000000000000000000000000000000000000000000000000000000000000000000000000000000000000000000000000000000082e70880800000000000000000000000000000000000000000000000000000000000000000000000000000000000000000000000000000ecf8ea01842aea5400"
143208,124040,43,19168,"000000000000000000000000aec3cacef9457ff2821d9f85429ce3d90b0014590000000000000000000000"
143527,124359,256,19168,"00000000000000000000000001e4a663fffaf1430d3a36588b2c14b72231d8b40000000000000000000000000000000000000000000000000000000000000005000000000000000000000000000000000000000000000000000000000000000100000000000000000000000000000000000000000000000000000000000000a0000000000000000000000000000000000000000000000000000000000000000082e7088080000000000000000000000000000000000000000000000000000000000000000000000000000000000000000000000000000001eff901ec80842aea540083015f90940872ec4426103482a50f26ffc32acefcec61b3c980b901c4d4"
143527,124359,193,19168,"00000000000000000000000001e4a663fffaf1430d3a36588b2c14b72231d8b40000000000000000000000000000000000000000000000000000000000000005000000000000000000000000000000000000000000000000000000000000000100000000000000000000000000000000000000000000000000000000000000a0000000000000000000000000000000000000000000000000000000000000000082e708808000000000000000000000000000000000000000000000000000000000"
143978,133555,160,10423,"00000000000000000000000000000000000000000000000000000000000000000000000000000000000000000000000000000000000000000000000000000005000000000000000000000000000000000000000000000000000000000000000000000000000000000000000000000000000000000000000000000000000001400000000000000000000000000000000000000000000000000000000000000041"
144202,84458,256,59744,"1b0000000000000000000000000000000000000000000000000000000000000082e7088080000000000000000000000000000000000000000000000000000000000000000000000000000000000000000000000001eff901ec80842aea540083015f90940872ec4426103482a50f26ffc32acefcec61b3c980b901c4d4dfd6bc0000000000000000000000000000000000000000000000000000000000000000000000000000000000000000000000000000000000000000000000000000000000000000000000000000000000000000000000000000000000000000000000000000000000000000000000000000000000000000000000000000000000000001"
144202,84458,63,59744,"1b0000000000000000000000000000000000000000000000000000000000000082e70880800000000000000000000000000000000000000000000000000000"
144522,143978,160,544,"00000000000000000000000000000000000000000000000000000000000000000000000000000000000000000000000000000000000000000000000000000005000000000000000000000000000000000000000000000000000000000000000000000000000000000000000000000000000000000000000000000000000001400000000000000000000000000000000000000000000000000000000000000041"
144746,83914,256,60832,"1b0000000000000000000000000000000000000000000000000000000000000082e7088080000000000000000000000000000000000000000000000000000000000000000000000000000000000000000000000001eff901ec80842aea540083015f90940872ec4426103482a50f26ffc32acefcec61b3c980b901c4d4dfd6bc0000000000000000000000000000000000000000000000000000000000000000000000000000000000000000000000000000000000000000000000000000000000000000000000000000000000000000000000000000000000000000000000000000000000000000000000000000000000000000000000000000000000000001"
144746,83914,63,60832,"1b0000000000000000000000000000000000000000000000000000000000000082e70880800000000000000000000000000000000000000000000000000000"
145066,144522,160,544,"00000000000000000000000000000000000000000000000000000000000000000000000000000000000000000000000000000000000000000000000000000005000000000000000000000000000000000000000000000000000000000000000000000000000000000000000000000000000000000000000000000000000001400000000000000000000000000000000000000000000000000000000000000041"
145290,126442,89,18848,"1c0000000000000000000000000000000000000000000000000000000000000082e70880800000000000000000000000000000000000000000000000000000000000000000000000000000000000000000000000002eed8202"
145380,126818,9,18562,"842aea540082520894"
145409,101249,74,44160,"8654953ff6d0008082e7088080000000000000000000000000000000000000000000000000000000000000000000000000000000000000000000000000002ceb58842aea540082520894"
145503,126751,66,18752,"865af3107a40008082e70880800000000000000000000000000000000000000000000000000000000000000000000000000000000000000000000000000000002ceb"
145569,145473,10,96,"58842aea540082520894"
145590,145574,1,16,"00"
145599,145503,76,96,"865af3107a40008082e70880800000000000000000000000000000000000000000000000000000000000000000000000000000000000000000000000000000002ceb58842aea540082520894"
145695,85855,97,59840,"865af3107a40008082e7088080000000000000000000000000000000000000000000000000000000000000000000000000000000000000000000000000000000000000000000000000000000000000000000000000000000000000000000000294"
145792,114568,40,31224,"e93685f3bba03016f02bd1828badd6195988d950e93685f3bba03016f02bd1828badd6195988d950"
145832,101440,40,44392,"b8ff877ed78ba520ece21b1de7843a8a57ca47cbb8ff877ed78ba520ece21b1de7843a8a57ca47cb"
145872,145852,40,20,"b8ff877ed78ba520ece21b1de7843a8a57ca47cbb8ff877ed78ba520ece21b1de7843a8a57ca47cb"
145932,134085,20,11847,"d75f047640a973f8feb6786d9ded055ded637946"
145952,134841,8,11111,"37223d78e845ca7c"
145960,134873,12,11087,"c581d4433478f432a23036d8"
146012,135705,20,10307,"6232e78d54c4845c977fc9e11d7e61c5316d12d1"
146032,136026,20,10006,"9c499052510835074396e62184d226dc656da773"
146052,136678,20,9374,"934e8fd3e73630f6e44dd00fe7c006eb13d0b168"
146072,101560,40,44512,"b5397e1f154bd72dacdafbb748e772e49e0d2d3505ca4c1bf15f21e555753e883aaed535294c54a9"
146152,138394,20,7758,"e821e4b24562b8f659dbd1997bd42c8e9b01a8cc"
146192,138841,20,7351,"b6d68559c86fb291ea2543be2f0eeee01c8ade98"
146232,142663,20,3569,"41effb8f5d8fd4e4826d19fd53ae5c469aaf2894"
146252,142868,20,3384,"d17067eccd98d840778ab38a96429da51b679935"
146272,143188,20,3084,"a8120021a72004628280671d99689be832e368d9"
146292,143507,20,2785,"73626556edee605c78d8951fc20864bfbc591985"
146372,143539,20,2833,"01e4a663fffaf1430d3a36588b2c14b72231d8b4"
146392,127404,20,18988,"f269e8574583c27fe74b69b3f998a64efd8d0448"
146412,127384,20,19028,"40082e6f1c15d2b27b3de80cb7ad04e9ed121900"
146432,127424,63,19008,"c65347b43019f8f453d7b486d259fd6146da334e00000000000000000000000000000000000000000000000000000000000000000000000000000000000000"
146495,139069,2,7426,"000e"
146528,127680,31,18848,"0000000000000000000000000000000000000000000000000000000064fa86"
146560,142740,62,3820,"00000000000000000000000000000000000000000000000000000000000000c0000000000000000000000000000000000000000000000000000000000000"
146624,146592,30,32,"000000000000000000000000000000000000000000000000000000000000"
146655,146560,31,95,"00000000000000000000000000000000000000000000000000000000000000"
146687,146464,32,223,"0000000000000000000000000000000000000000000000000000000000000000"
146720,141592,31,5128,"00000000000000000000000000000000000000000000000000000000000004"
146752,139635,62,7117,"00000000000000000000000000000000000000000000000000000000000004e0000000000000000000000000000000000000000000000000000000000000"
146815,131761,32,15054,"000000000000000000000000000000000000000000000000000000000000000a"
146848,146466,31,382,"0000000000000000000000000000000000000000000000000000000000000e"
146880,128000,31,18880,"00000000000000000000000000000000000000000000000000000000000010"
146912,115552,31,31360,"00000000000000000000000000000000000000000000000000000000000013"
146944,128064,31,18880,"00000000000000000000000000000000000000000000000000000000000015"
146976,128096,31,18880,"00000000000000000000000000000000000000000000000000000000000017"
147008,128128,31,18880,"0000000000000000000000000000000000000000000000000000000000001a"
147040,128224,31,18816,"0000000000000000000000000000000000000000000000000000000000001d"
147071,115743,32,31328,"a00000000000000000000000000000000000000000000000000000000000001e"
147104,128320,31,18784,"00000000000000000000000000000000000000000000000000000000000022"
147135,147103,32,32,"4000000000000000000000000000000000000000000000000000000000000022"
147168,136373,31,10795,"00000000000000000000000000000000000000000000000000000000000030"
147200,102048,31,45152,"00000000000000000000000000000000000000000000000000000000000031"
147232,87424,63,59808,"000000000000000000000000000000000000000000000000000000000000344000000000000000000000000000000000000000000000000000000000000036"
147296,120321,31,26975,"00000000000000000000000000000000000000000000000000000000000037"
147328,87552,31,59776,"00000000000000000000000000000000000000000000000000000000000038"
147359,146815,31,544,"00000000000000000000000000000000000000000000000000000000000000"
147392,147360,31,32,"00000000000000000000000000000000000000000000000000000000000039"
147424,128704,62,18720,"0000000000000000000000000000000000000000000000000000000000003de0000000000000000000000000000000000000000000000000000000000000"
147488,147456,31,32,"0000000000000000000000000000000000000000000000000000000000003e"
147520,147488,30,32,"000000000000000000000000000000000000000000000000000000000000"
147552,147520,31,32,"0000000000000000000000000000000000000000000000000000000000003f"
147584,145195,31,2389,"00000000000000000000000000000000000000000000000000000000000041"
147615,137214,32,10401,"0000000000000000000000000000000000000000000000000000000000000042"
147648,147616,30,32,"000000000000000000000000000000000000000000000000000000000000"
147680,142424,31,5256,"00000000000000000000000000000000000000000000000000000000000044"
147711,127743,32,19968,"c000000000000000000000000000000000000000000000000000000000000046"
147744,127808,31,19936,"00000000000000000000000000000000000000000000000000000000000049"
147775,135296,32,12479,"000000000000000000000000000000000000000000000000000000000000004b"
147808,147776,30,32,"000000000000000000000000000000000000000000000000000000000000"
147840,147808,31,32,"0000000000000000000000000000000000000000000000000000000000004d"
147872,121728,37,26144,"000000000000000000000000000000000000000000000000000000000000003002ee82e708"
147914,137519,2,10395,"0084"
147916,147911,4,5,"59682f00"
147920,121776,79,26144,"83010b3694cce9d3f392c135dc038b147ca73ec496f7f89d938084183ff085c00000000000000000000000000000000000000000000000000000000000000000000000000000000000000000000001"
148003,129923,3,18080,"830305"
148016,129936,23,18080,"94a658742d33ebd2ce2f0bdff73515aa797fd161d980b9"
148041,129961,48,18080,"252f7b01000000000000000000000000000000000000000000000000000000000000006e000000000000000000000000"
148109,147969,30,140,"000000000000000000000000000000000000000000000000000000000001"
148141,131185,32,16956,"4e8d1def19c01b9c61a854f784024f25ce020fc6e152f8cb0350e86e65a5a335"
148173,131185,63,16988,"4e8d1def19c01b9c61a854f784024f25ce020fc6e152f8cb0350e86e65a5a33500000000000000000000000000000000000000000000000000000000000000"
148237,148205,31,32,"00000000000000000000000000000000000000000000000000000000000000"
148269,130189,38,18080,"0000000000000000000000004d73adb72bc3dd368966edd0f0b2148401a178e2000000000000"
148309,148075,2,234,"006e"
148331,130251,2,18080,"00b7"
148333,148089,49,244,"808d7c71ad2ba3fa531b068a2417c63106bc09490000000000000000000000000000000000000000000000000000000000"
148382,140116,26,8266,"0000400000000000000000000000000000000000000000000000"
148417,138809,32,9608,"0000000000000000000000000000000000000000000000000000000000000014"
148469,129845,81,18624,"00000000000000000000000000000000000000000000000082e708808000000000000000000000000000000000000000000000000000000000000000000000000000000000000000000392f9038f830305"
148551,148007,6,544,"843a0810de83"
148557,129933,128,18624,"13f7c094a658742d33ebd2ce2f0bdff73515aa797fd161d980b90364252f7b01000000000000000000000000000000000000000000000000000000000000006e00000000000000000000000045f1a95a4d3f3836523f5c83673c797f4d4d263b0000000000000000000000000000000000000000000000000000000000043238"
148685,132401,32,16284,"2fe555f44f94f321fa1b71deb4ad17b48bed6568056a6ff5c2875f28ff98ddb7"
148717,132401,63,16316,"2fe555f44f94f321fa1b71deb4ad17b48bed6568056a6ff5c2875f28ff98ddb700000000000000000000000000000000000000000000000000000000000000"
148780,130156,72,18624,"c000000000000000000000000000000000000000000000000000000000000002740000000000000000000000004d73adb72bc3dd368966edd0f0b2148401a178e2000000000000c2"
148853,129269,256,19584,"006e352d8275aae3e0c2404d9f68f6cee084b5beb3dd00b745f1a95a4d3f3836523f5c83673c797f4d4d263b0000000000000000000000000000000000000000000000000000000000000001000000000000000000000000000000000000000000000000000000000000000d000000000000000000000000000000000000000000000000000000000000000d00000000000000000000000000000000000000000000000000000000000000000000000000000000000000000000000000000000000000000000000000000000000000000000000000000000000000000000000000000021327f97f7978f63850000000000000000000000000000000000000000"
148853,129269,5,19584,"006e352d82"
149121,145102,28,4019,"00000000000000000000000000000000000000000000000000000005"
149153,149121,27,32,"000000000000000000000000000000000000000000000000000000"
149185,149021,59,164,"0000000000000000000000000000000000000000000000000000000000000000000000000000000000000000000000000000000000000000000000"
149244,149180,30,64,"c20425b42300000000000000000000000000000000000000000000000000"
149281,130657,96,18624,"00000000000000000000000000000000000000000000000000000000000001c000000000000000000000000000000000000000000000000000000000000002000000000000000000000000000000000000000000000000000000000000000014"
149397,129813,113,19584,"000000000000000000000000000000000000000000000000000000000000000000000000000000000000000000000000000000000000000082e708808000000000000000000000000000000000000000000000000000000000000000000000000000000000000000000392f9038f830305"
149511,148551,69,960,"843a0810de8313f7c094a658742d33ebd2ce2f0bdff73515aa797fd161d980b90364252f7b0100000000000000000000000000000000000000000000000000000000000000"
149581,148621,64,960,"00000000000000000000000045f1a95a4d3f3836523f5c83673c797f4d4d263b0000000000000000000000000000000000000000000000000000000000043238"
149645,131793,32,17852,"bccfbc137be37b8a23cd641d407f5c02548d5a11fdf69e1bd0c4a8b22ec6b54e"
149677,131793,63,17884,"bccfbc137be37b8a23cd641d407f5c02548d5a11fdf69e1bd0c4a8b22ec6b54e00000000000000000000000000000000000000000000000000000000000000"
149740,148780,45,960,"c00000000000000000000000000000000000000000000000000000000000000274000000000000000000000000"
149785,132761,26,17024,"38de71124f7a447a01d67945a51edce9ff491251000000000000"
149813,149579,2,234,"00b8"
149835,148875,174,960,"00b745f1a95a4d3f3836523f5c83673c797f4d4d263b0000000000000000000000000000000000000000000000000000000000000001000000000000000000000000000000000000000000000000000000000000000d000000000000000000000000000000000000000000000000000000000000000d0000000000000000000000000000000000000000000000000000000000000000000000000000000000000000000000000000000000000000"
150017,128455,24,21562,"000000000000000000000000000000000000000000000028"
150049,146982,25,3067,"00000000000000000000000000000000000000000000000017"
150080,102947,28,47133,"0000000000000000000000000000000000000000000000000000002d"
150112,144911,90,5201,"000000000000000000000000000000000000000000000000000000000000000000000000000000000000000000000000000000000000000000000000000000000000000000000000000000000000000000000000000000000000"
150208,146981,26,3227,"0000000000000000000000000000000000000000000000000017"
150239,134359,33,15880,"800000000000000000000000000000000000000000000000000000000000000001"
150272,149312,65,960,"c000000000000000000000000000000000000000000000000000000000000002000000000000000000000000000000000000000000000000000000000000000014"
150357,130773,106,19584,"000000000000000000000000000000000000000000000000000000000000000000000000000000000000000000000000000000000000000082e7088080000000000000000000000000000000000000000000000000000000000000000000000000000000000000000002"
150467,149507,3,960,"830305"
150471,148007,7,2464,"843a0810de8309"
150479,148015,22,2464,"1894a658742d33ebd2ce2f0bdff73515aa797fd161d9"
150508,118794,3,31714,"b901e4"
150515,105613,44,44902,"000000000000000000000000000000000000000000000000000000000000006f000000000000000000000000"
150559,148089,52,2470,"808d7c71ad2ba3fa531b068a2417c63106bc09490000000000000000000000000000000000000000000000000000000000014c08"
150611,133009,32,17602,"35547e6da0b1b9b71d63fadbaa862e7e99263159a82f9316835c8007edb9be3c"
150643,133009,63,17634,"35547e6da0b1b9b71d63fadbaa862e7e99263159a82f9316835c8007edb9be3c00000000000000000000000000000000000000000000000000000000000000"
150707,137118,13,13589,"000000000000000000000000b5"
150739,148237,70,2502,"00000000000000000000000000000000000000000000000000000000000000d40000000000000000000000004d73adb72bc3dd368966edd0f0b2148401a178e2000000000000"
150811,150545,2,266,"006f"
150833,148331,77,2502,"00b7808d7c71ad2ba3fa531b068a2417c63106bc094900000000000000000000000000000000000000000000000000000000000000400000000000000000000000000000000000000000000000"
150918,150304,33,614,"000000000000000000000000000000000000000000000000000000000000000014"
150951,150719,44,232,"b59f168aecf5ebc00b916511becbdfffadc07c99000000000000000000000000000000000000000000000000"
150995,150413,43,582,"82e70880800000000000000000000000000000000000000000000000000000000000000000000000000000"
151038,132702,8,18336,"0232f9022f830306"
151047,132711,133,18336,"843a05dffb83048d9c94cb566e3b6934fa77258d68ea18e931fa75e1aaaa80b902046c459a2800000000000000000000000038de71124f7a447a01d67945a51edce9ff49125100000000000000000000000000000000000000000000000000000000000000800000000000000000000000000000000000000000000000000000000064fada"
151181,131629,100,19552,"00000000000000000000000000000000000000000000000000000000000001400000000000000000000000000000000000000000000000000000000000000084704316e500000000000000000000000000000000000000000000000000000000000000b8"
151313,146815,32,4498,"000000000000000000000000000000000000000000000000000000000000000a"
151345,151281,63,64,"fd0be7e93373f4b5e38abaa7bbf5829e6fe2143a3ea95ad92b5c3630f21a7a1700000000000000000000000000000000000000000000000000000000000000"
151408,150385,29,1023,"0000000000000000000000000000000000000000000000000000000082"
151494,147261,2,4233,"0034"
151566,132622,88,18944,"1c00000000000000000000000000000000000000000000000000000000000082e708808000000000000000000000000000000000000000000000000000000000000000000000000000000000000000000232f9022f830306"
151655,150471,6,1184,"843a0810de83"
151661,151053,227,608,"048d9c94cb566e3b6934fa77258d68ea18e931fa75e1aaaa80b902046c459a2800000000000000000000000038de71124f7a447a01d67945a51edce9ff49125100000000000000000000000000000000000000000000000000000000000000800000000000000000000000000000000000000000000000000000000064fada7100000000000000000000000000000000000000000000000000000000000001400000000000000000000000000000000000000000000000000000000000000084704316e500000000000000000000000000000000000000000000000000000000000000"
151893,127613,2,24280,"004a"
151921,151857,31,64,"00000000000000000000000000000000000000000000000000000000000000"
151953,151889,63,64,"77dbfb0c004a88adb191333fa06498baa72999d49b8e83b2e6b31e061d57503600000000000000000000000000000000000000000000000000000000000000"
152016,151569,29,447,"0000000000000000000000000000000000000000000000000000000082"
152142,130106,3,22036,"775813"
152174,151566,88,608,"1c00000000000000000000000000000000000000000000000000000000000082e708808000000000000000000000000000000000000000000000000000000000000000000000000000000000000000000232f9022f830306"
152263,151655,233,608,"843a0810de83048d9c94cb566e3b6934fa77258d68ea18e931fa75e1aaaa80b902046c459a2800000000000000000000000038de71124f7a447a01d67945a51edce9ff49125100000000000000000000000000000000000000000000000000000000000000800000000000000000000000000000000000000000000000000000000064fada7100000000000000000000000000000000000000000000000000000000000001400000000000000000000000000000000000000000000000000000000000000084704316e500000000000000000000000000000000000000000000000000000000000000"
152529,150919,32,1610,"0000000000000000000000000000000000000000000000000000000000000014"
152561,152497,63,64,"fe3336f83d801fc21167bf6f735aa56a232ce111fe9fc6e809766da409a97b5d00000000000000000000000000000000000000000000000000000000000000"
152624,152177,29,447,"0000000000000000000000000000000000000000000000000000000082"
152782,152174,88,608,"1c00000000000000000000000000000000000000000000000000000000000082e708808000000000000000000000000000000000000000000000000000000000000000000000000000000000000000000232f9022f830306"
152871,152263,234,608,"843a0810de83048d9c94cb566e3b6934fa77258d68ea18e931fa75e1aaaa80b902046c459a2800000000000000000000000038de71124f7a447a01d67945a51edce9ff49125100000000000000000000000000000000000000000000000000000000000000800000000000000000000000000000000000000000000000000000000064fada7100000000000000000000000000000000000000000000000000000000000001400000000000000000000000000000000000000000000000000000000000000084704316e5000000000000000000000000000000000000000000000000000000000000006e"
153137,152529,32,608,"0000000000000000000000000000000000000000000000000000000000000014"
153169,153105,63,64,"96f4b84691f726f3c6fa3631f5b52b801f2b82aa5407db0ccb1b5cc5f9a5f5eb00000000000000000000000000000000000000000000000000000000000000"
153232,152785,29,447,"0000000000000000000000000000000000000000000000000000000082"
153390,88750,81,64640,"1b00000000000000000000000000000000000000000000000000000000000082e7088080000000000000000000000000000000000000000000000000000000000000000000000000000000000000000003"
153480,147919,2,5561,"0083"
153506,149541,3,3965,"80b903"
153514,153458,12,56,"000000000000000000000000"
153546,141143,32,12403,"0000000000000000000000000000000000000000000000000000000000000060"
153584,145734,57,7850,"000000000000000000000000000000000000000000000000000000000000000000000000000000000000000000000000000000000000000002"
153646,104240,13,49406,"000000000000000000000000fb"
153678,153005,62,673,"0000000000000000000000000000000000000000000000000000000000000140000000000000000000000000000000000000000000000000000000000000"
153741,142290,32,11451,"8000000000000000000000000000000000000000000000000000000000000001"
153773,150272,32,3501,"c000000000000000000000000000000000000000000000000000000000000002"
153806,153646,44,160,"000000000000000000000000fb52e6f695e64088939c0665fd711c929bedc579000000000000000000000000"
153850,153658,50,192,"fb52e6f695e64088939c0665fd711c929bedc579000000000000000000000000000000000000000000000000000000000000"
153900,153899,46,1,"00000000000000000000000000000000000000000000000000000000000000000000000000000000000000000000"
153946,153850,51,96,"fb52e6f695e64088939c0665fd711c929bedc57900000000000000000000000000000000000000000000000000000000000000"
154003,150144,59,3859,"0000000000000000000000000000000000000000000000000000000000000000000000000000000000000000000000000000000000000000000003"
154065,153886,60,179,"000000000000000000000000000000000000000000000000000000000000000000000000000000000000000000000000000000000000000000000000"
154181,144961,53,9220,"0000000000000000000000000000000000000000000000000000000000000000000000000000000001000000000000000000000000"
154254,145294,81,8960,"0000000000000000000000000000000000000000000000000000000082e7088080000000000000000000000000000000000000000000000000000000000000000000000000000000000000000000000000"
154349,141187,20,13162,"176211869ca2b568f2a7d4ee941e073a821ee1ff"
154369,120489,62,33880,"80b844095ea7b300000000000000000000000080e38291e06339d10aab483c65695d004dbd5c690000000000000000000000000000000000000000000000"
154431,138067,4,16364,"00000009"
154439,143686,55,10753,"0082e708808000000000000000000000000000000000000000000000000000000000000000000000000000000000000000000000000000"
154494,119326,5,35168,"03d6f903d3"
154500,133869,4,20631,"84305a3a"
154509,119341,98,35168,"9480e38291e06339d10aab483c65695d004dbd5c6987470de4df820000b903a42cc4081e00000000000000000000000000000000000000000000000000000000000000600000000000000000000000000000000000000000000000000000000001f3"
154609,136218,31,18391,"0000000000000000000000000000000000000000000000000000000064fab4"
154641,119473,256,35168,"000000000000000000000000000000000000000000000000000000000000000100000000000000000000000000000000000000000000000000000000000000200000000000000000000000000000000000000000000000000000000000000060000000000000000000000000000000000000000000000000000000000000000000000000000000000000000000000000000000000000000000470de4df820000000000000000000000000000000000000000000000000000000000000000000200000000000000000000000000000000000000000000000000000000000000400000000000000000000000000000000000000000000000000000000000000160"
154641,119473,256,35168,"000000000000000000000000000000000000000000000000000000000000000100000000000000000000000000000000000000000000000000000000000000200000000000000000000000000000000000000000000000000000000000000060000000000000000000000000000000000000000000000000000000000000000000000000000000000000000000000000000000000000000000470de4df820000000000000000000000000000000000000000000000000000000000000000000200000000000000000000000000000000000000000000000000000000000000400000000000000000000000000000000000000000000000000000000000000160"
154641,119473,256,35168,"000000000000000000000000000000000000000000000000000000000000000100000000000000000000000000000000000000000000000000000000000000200000000000000000000000000000000000000000000000000000000000000060000000000000000000000000000000000000000000000000000000000000000000000000000000000000000000000000000000000000000000470de4df820000000000000000000000000000000000000000000000000000000000000000000200000000000000000000000000000000000000000000000000000000000000400000000000000000000000000000000000000000000000000000000000000160"
154641,119473,110,35168,"0000000000000000000000000000000000000000000000000000000000000001000000000000000000000000000000000000000000000000000000000000002000000000000000000000000000000000000000000000000000000000000000600000000000000000000000000000"
155519,138911,7,16608,"7202f86f82e708"
155527,135171,5,20356,"843053d18b"
155532,155527,5,5,"843053d18b"
155541,154348,40,1193,"94176211869ca2b568f2a7d4ee941e073a821ee1ff80b844095ea7b3000000000000000000000000"
155581,139095,20,16486,"6352a56caadc4f1e25cd6c75970fa768a3304e64"
155601,91287,32,64314,"0000000000000000000000000000000000000000000000000000000004c4b400"
155634,155267,44,367,"0000000000000000000000000000000000000000000000000000000000000000000000000000000000000000"
155679,138143,3,17536,"1b02f9"
155683,138147,4,17536,"1782e708"
155688,155527,11,161,"843053d18b843053d18b83"
155702,139094,21,16608,"946352a56caadc4f1e25cd6c75970fa768a3304e64"
155723,108299,9,47424,"87038d7ea4c68000b9"
155734,139119,112,16615,"90411a320000000000000000000000002b5f704ab7061fb4dbfc5876b024f4bdb2f5e8b6000000000000000000000000000000000000000000000000000000000000006000000000000000000000000000000000000000000000000000000000000001c0000000000000000000000000"
155846,142631,32,13215,"eeeeeeeeeeeeeeeeeeeeeeeeeeeeeeeeeeeeeeee000000000000000000000000"
155878,141187,64,14691,"176211869ca2b568f2a7d4ee941e073a821ee1ff0000000000000000000000002b5f704ab7061fb4dbfc5876b024f4bdb2f5e8b6000000000000000000000000"
155962,108474,56,47488,"00000000000000000000000000000000000000000000000000038d7ea4c68000000000000000000000000000000000000000000000000000"
156018,129654,6,26364,"000000000018"
156026,155994,30,32,"000000000000000000000000000000000000000000000000000000000018"
156058,155634,44,424,"0000000000000000000000000000000000000000000000000000000000000000000000000000000000000000"
156102,139487,178,16615,"3487ef9f9b36547e43268b8f0e2349a226c70b5300000000000000000000000000000000000000000000000000000000000001400000000000000000000000000000000000000000000000000000000000000000000000000000000000000000000000000000000000000000000000000000000500000000000000000000000000000000000000000000000000000000000000a0000000000000000000000000000000000000000000000000000000000000"
156281,102175,32,54106,"6000000000000000000000000000000000000000000000000000000000000005"
156314,146784,31,9530,"00000000000000000000000000000000000000000000000000000000000007"
156346,139699,31,16647,"00000000000000000000000000000000000000000000000000000000000008"
156378,141623,89,14755,"000000000000000000000000e5d7c2a44ffddf6b295a15c148167daaaf5cf34f000000000000000000000000000000000000000000000000000000000000000000000000000000000000000000000000000000000000000000"
156467,155987,36,480,"038d7ea4c680000000000000000000000000000000000000000000000000000000000000"
156503,141588,35,14915,"0000800000000000000000000000000000000000000000000000000000000000000004"
156542,142135,186,14407,"000000000000000000000000000000000000000000000000000000000000000000000000000000000000000000000000000000000000000000000000000000000000000000000000000000000000000000000000000000000000000000000000000000000000000000000000000000000000000000000000000000000000000000000000000000000000000000000000000000000000000000000080000000000000000000000000000000000000000000000000000000000000"
156728,139921,18,16807,"038451a74316000000000000000000000000"
156746,141507,114,15239,"e5d7c2a44ffddf6b295a15c148167daaaf5cf34f00000000000000000000000000000001000000000000000000000000000000010000000000000000000000000000000000000000000000000000000000000080000000000000000000000000000000000000000000000000000000000000"
156860,140053,256,16807,"03200000000000000000000000000000000000000000000000000000000000000002000000000000000000000000000000000000000000000000000000000000004000000000000000000000000000000000000000000000000000000000000001600000000000000000000000000000000000000000000000000000000000000000000000000000000000000000000000000000000000000000000000000000000000000000000000000000000000000000000000000000000000000000000000000000000000000000000000000000000000000000000000000000000000000080000000000000000000000000000000000000000000000000000000000000"
156860,140053,18,16807,"032000000000000000000000000000000000"
157134,156746,32,388,"e5d7c2a44ffddf6b295a15c148167daaaf5cf34f000000000000000000000000"
157166,140451,51,16715,"7160570bb153edd0ea1775ec2b2ac9b65f1ab61b00000000000000000000000000000000000000000000000000000000000000"
157218,140411,204,16807,"000000000000000000000000000000000000000000000000000000000000000000000000000000007160570bb153edd0ea1775ec2b2ac9b65f1ab61b0000000000000000000000000000000000000000000000000000000000000000000000000000000000000000000000000000000000000000000000000000000000000000000000000000000000000000000000000000000000000000000000800000000000000000000000000000000000000000000000000000000000000064511de15b000000000000000000000000"
157422,157134,32,288,"e5d7c2a44ffddf6b295a15c148167daaaf5cf34f000000000000000000000000"
157454,140863,51,16591,"5ec5b1e9b1bd5198343abb6e55fb695d2f7bb30800000000000000000000000000000000000000000000000000000000000000"
157506,140699,256,16807,"00000000000000000000000000000000000000000000000000000000000000000000000000000000000000000000000000000000000000000000000200000000000000000000000000000000000000000000000000000000000000440000000000000000000000000000000000000000000000000000000000000044000000000000000000000000000000000000000000000000000000000000000000000000000000005ec5b1e9b1bd5198343abb6e55fb695d2f7bb308000000000000000000000000000000000000000000000000000000000000000000000000000000000000000000000000000000000000000000000000000000000000000000000000"
157506,140699,232,16807,"00000000000000000000000000000000000000000000000000000000000000000000000000000000000000000000000000000000000000000000000200000000000000000000000000000000000000000000000000000000000000440000000000000000000000000000000000000000000000000000000000000044000000000000000000000000000000000000000000000000000000000000000000000000000000005ec5b1e9b1bd5198343abb6e55fb695d2f7bb308000000000000000000000000000000000000000000000000000000000000000000000000000000000000000000000000"
157994,157422,32,572,"e5d7c2a44ffddf6b295a15c148167daaaf5cf34f000000000000000000000000"
158026,141219,256,16807,"2b5f704ab7061fb4dbfc5876b024f4bdb2f5e8b60000000000000000000000000000000000000000000000000000000000000002000000000000000000000000000000000000000000000000000000000000000000000000000000000000000000000000000000000000000000000000000000000000000000000000000000000000000000000000000000000000000000000000000000000000000000000000000000000000000000000000000000000000000000000000000000000000000000000000000000000000000000000000000000000000000000000000000000000000000000000000000000000000008000000000000000000000000000000000"
158026,141219,14,16807,"2b5f704ab7061fb4dbfc5876b024"
158296,142033,18,16263,"00648a6a1e85000000000000000000000000"
158314,155878,32,2436,"176211869ca2b568f2a7d4ee941e073a821ee1ff000000000000000000000000"
158346,142083,46,16263,"353c1f0bc78fbbc245b3c93ef77b1dcc5b77d2a02710000000000000000000000000000000000000000000000000"
158392,156052,50,2340,"00000018fc460000000000000000000000000000000000000000000000000000000000000000000000000000000000000000"
158442,93699,256,64743,"0000000000000000000000000000000000000000000000000000000000000000000000000000000000000000000000000000000000000000000000000000000000000000000000000000000000000000000000000000000000000000000000000000000000000000000000000000008000000000000000000000000000000000000000000000000000000000000001a49f865422000000000000000000000000176211869ca2b568f2a7d4ee941e073a821ee1ff00000000000000000000000000000001000000000000000000000000000000010000000000000000000000000000000000000000000000000000000000000080000000000000000000000000"
158442,93699,228,64743,"0000000000000000000000000000000000000000000000000000000000000000000000000000000000000000000000000000000000000000000000000000000000000000000000000000000000000000000000000000000000000000000000000000000000000000000000000000008000000000000000000000000000000000000000000000000000000000000001a49f865422000000000000000000000000176211869ca2b568f2a7d4ee941e073a821ee1ff000000000000000000000000000000010000000000000000000000000000000100000000000000000000000000000000"
158926,155942,45,2984,"ca2486a779dc0f65f33ae2c9a5974ca763fb691b00000000000000000000000000000000000000000000000000"
158971,142708,99,16263,"000000000000010000000000000000000000000000000000000000000000000000000000000000000000000000000000000000000000000000000000000000c00000000000000000000000000000000000000000000000000000000000000000000000"
159070,137566,9,21504,"013302f9012f82e708"
159080,97896,138,61184,"842ee6e1d4842ee6e1dd827e5494d1a3abf42f9e66be86cfdea8c5c2c74f041c5e1480b901045b7d7482000000000000000000000000000000000000000000000000000000000000004000000000000000000000000000000000000000000000000000000000000000a00000000000000000000000000000000000000000000000000000000000000040"
159218,137850,3,21368,"323661"
159222,96835,3,62387,"623931"
159225,137768,3,21457,"373164"
159232,96729,3,62503,"666264"
159244,96712,3,62532,"613165"
159248,123366,3,35882,"636561"
159251,98185,3,61066,"353935"
159256,123325,3,35931,"636162"
159264,111304,3,47960,"313932"
159282,111314,33,47968,"000000000000000000000000000000000000000000000000000000000000004037"
159319,111007,3,48312,"616630"
159330,96794,4,62536,"38393136"
159334,111268,6,48066,"636361626631"
159345,96707,3,62638,"623762"
159356,110928,3,48428,"623664"
159364,123227,3,36137,"383530"
159374,137733,3,21641,"653062"
159379,145747,45,13632,"000000000000000000000000000000000000000000000000000000000000000000000000000000000000000294"
159424,136800,3,22624,"02f902"
159428,159076,3,352,"82e708"
159432,97224,11,62208,"842ee6e1d4842ee6e1dd83"
159446,154509,21,4937,"9480e38291e06339d10aab483c65695d004dbd5c69"
159467,152901,3,6566,"80b902"
159470,136149,60,23321,"642cc4081e00000000000000000000000000000000000000000000000000000000000000600000000000000000000000000000000000000000000000"
159530,157668,3,1862,"00005e"
159539,154609,31,4930,"0000000000000000000000000000000000000000000000000000000064fab4"
159571,154641,108,4930,"000000000000000000000000000000000000000000000000000000000000000100000000000000000000000000000000000000000000000000000000000000200000000000000000000000000000000000000000000000000000000000000060000000000000000000000000"
159679,119203,48,40476,"176211869ca2b568f2a7d4ee941e073a821ee1ff00000000000000000000000000000000000000000000000000000000"
159731,159571,76,160,"00000000000000000000000000000000000000000000000000000000000000010000000000000000000000000000000000000000000000000000000000000020000000000000000000000000"
159807,157670,51,2137,"5ec5b1e9b1bd5198343abb6e55fb695d2f7bb30800000000000000000000000000000000000000000000000000000000000000"
159858,155248,109,4610,"80000000000000000000000000000000000000000000000000000000000000000000000000000000000000000000000000000000000000000000000000000001000000000000000000000000000000000000000000000000000000000000000060000000000000000000000000"
159967,159679,32,288,"176211869ca2b568f2a7d4ee941e073a821ee1ff000000000000000000000000"
160019,159890,64,129,"00000000000000000000000000000000000000000000000000000000000000010000000000000000000000000000000000000000000000000000000000000000"
160084,159380,43,704,"00000000000000000000000000000000000000000000000000000000000000000000000000000000000002"
160127,97215,8,62912,"7402f9027082e708"
160136,159432,11,704,"842ee6e1d4842ee6e1dd83"
160150,108278,21,51872,"94272e156df8da513c69cb41cc7a99185d53f926bb"
160171,97259,4,62912,"80b90244"
160179,159603,63,576,"000000000000000000000000000000000000000000000000000000000000002000000000000000000000000000000000000000000000000000000000000000"
160242,156893,64,3349,"02000000000000000000000000000000000000000000000000000000000000004000000000000000000000000000000000000000000000000000000000000001"
160306,158553,32,1753,"8000000000000000000000000000000000000000000000000000000000000001"
160338,108309,17,52029,"04a8c9ed67000000000000000000000000"
160355,97475,82,62880,"176211869ca2b568f2a7d4ee941e073a821ee1ff000000000000000000000000e5d7c2a44ffddf6b295a15c148167daaaf5cf34f000000000000000000000000000000000000000000000000000000000000"
160437,128477,33,31960,"002800000000000000000000000000000000000000000000000000000000000000"
160470,134228,31,26242,"000000000000000000000000000000000000000000000000000000000064fa"
160503,147042,29,13461,"000000000000000000000000000000000000000000000000000000001d"
160535,156513,25,4022,"00000000000000000000000000000000000000000000000004"
160567,97655,92,62912,"0000000000000000000000000000000000000000000000000000000000000000000000000000000000000000000000000000000000000000000000000000000000000000000000000000000000000000000000000000000000000044"
160663,160535,44,128,"000000000000000000000000000000000000000000000000041a151d36645ce1000000000000000000000000"
160727,138516,72,22211,"00000000000000000000000000000000000000000000000000000000c000000000000000000000000000000000000000000000000000000000000000000000000000000000000000"
160803,160132,3,671,"82e708"
160807,136808,10,23999,"842ee0a9f3842ee0a9fd"
160820,135339,51,25481,"94e5d7c2a44ffddf6b295a15c148167daaaf5cf34f80a42e1a7d4d000000000000000000000000000000000000000000000000"
160880,160611,47,269,"0000000000000000000000000000000000000000000000000000000000000000000000000000000000000000000000"
160927,120447,7,40480,"7102f86e82e708"
160935,160807,11,128,"842ee0a9f3842ee0a9fd82"
160969,155562,19,5407,"80b844095ea7b3000000000000000000000000"
160988,136823,20,24165,"f82537fb6c56a3b50092d3951f84f5f6c835b4f5"
161008,156316,29,4692,"0000000000000000000000000000000000000000000000000000000007"
161040,138544,55,22496,"c0000000000000000000000000000000000000000000000000000000000000000000000000000000000000000000011a02f9011682e708"
161096,135784,13,25312,"842ee0a9f3842ee0a9fd83078b"
161110,138614,22,22496,"948731d54e9d02c286767d56ac03e8037c07e01e9887"
161138,138642,51,22496,"1eb8e41114cd2a00000000000000000000000000000000000000000000000000000000000000b8000000000000000000000000"
161209,159154,57,2055,"00000000000000000000000000000000000000000000000000000000000000a000000000000000000000000000000000000000000000000000"
161271,133981,28,27290,"0000000000000000000000000000000000000000000000000000001c"
161303,150917,34,10386,"80000000000000000000000000000000000000000000000000000000000000000014"
161337,161189,32,148,"fc2f832f3b5a384a1c766cf3d829a4b3380b332e000000000000000000000000"
161370,160890,44,480,"000000000000000000000000000000000000000000000000000000000000000000000000007102f86e82e708"
161415,137576,11,23839,"842eda3283842eda328d82"
161429,155357,20,6072,"7d43aabc515c356145049227cee54b608342c0ad"
161449,160969,19,480,"80b844095ea7b3000000000000000000000000"
161488,140672,25,20816,"00000000000000000000000000000000000000000000000006"
161518,120686,49,40832,"0000c000000000000000000000000000000000000000000000000000000000000000000000000000000000000000000003"
161568,133856,3,27712,"02f903"
161572,161411,3,161,"82e708"
161576,138919,11,22657,"842ed645ff842ed6460983"
161590,159446,23,2144,"9480e38291e06339d10aab483c65695d004dbd5c6980b9"
161613,154539,61,7074,"03a42cc4081e00000000000000000000000000000000000000000000000000000000000000600000000000000000000000000000000000000000000000"
161683,159539,31,2144,"0000000000000000000000000000000000000000000000000000000064fab4"
161715,159571,108,2144,"000000000000000000000000000000000000000000000000000000000000000100000000000000000000000000000000000000000000000000000000000000200000000000000000000000000000000000000000000000000000000000000060000000000000000000000000"
161843,161722,25,121,"00000000000000000000000000000000000000000000000001"
161875,156862,108,5013,"000000000000000000000000000000000000000000000000000000000000000200000000000000000000000000000000000000000000000000000000000000400000000000000000000000000000000000000000000000000000000000000160000000000000000000000000"
162002,154928,141,7074,"cb0000000000000000000000000000000000000000000000000000000000000080000000000000000000000000000000000000000000000000000000000000000000000000000000000000000000000000000000000000000000000000000001000000000000000000000000000000000000000000000000000000000000000060000000000000000000000000"
162143,161823,32,320,"f5c6825015280cdfd0b56903f9f8b5a2233476f5000000000000000000000000"
162175,154909,51,7266,"7f72e0d8e9abf9133a92322b8b50bd8e0f9dcfcb00000000000000000000000000000000000000000000000000000000000000"
162226,162225,45,1,"000000000000000000000000000000000000000000000000000000000000000000000000000000000000000000"
162271,154909,192,7362,"7f72e0d8e9abf9133a92322b8b50bd8e0f9dcfcb0000000000000000000000000000000000000000000000000000000000000080000000000000000000000000000000000000000000000000000000000000000000000000000000000000000000000000000000000000000000000000000001000000000000000000000000000000000000000000000000000000000000000060000000000000000000000000e5d7c2a44ffddf6b295a15c148167daaaf5cf34f000000000000000000000000"
162483,121658,101,40825,"00000000000000000000000000000000000000000000000000000000000000020000000000000000000000000000000000000000000000000000000000000000c0000000000000000000000000000000000000000000000000000000000000000000000000"
162584,110328,13,52256,"000000000000003202f082e708"
162598,161576,10,1022,"842ed645ff842ed64609"
162608,145671,4,16937,"82520894"
162612,114788,20,47824,"3f26b2fd8ceb1c4d456d1dea25091ff44779825f"
162639,110383,47,52256,"0080c00000000000000000000000000000000000000000000000000000000000000000000000000000000000000000"
162686,147902,7,14784,"003002ee82e708"
162693,97895,3,64798,"08842e"
162696,161578,9,1118,"d645ff842ed6460983"
162705,147921,77,14784,"010b3694cce9d3f392c135dc038b147ca73ec496f7f89d938084183ff085c000000000000000000000000000000000000000000000000000000000000000000000000000000000000000000000"
162782,138462,11,24320,"005102f84e82e70802842e"
162793,162696,10,97,"d645ff842ed646098301"
162803,138483,107,24320,"0a3b949dba31e492b7e98b8195e254ee13b6b027e4a59d80a4a7f68792766f746500000000000000000000000000000000000000000000000000000000c0000000000000000000000000000000000000000000000000000000000000000000000000000000000000000000"
162910,155518,10,7392,"007202f86f82e7081084"
162924,162919,4,5,"842d6370"
162933,138933,24,24000,"94009a0b7c38b542208936f1179151cd08e294383380b844"
162961,111513,57,51448,"000000000000000000000000c7d8489dae3d2ebef075b1db2257e2c231c9d23100000000000000000000000000000000000000000000000001"
163025,110385,46,52640,"c0000000000000000000000000000000000000000000000000000000000000000000000000000000000000000001"
163071,138143,8,24928,"1b02f9011782e708"
163080,162919,11,161,"842d6370b3842d6370ba83"
163091,135795,25,27296,"078bd6948731d54e9d02c286767d56ac03e8037c07e01e9888"
163122,135826,52,27296,"961eb8e41114cd2a00000000000000000000000000000000000000000000000000000000000000b8000000000000000000000000"
163194,161209,56,1985,"00000000000000000000000000000000000000000000000000000000000000a0000000000000000000000000000000000000000000000000"
163257,110018,26,53239,"0000000000000000000000000000000000000000000000000011"
163289,161304,33,1985,"000000000000000000000000000000000000000000000000000000000000000014"
163322,163174,32,148,"8d65261991d6f69e666625ef7aeab9f18e883136000000000000000000000000"
163354,159034,37,4320,"c0000000000000000000000000000000000000000000000000000000000000000000000001"
163391,143135,53,20256,"0df9010a01842aea5400829d78940872ec4426103482a50f26ffc32acefcec61b3c980b8e4f242432a000000000000000000000000"
163444,146312,20,17132,"ed71d82ecefb73a1de0fdaa270ede61e08332710"
163464,142888,256,20576,"000000000000000000000000aec3cacef9457ff2821d9f85429ce3d90b0014590000000000000000000000000000000000000000000000000000000000000005000000000000000000000000000000000000000000000000000000000000000100000000000000000000000000000000000000000000000000000000000000a00000000000000000000000000000000000000000000000000000000000000000000000000000000000000000000000000000000000000000000000000000000082e708808000000000000000000000000000000000000000000000000000000000000000000000000000000000000000000000000000010df9010a01842aea54"
163464,142888,44,20576,"000000000000000000000000aec3cacef9457ff2821d9f85429ce3d90b001459000000000000000000000000"
163764,146332,20,17432,"22cd9be3e3cc7bef6fecc7bab037274df4f04057"
163784,163464,256,320,"000000000000000000000000aec3cacef9457ff2821d9f85429ce3d90b0014590000000000000000000000000000000000000000000000000000000000000005000000000000000000000000000000000000000000000000000000000000000100000000000000000000000000000000000000000000000000000000000000a00000000000000000000000000000000000000000000000000000000000000000000000000000000000000000000000000000000000000000000000000000000082e708808000000000000000000000000000000000000000000000000000000000000000000000000000000000000000000000000000010df9010a01842aea54"
163784,163464,44,320,"000000000000000000000000aec3cacef9457ff2821d9f85429ce3d90b001459000000000000000000000000"
164084,146352,20,17732,"eb6b59e85467940978054d2acbcff245b15aa671"
164104,125192,256,38912,"000000000000000000000000aec3cacef9457ff2821d9f85429ce3d90b0014590000000000000000000000000000000000000000000000000000000000000005000000000000000000000000000000000000000000000000000000000000000100000000000000000000000000000000000000000000000000000000000000a00000000000000000000000000000000000000000000000000000000000000000000000000000000000000000000000000000000000000000000000000000000082e70880800000000000000000000000000000000000000000000000000000000000000000000000000000000000000000000000000001eff901ec80842aea54"
164104,125192,224,38912,"000000000000000000000000aec3cacef9457ff2821d9f85429ce3d90b0014590000000000000000000000000000000000000000000000000000000000000005000000000000000000000000000000000000000000000000000000000000000100000000000000000000000000000000000000000000000000000000000000a00000000000000000000000000000000000000000000000000000000000000000000000000000000000000000000000000000000000000000000000000000000082e7088080000000000000000000000000000000000000000000000000000000"
164586,145066,160,19520,"00000000000000000000000000000000000000000000000000000000000000000000000000000000000000000000000000000000000000000000000000000005000000000000000000000000000000000000000000000000000000000000000000000000000000000000000000000000000000000000000000000000000001400000000000000000000000000000000000000000000000000000000000000041"
164810,125898,256,38912,"1c0000000000000000000000000000000000000000000000000000000000000082e7088080000000000000000000000000000000000000000000000000000000000000000000000000000000000000000000000001eff901ec80842aea540083015f90940872ec4426103482a50f26ffc32acefcec61b3c980b901c4d4dfd6bc0000000000000000000000000000000000000000000000000000000000000000000000000000000000000000000000000000000000000000000000000000000000000000000000000000000000000000000000000000000000000000000000000000000000000000000000000000000000000000000000000000000000000001"
164810,125898,62,38912,"1c0000000000000000000000000000000000000000000000000000000000000082e708808000000000000000000000000000000000000000000000000000"
165130,164586,160,544,"00000000000000000000000000000000000000000000000000000000000000000000000000000000000000000000000000000000000000000000000000000005000000000000000000000000000000000000000000000000000000000000000000000000000000000000000000000000000000000000000000000000000001400000000000000000000000000000000000000000000000000000000000000041"
165354,125898,256,39456,"1c0000000000000000000000000000000000000000000000000000000000000082e7088080000000000000000000000000000000000000000000000000000000000000000000000000000000000000000000000001eff901ec80842aea540083015f90940872ec4426103482a50f26ffc32acefcec61b3c980b901c4d4dfd6bc0000000000000000000000000000000000000000000000000000000000000000000000000000000000000000000000000000000000000000000000000000000000000000000000000000000000000000000000000000000000000000000000000000000000000000000000000000000000000000000000000000000000000001"
165354,125898,63,39456,"1c0000000000000000000000000000000000000000000000000000000000000082e70880800000000000000000000000000000000000000000000000000000"
165674,165130,160,544,"00000000000000000000000000000000000000000000000000000000000000000000000000000000000000000000000000000000000000000000000000000005000000000000000000000000000000000000000000000000000000000000000000000000000000000000000000000000000000000000000000000000000001400000000000000000000000000000000000000000000000000000000000000041"
165898,144746,97,21152,"1b0000000000000000000000000000000000000000000000000000000000000082e7088080000000000000000000000000000000000000000000000000000000000000000000000000000000000000000000000001eff901ec80842aea54008301"
165995,113963,222,52032,"591c940872ec4426103482a50f26ffc32acefcec61b3c980b901c4d4dfd6bc0000000000000000000000000000000000000000000000000000000000000000000000000000000000000000000000000000000000000000000000000000000000000000000000000000000000000000000000000000000000000000000000000000000000000000000000000000000000000000000000000000000000000001000000000000000000000000000000000000000000000000000000000000000100000000000000000000000000000000000000000000000000000000652213"
166218,165674,160,544,"00000000000000000000000000000000000000000000000000000000000000000000000000000000000000000000000000000000000000000000000000000005000000000000000000000000000000000000000000000000000000000000000000000000000000000000000000000000000000000000000000000000000001400000000000000000000000000000000000000000000000000000000000000041"
166442,113578,87,52864,"1b0000000000000000000000000000000000000000000000000000000000000082e70880800000000000000000000000000000000000000000000000000000000000000000000000000000000000000000000000002ceb"
166530,145666,9,20864,"842aea540082520894"
166559,145599,76,20960,"865af3107a40008082e70880800000000000000000000000000000000000000000000000000000000000000000000000000000000000000000000000000000002ceb58842aea540082520894"
166655,145695,96,20960,"865af3107a40008082e70880800000000000000000000000000000000000000000000000000000000000000000000000000000000000000000000000000000000000000000000000000000000000000000000000000000000000000000000002"
166755,109849,2,56906,"00e4"
166772,114548,60,52224,"e93685f3bba03016f02bd1828badd6195988d950e93685f3bba03016f02bd1828badd6195988d950e93685f3bba03016f02bd1828badd6195988d950"
166832,145812,100,21020,"e93685f3bba03016f02bd1828badd6195988d950b8ff877ed78ba520ece21b1de7843a8a57ca47cbb8ff877ed78ba520ece21b1de7843a8a57ca47cbb8ff877ed78ba520ece21b1de7843a8a57ca47cbb8ff877ed78ba520ece21b1de7843a8a57ca47cb"
166932,153946,20,12986,"fb52e6f695e64088939c0665fd711c929bedc579"
166972,155389,20,11583,"c9eee68292a3f290b4b33e58b1b1dba695665d9f"
166992,101540,20,65452,"7930bacd144214537ec096bfdaf23c1ab5b75ad4"
167012,158926,20,8086,"ca2486a779dc0f65f33ae2c9a5974ca763fb691b"
167052,159999,20,7053,"fc0c2df02b1616b05c22b3044c582c4150cfd3a9"
167072,160707,20,6365,"166ffd2964669e61909398e9718123fdcf99c3c2"
167092,114748,20,52344,"0b652eff5070c4c2251a3309ef0f90cee17161f2"
167132,161337,20,5795,"fc2f832f3b5a384a1c766cf3d829a4b3380b332e"
167172,162463,20,4709,"1fea467a892870ca6ca752aaa3ef32c76d804855"
167212,114688,20,52524,"e016ebf41561c97de700f80e482061b12b5cab33"
167252,114868,20,52384,"8e07475701065b2a7dfdd8ffa03823d83bfbb361"
167272,163322,20,3950,"8d65261991d6f69e666625ef7aeab9f18e883136"
167292,146312,60,20980,"ed71d82ecefb73a1de0fdaa270ede61e0833271022cd9be3e3cc7bef6fecc7bab037274df4f04057eb6b59e85467940978054d2acbcff245b15aa671"
167352,145483,20,21869,"9ee7a76f52b6d5e2b93c1d3246f4a21f5cef20da"
167372,145579,20,21793,"770fe81717bcef98e4879800d4d4670f703f0d04"
167392,145675,20,21717,"b32546d5e6d84cfbf3c5b5c0cb6a27684a48dd85"
167412,145389,20,22023,"90bc402a97714a440fd89525d1a9b68ef04d4945"
167472,166702,48,770,"000000000000000000000000000000000000000000000000000000000000000000000000000000000000000000000000"
167552,146528,31,21024,"0000000000000000000000000000000000000000000000000000000064fa86"
167584,162516,62,5068,"00000000000000000000000000000000000000000000000000000000000000c0000000000000000000000000000000000000000000000000000000000000"
167648,167616,31,32,"00000000000000000000000000000000000000000000000000000000000039"
167680,128672,31,39008,"0000000000000000000000000000000000000000000000000000000000003c"
167712,128223,32,39489,"000000000000000000000000000000000000000000000000000000000000001d"
167744,161536,31,6208,"00000000000000000000000000000000000000000000000000000000000003"
167775,139634,32,28141,"a000000000000000000000000000000000000000000000000000000000000004"
167807,167712,31,95,"00000000000000000000000000000000000000000000000000000000000000"
167840,156346,31,11494,"00000000000000000000000000000000000000000000000000000000000008"
167872,115424,95,52448,"0000000000000000000000000000000000000000000000000000000000000ae00000000000000000000000000000000000000000000000000000000000000d400000000000000000000000000000000000000000000000000000000000000f"
167968,146912,31,21056,"00000000000000000000000000000000000000000000000000000000000013"
168000,146976,31,21024,"00000000000000000000000000000000000000000000000000000000000017"
168032,149979,31,18053,"0000000000000000000000000000000000000000000000000000000000001b"
168064,147072,31,20992,"0000000000000000000000000000000000000000000000000000000000001e"
168096,128288,63,39808,"000000000000000000000000000000000000000000000000000000000000200000000000000000000000000000000000000000000000000000000000000022"
168159,106073,32,62086,"0000000000000000000000000000000000000000000000000000000000000023"
168192,146689,31,21503,"00000000000000000000000000000000000000000000000000000000000024"
168223,128415,32,39808,"c000000000000000000000000000000000000000000000000000000000000027"
168256,128512,31,39744,"00000000000000000000000000000000000000000000000000000000000029"
168287,116031,63,52256,"a00000000000000000000000000000000000000000000000000000000000002c00000000000000000000000000000000000000000000000000000000000000"
168352,115200,62,53152,"0000000000000000000000000000000000000000000000000000000000002e00000000000000000000000000000000000000000000000000000000000000"
168416,147200,31,21216,"00000000000000000000000000000000000000000000000000000000000031"
168448,162561,31,5887,"00000000000000000000000000000000000000000000000000000000000032"
168480,107969,31,60511,"00000000000000000000000000000000000000000000000000000000000033"
168512,147264,31,21248,"00000000000000000000000000000000000000000000000000000000000036"
168543,137440,32,31103,"0000000000000000000000000000000000000000000000000000000000000036"
168576,168544,31,32,"00000000000000000000000000000000000000000000000000000000000036"
168608,154095,31,14513,"00000000000000000000000000000000000000000000000000000000000037"
168640,147328,31,21312,"00000000000000000000000000000000000000000000000000000000000038"
168672,168383,32,289,"000000000000000000000000000000000000000000000000000000000000002f"
168741,160797,3,7944,"000050"
168746,166663,52,2083,"82e70880800000000000000000000000000000000000000000000000000000000000000000000000000000000000000000000000"
168798,152862,8,15936,"0232f9022f830306"
168807,152871,234,15936,"843a0810de83048d9c94cb566e3b6934fa77258d68ea18e931fa75e1aaaa80b902046c459a2800000000000000000000000038de71124f7a447a01d67945a51edce9ff49125100000000000000000000000000000000000000000000000000000000000000800000000000000000000000000000000000000000000000000000000064fada7100000000000000000000000000000000000000000000000000000000000001400000000000000000000000000000000000000000000000000000000000000084704316e5000000000000000000000000000000000000000000000000000000000000006e"
169073,163290,32,5783,"0000000000000000000000000000000000000000000000000000000000000014"
169105,169041,63,64,"bfbdeb39d47d7b7c71dd7aefca174841deb967ff4ed2a2c055172880eebf836000000000000000000000000000000000000000000000000000000000000000"
169168,166446,29,2722,"0000000000000000000000000000000000000000000000000000000082"
169232,168477,2,755,"0032"
169242,149243,2,19999,"00c2"
169323,169242,1,81,"00"
169326,118670,81,50656,"1b00000000000000000000000000000000000000000000000000000000000082e7088080000000000000000000000000000000000000000000000000000000000000000000000000000000000000000002"
169407,168799,7,608,"32f9022f830306"
169415,168807,233,608,"843a0810de83048d9c94cb566e3b6934fa77258d68ea18e931fa75e1aaaa80b902046c459a2800000000000000000000000038de71124f7a447a01d67945a51edce9ff49125100000000000000000000000000000000000000000000000000000000000000800000000000000000000000000000000000000000000000000000000064fada7100000000000000000000000000000000000000000000000000000000000001400000000000000000000000000000000000000000000000000000000000000084704316e500000000000000000000000000000000000000000000000000000000000000"
169668,166755,2,2913,"00e4"
169681,169073,32,608,"0000000000000000000000000000000000000000000000000000000000000014"
169713,169649,63,64,"900d666e356748e7b141f2089cc98c628df9ca00e4cdf440284decb5823c1c7600000000000000000000000000000000000000000000000000000000000000"
169776,169329,29,447,"0000000000000000000000000000000000000000000000000000000082"
169857,162817,3,7040,"54ee13"
169934,133230,81,36704,"1b00000000000000000000000000000000000000000000000000000000000082e7088080000000000000000000000000000000000000000000000000000000000000000000000000000000000000000001"
170015,147999,7,22016,"f2f901ef830305"
170023,148007,69,22016,"843a0810de8309771894a658742d33ebd2ce2f0bdff73515aa797fd161d980b901c4252f7b0100000000000000000000000000000000000000000000000000000000000000"
170093,150547,64,19546,"000000000000000000000000808d7c71ad2ba3fa531b068a2417c63106bc09490000000000000000000000000000000000000000000000000000000000014c08"
170157,151953,32,18204,"77dbfb0c004a88adb191333fa06498baa72999d49b8e83b2e6b31e061d575036"
170189,151953,63,18236,"77dbfb0c004a88adb191333fa06498baa72999d49b8e83b2e6b31e061d57503600000000000000000000000000000000000000000000000000000000000000"
170252,148236,71,22016,"c000000000000000000000000000000000000000000000000000000000000000d40000000000000000000000004d73adb72bc3dd368966edd0f0b2148401a178e2000000000000"
170325,170091,2,234,"006a"
170347,150833,77,19514,"00b7808d7c71ad2ba3fa531b068a2417c63106bc094900000000000000000000000000000000000000000000000000000000000000400000000000000000000000000000000000000000000000"
170431,169981,33,450,"000000000000000000000000000000000000000000000000000000000000000000"
170485,169333,81,1152,"00000000000000000000000000000000000000000000000082e708808000000000000000000000000000000000000000000000000000000000000000000000000000000000000000000232f9022f830306"
170567,169415,133,1152,"843a0810de83048d9c94cb566e3b6934fa77258d68ea18e931fa75e1aaaa80b902046c459a2800000000000000000000000038de71124f7a447a01d67945a51edce9ff49125100000000000000000000000000000000000000000000000000000000000000800000000000000000000000000000000000000000000000000000000064fada"
170701,168941,100,1760,"00000000000000000000000000000000000000000000000000000000000001400000000000000000000000000000000000000000000000000000000000000084704316e5000000000000000000000000000000000000000000000000000000000000006e"
170833,135673,33,35160,"000000000000000000000000000000000000000000000000000000000000001462"
170866,170802,62,64,"c557ead692c506666523e0ef9d51c5ebdc2c58bb999a4695dea7ec6eab8a8800000000000000000000000000000000000000000000000000000000000000"
170928,169937,29,991,"0000000000000000000000000000000000000000000000000000000082"
170981,170955,1,26,"00"
171086,169326,88,1760,"1b00000000000000000000000000000000000000000000000000000000000082e708808000000000000000000000000000000000000000000000000000000000000000000000000000000000000000000232f9022f830306"
171175,170567,234,608,"843a0810de83048d9c94cb566e3b6934fa77258d68ea18e931fa75e1aaaa80b902046c459a2800000000000000000000000038de71124f7a447a01d67945a51edce9ff49125100000000000000000000000000000000000000000000000000000000000000800000000000000000000000000000000000000000000000000000000064fada7d00000000000000000000000000000000000000000000000000000000000001400000000000000000000000000000000000000000000000000000000000000084704316e5000000000000000000000000000000000000000000000000000000000000006e"
171441,170833,32,608,"0000000000000000000000000000000000000000000000000000000000000014"
171473,171409,63,64,"5e0b7e6b7c1fa8b8d91b31ab3f297d057e656898c9b4b211b49effa4ddd5cf2600000000000000000000000000000000000000000000000000000000000000"
171536,171089,29,447,"0000000000000000000000000000000000000000000000000000000082"
171694,153390,81,18304,"1b00000000000000000000000000000000000000000000000000000000000082e7088080000000000000000000000000000000000000000000000000000000000000000000000000000000000000000003"
171775,149503,7,22272,"92f9038f830305"
171782,132710,3,39072,"54843a"
171785,148553,132,23232,"0810de8313f7c094a658742d33ebd2ce2f0bdff73515aa797fd161d980b90364252f7b01000000000000000000000000000000000000000000000000000000000000006e00000000000000000000000045f1a95a4d3f3836523f5c83673c797f4d4d263b0000000000000000000000000000000000000000000000000000000000043238"
171917,153169,32,18748,"96f4b84691f726f3c6fa3631f5b52b801f2b82aa5407db0ccb1b5cc5f9a5f5eb"
171949,153169,63,18780,"96f4b84691f726f3c6fa3631f5b52b801f2b82aa5407db0ccb1b5cc5f9a5f5eb00000000000000000000000000000000000000000000000000000000000000"
172012,148780,72,23232,"c000000000000000000000000000000000000000000000000000000000000002740000000000000000000000004d73adb72bc3dd368966edd0f0b2148401a178e2000000000000c2"
172085,148853,230,23232,"006e352d8275aae3e0c2404d9f68f6cee084b5beb3dd00b745f1a95a4d3f3836523f5c83673c797f4d4d263b0000000000000000000000000000000000000000000000000000000000000001000000000000000000000000000000000000000000000000000000000000000d000000000000000000000000000000000000000000000000000000000000000d00000000000000000000000000000000000000000000000000000000000000000000000000000000000000000000000000000000000000000000000000000000000000000000000000000000000000000000000000000021327f"
172321,168485,26,3836,"0000000000000000000000000000000000000000000000000033"
172353,166187,28,6166,"00000000000000000000000000000000000000000000000000000065"
172385,172198,27,187,"00000000000000000000000000000000000000000000000000000d"
172417,172254,58,163,"00000000000000000000000000000000000000000000000000000000000000000000000000000000000000000000000000000000000000000000"
172475,172411,31,64,"0deca5ffac6400000000000000000000000000000000000000000000000000"
172513,150241,96,22272,"00000000000000000000000000000000000000000000000000000000000001c000000000000000000000000000000000000000000000000000000000000002000000000000000000000000000000000000000000000000000000000000000014"
172629,149397,113,23232,"000000000000000000000000000000000000000000000000000000000000000000000000000000000000000000000000000000000000000082e708808000000000000000000000000000000000000000000000000000000000000000000000000000000000000000000392f9038f830305"
172742,151046,3,21696,"55843a"
172745,149513,132,23232,"0810de8313f7c094a658742d33ebd2ce2f0bdff73515aa797fd161d980b90364252f7b0100000000000000000000000000000000000000000000000000000000000000b800000000000000000000000045f1a95a4d3f3836523f5c83673c797f4d4d263b0000000000000000000000000000000000000000000000000000000000043238"
172877,151345,32,21532,"fd0be7e93373f4b5e38abaa7bbf5829e6fe2143a3ea95ad92b5c3630f21a7a17"
172909,151345,63,21564,"fd0be7e93373f4b5e38abaa7bbf5829e6fe2143a3ea95ad92b5c3630f21a7a1700000000000000000000000000000000000000000000000000000000000000"
172972,149740,72,23232,"c0000000000000000000000000000000000000000000000000000000000000027400000000000000000000000038de71124f7a447a01d67945a51edce9ff491251000000000000a2"
173045,149813,196,23232,"00b8af54be5b6eec24d6bfacf1cce4eaf680a823939800b745f1a95a4d3f3836523f5c83673c797f4d4d263b0000000000000000000000000000000000000000000000000000000000000001000000000000000000000000000000000000000000000000000000000000000d000000000000000000000000000000000000000000000000000000000000000d0000000000000000000000000000000000000000000000000000000000000000000000000000000000000000000000000000000000000000"
173241,173240,1,1,"00"
173249,150017,26,23232,"00000000000000000000000000000000000000000000002822ef"
173281,146950,25,26331,"00000000000000000000000000000000000000000000000015"
173312,128579,28,44733,"0000000000000000000000000000000000000000000000000000002b"
173344,150112,91,23232,"00000000000000000000000000000000000000000000000000000000000000000000000000000000000000000000000000000000000000000000000000000000000000000000000000000000000000000000000000000000000003"
173440,146949,26,26491,"0000000000000000000000000000000000000000000000000015"
173471,150239,98,23232,"800000000000000000000000000000000000000000000000000000000000000001c000000000000000000000000000000000000000000000000000000000000002000000000000000000000000000000000000000000000000000000000000000014"
173589,172629,106,960,"000000000000000000000000000000000000000000000000000000000000000000000000000000000000000000000000000000000000000082e7088080000000000000000000000000000000000000000000000000000000000000000000000000000000000000000003"
173695,161567,8,12128,"d402f903d082e708"
173703,154338,3,19365,"048435"
173718,161590,84,12128,"9480e38291e06339d10aab483c65695d004dbd5c6980b903a42cc4081e00000000000000000000000000000000000000000000000000000000000000600000000000000000000000000000000000000000000000"
173802,168348,3,5454,"00002d"
173811,161683,31,12128,"0000000000000000000000000000000000000000000000000000000064fab4"
173843,161715,108,12128,"000000000000000000000000000000000000000000000000000000000000000100000000000000000000000000000000000000000000000000000000000000200000000000000000000000000000000000000000000000000000000000000060000000000000000000000000"
173951,155357,32,18594,"7d43aabc515c356145049227cee54b608342c0ad000000000000000000000000"
173983,173863,12,120,"000000000000000000000001"
174003,161875,108,12128,"000000000000000000000000000000000000000000000000000000000000000200000000000000000000000000000000000000000000000000000000000000400000000000000000000000000000000000000000000000000000000000000160000000000000000000000000"
174111,155197,192,18914,"4cbab02a5448605e95181489b6ec0404e721eb8500000000000000000000000000000000000000000000000000000000000000800000000000000000000000000000000000000000000000000000000000000000000000000000000000000000000000000000000000000000000000000000010000000000000000000000000000000000000000000000000000000000000000600000000000000000000000007d43aabc515c356145049227cee54b608342c0ad000000000000000000000000"
174303,157670,96,16633,"5ec5b1e9b1bd5198343abb6e55fb695d2f7bb30800000000000000000000000000000000000000000000000000000000000000000000000000000000000000000000000000000000000000000000000000000000000000000000000000000000"
174399,159807,192,14592,"5ec5b1e9b1bd5198343abb6e55fb695d2f7bb3080000000000000000000000000000000000000000000000000000000000000080000000000000000000000000000000000000000000000000000000000000000000000000000000000000000000000000000000000000000000000000000001000000000000000000000000000000000000000000000000000000000000000060000000000000000000000000176211869ca2b568f2a7d4ee941e073a821ee1ff000000000000000000000000"
174610,160018,108,14592,"a900000000000000000000000000000000000000000000000000000000000000010000000000000000000000000000000000000000000000000000000000000000c0000000000000000000000000000000000000000000000000000000000000000000000000000000000000"
174718,133854,13,40864,"035a02f9035682e7080384305a"
174733,174728,4,5,"84305ad6"
174742,133878,207,40864,"940cab6977a9c70e04458b740476b498b21401964186d017a6b98000b90324744773f100000000000000000000000000000000000000000000000000000000000001000000000000000000000000000000000000000000000000000000000000000000000000000000000000000000000000000000000000000000000000000000001c142a0a9dc1048d952989b1ac09ebf92d5a10fc522377cbfa9322fb4aa3a94e3e5c39d51d2064bf0ab68698091d1216a9c1b80936fc16ad69b29030d269f04b61000000000000000000000000"
174969,122425,256,52544,"0000000000000000000000000000000000000000000000000000000000000001000000000000000000000000000000000000000000000000000000000000030000000000000000000000000001e4a663fffaf1430d3a36588b2c14b72231d8b4000000000000000000000000000000000000000000000000000000000000000000000000000000000000000000000000000000000000000064fa842764fa926f000000000000000000000000000000000000000000000000000000000000006c000000000000000000000000eeeeeeeeeeeeeeeeeeeeeeeeeeeeeeeeeeeeeeee0000000000000000000000000000000000000000000000000027d486e9818000"
174969,122425,256,52544,"0000000000000000000000000000000000000000000000000000000000000001000000000000000000000000000000000000000000000000000000000000030000000000000000000000000001e4a663fffaf1430d3a36588b2c14b72231d8b4000000000000000000000000000000000000000000000000000000000000000000000000000000000000000000000000000000000000000064fa842764fa926f000000000000000000000000000000000000000000000000000000000000006c000000000000000000000000eeeeeeeeeeeeeeeeeeeeeeeeeeeeeeeeeeeeeeee0000000000000000000000000000000000000000000000000027d486e9818000"
174969,122425,142,52544,"0000000000000000000000000000000000000000000000000000000000000001000000000000000000000000000000000000000000000000000000000000030000000000000000000000000001e4a663fffaf1430d3a36588b2c14b72231d8b400000000000000000000000000000000000000000000000000000000000000000000000000000000000000000000"
175624,123080,138,52544,"842ee8a736842ee8a740827e5494d1a3abf42f9e66be86cfdea8c5c2c74f041c5e1480b901045b7d7482000000000000000000000000000000000000000000000000000000000000004000000000000000000000000000000000000000000000000000000000000000a00000000000000000000000000000000000000000000000000000000000000040"
175765,137766,3,37999,"363537"
175780,159373,3,16407,"306530"
175785,110946,3,64839,"393135"
175794,137734,3,38060,"306237"
175800,111018,3,64782,"343731"
175804,111051,3,64753,"393537"
175812,137826,3,37986,"613533"
175815,110901,3,64914,"393338"
175825,137777,33,38048,"330000000000000000000000000000000000000000000000000000000000000040"
175863,159231,3,16632,"306662"
175868,110903,3,64965,"383664"
175877,159328,3,16549,"383138"
175881,137715,3,38166,"623331"
175887,123274,3,52613,"653764"
175890,137732,3,38158,"356530"
175902,137865,3,38037,"623130"
175908,175883,3,25,"316338"
175914,137869,3,38045,"356439"
175922,123378,45,52544,"c00000000000000000000000000000000000000000000000000000000000000000000000000000000000000001"
175968,175616,3,352,"02f901"
175972,111108,6,64864,"82e70809842e"
175978,120746,10,55232,"e8a736842ee8a7408303"
176018,118792,4,57226,"0000b901"
176023,136854,35,39169,"5ae401dc0000000000000000000000000000000000000000000000000000000064fa87"
176059,118833,126,57226,"000000000000000000000000000000000000000000000000000000000000004000000000000000000000000000000000000000000000000000000000000000010000000000000000000000000000000000000000000000000000000000000020000000000000000000000000000000000000000000000000000000000000"
176185,169732,2,6453,"00e4"
176191,162419,44,13772,"000000000000000000000000e5d7c2a44ffddf6b295a15c148167daaaf5cf34f000000000000000000000000"
176235,119203,50,57032,"176211869ca2b568f2a7d4ee941e073a821ee1ff000000000000000000000000000000000000000000000000000000000000"
176287,175148,13,1139,"0000000000000000000000006c"
176319,175296,25,1023,"00000000000000000000000000000000000000000000000005"
176344,176013,7,331,"698eef06670000"
176351,115906,29,60445,"0000000000000000000000000000000000000000000000000000000026"
176383,175517,95,866,"000000000000000000000000000000000000000000000000000000000000000000000000000000000000000000000000000000000000000000000000c000000000000000000000000000000000000000000000000000000000000000000000"
176480,175968,3,512,"02f901"
176484,175972,3,512,"82e708"
176488,159080,11,17408,"842ee6e1d4842ee6e1dd82"
176530,176019,3,511,"00b901"
176554,176051,6,503,"0000000064fa"
176570,151313,32,25257,"000000000000000000000000000000000000000000000000000000000000000a"
176602,135898,57,40704,"00000000000000000000000000000000000000000000000000000000000000a000000000000000000000000000000000000000000000000001"
176659,176524,7,135,"014f103280a000"
176666,168004,27,8662,"000000000000000000000000000000000000000000000000000017"
176697,176446,32,251,"0000000000000000000000000000000000000000000000000000000000000000"
176734,137730,3,39004,"363735"
176742,159366,3,17376,"306231"
176772,159012,67,17760,"00000000000000000000000000000000000000000000c00000000000000000000000000000000000000000000000000000000000000000000000013302f9012f82e708"
176839,137477,3,39362,"15842e"
176842,159082,136,17760,"e6e1d4842ee6e1dd827e5494d1a3abf42f9e66be86cfdea8c5c2c74f041c5e1480b901045b7d7482000000000000000000000000000000000000000000000000000000000000004000000000000000000000000000000000000000000000000000000000000000a00000000000000000000000000000000000000000000000000000000000000040"
176981,159370,4,17611,"31316330"
176988,176736,3,252,"353863"
176992,123265,3,53727,"383831"
176995,123326,3,53669,"616234"
177000,123321,3,53679,"393036"
177004,137842,3,39162,"333030"
177016,123270,3,53746,"333038"
177019,175800,3,1219,"343731"
177039,159317,3,17722,"313961"
177042,137682,33,39360,"000000000000000000000000000000000000000000000000000000000000004036"
177076,175778,3,1298,"363930"
177088,159226,3,17862,"316430"
177101,175774,3,1327,"316365"
177105,159350,3,17755,"393761"
177113,123271,3,53842,"303861"
177117,175885,4,1232,"38336537"
177127,123269,3,53858,"313330"
177131,159338,4,17793,"66313561"
177138,159378,53,17760,"c000000000000000000000000000000000000000000000000000000000000000000000000000000000000000029402f9029082e708"
177191,162790,3,14401,"02842e"
177194,160138,9,17056,"e6e1d4842ee6e1dd83"
177206,159446,86,17760,"9480e38291e06339d10aab483c65695d004dbd5c6980b902642cc4081e000000000000000000000000000000000000000000000000000000000000006000000000000000000000000000000000000000000000000000"
177292,177179,4,113,"00000002"
177299,173811,31,3488,"0000000000000000000000000000000000000000000000000000000064fab4"
177331,173843,152,3488,"0000000000000000000000000000000000000000000000000000000000000001000000000000000000000000000000000000000000000000000000000000002000000000000000000000000000000000000000000000000000000000000000600000000000000000000000007d43aabc515c356145049227cee54b608342c0ad000000000000000000000000000000000000000000000001"
177491,177331,76,160,"00000000000000000000000000000000000000000000000000000000000000010000000000000000000000000000000000000000000000000000000000000020000000000000000000000000"
177567,174111,192,3456,"4cbab02a5448605e95181489b6ec0404e721eb8500000000000000000000000000000000000000000000000000000000000000800000000000000000000000000000000000000000000000000000000000000000000000000000000000000000000000000000000000000000000000000000010000000000000000000000000000000000000000000000000000000000000000600000000000000000000000007d43aabc515c356145049227cee54b608342c0ad000000000000000000000000"
177778,160210,64,17568,"20000000000000000000000000000000000000000000000000000000000000000200000000000000000000000000000000000000000000000000000000000000"
177842,142770,45,35072,"00c000000000000000000000000000000000000000000000000000000000000000000000000000000000000001"
177887,133311,8,44576,"f402f901f082e708"
177896,136104,12,41792,"842ee0a9f3842ee0a9fd8302"
177910,165997,256,11913,"940872ec4426103482a50f26ffc32acefcec61b3c980b901c4d4dfd6bc0000000000000000000000000000000000000000000000000000000000000000000000000000000000000000000000000000000000000000000000000000000000000000000000000000000000000000000000000000000000000000000000000000000000000000000000000000000000000000000000000000000000000001000000000000000000000000000000000000000000000000000000000000000100000000000000000000000000000000000000000000000000000000652213140000000000000000000000000000000000000000000000000000000000000000000000"
177910,165997,125,11913,"940872ec4426103482a50f26ffc32acefcec61b3c980b901c4d4dfd6bc000000000000000000000000000000000000000000000000000000000000000000000000000000000000000000000000000000000000000000000000000000000000000000000000000000000000000000000000000000000000000000000000"
178355,133779,75,44576,"1b00000000000000000000000000000000000000000000000000000000000000c0000000000000000000000000000000000000000000000000000000000000000000000000000000000000"
178431,176479,3,1952,"3b02f9"
178435,176483,4,1952,"3782e708"
178440,177896,11,544,"842ee0a9f3842ee0a9fd83"
178462,128669,2,49793,"003b"
178483,171206,3,7277,"b90204"
178486,160175,164,18311,"ac9650d800000000000000000000000000000000000000000000000000000000000000200000000000000000000000000000000000000000000000000000000000000002000000000000000000000000000000000000000000000000000000000000004000000000000000000000000000000000000000000000000000000000000001800000000000000000000000000000000000000000000000000000000000000104"
178654,178618,30,36,"000000000000000000000000000000000000000000000000000000000000"
178686,146592,31,32094,"0000000000000000000000000000000000000000000000000000000000004e"
178718,146624,31,32094,"0000000000000000000000000000000000000000000000000000000000004f"
178750,178723,25,27,"00000000000000000000000000000000000000000000000000"
178775,178476,7,299,"b6f4a803c2078f"
178782,172850,25,5932,"00000000000000000000000000000000000000000000000004"
178814,162246,26,16568,"000000000000000000000000000000000000000000000000007f"
178846,178529,25,317,"00000000000000000000000000000000000000000000000002"
178878,160471,31,18407,"0000000000000000000000000000000000000000000000000000000064fa8a"
178910,137342,60,41568,"000000000000000000000000000000000000000000000000000000000000000000000000000000000000000000000000000000000000000000000004"
178974,159006,73,19968,"00000000000000000000000000000000000000000000000000000000c00000000000000000000000000000000000000000000000000000000000000000000000013302f9012f82e708"
179047,136103,11,42944,"03842ee0a9f3842ee0a9fd"
179058,176850,128,2208,"827e5494d1a3abf42f9e66be86cfdea8c5c2c74f041c5e1480b901045b7d7482000000000000000000000000000000000000000000000000000000000000004000000000000000000000000000000000000000000000000000000000000000a00000000000000000000000000000000000000000000000000000000000000040"
179195,159362,3,19833,"666338"
179213,177091,3,2122,"393663"
179219,177124,3,2095,"326462"
179224,137819,3,41405,"333964"
179227,123241,3,55986,"643465"
179239,175796,3,3443,"373361"
179243,159354,3,19889,"376662"
179249,123281,33,55968,"390000000000000000000000000000000000000000000000000000000000000040"
179282,179186,64,96,"35666563656236366666633836663338643935323738366336643639366337396332646263323339646434653931623436373239643733613237666235376539"
179347,160883,51,18464,"00000000000000000000000000000000000000000000000000000000000000000000000000000000000000007102f86e82e708"
179399,162598,11,16801,"842ed645ff842ed6460982"
179412,155541,40,23871,"94176211869ca2b568f2a7d4ee941e073a821ee1ff80b844095ea7b3000000000000000000000000"
179452,160988,48,18464,"f82537fb6c56a3b50092d3951f84f5f6c835b4f500000000000000000000000000000000000000000000000000000000"
179504,161040,47,18464,"c000000000000000000000000000000000000000000000000000000000000000000000000000000000000000000001"
179551,164031,53,15520,"0df9010a01842aea5400829d78940872ec4426103482a50f26ffc32acefcec61b3c980b8e4f242432a000000000000000000000000"
179604,167352,20,12252,"9ee7a76f52b6d5e2b93c1d3246f4a21f5cef20da"
179624,164104,256,15520,"000000000000000000000000aec3cacef9457ff2821d9f85429ce3d90b0014590000000000000000000000000000000000000000000000000000000000000005000000000000000000000000000000000000000000000000000000000000000100000000000000000000000000000000000000000000000000000000000000a00000000000000000000000000000000000000000000000000000000000000000000000000000000000000000000000000000000000000000000000000000000082e70880800000000000000000000000000000000000000000000000000000000000000000000000000000000000000000000000000001eff901ec80842aea54"
179624,164104,224,15520,"000000000000000000000000aec3cacef9457ff2821d9f85429ce3d90b0014590000000000000000000000000000000000000000000000000000000000000005000000000000000000000000000000000000000000000000000000000000000100000000000000000000000000000000000000000000000000000000000000a00000000000000000000000000000000000000000000000000000000000000000000000000000000000000000000000000000000000000000000000000000000082e7088080000000000000000000000000000000000000000000000000000000"
180106,178131,160,1975,"00000000000000000000000000000000000000000000000000000000000000000000000000000000000000000000000000000000000000000000000000000005000000000000000000000000000000000000000000000000000000000000000000000000000000000000000000000000000000000000000000000000000001400000000000000000000000000000000000000000000000000000000000000041"
180330,165354,85,14976,"1c0000000000000000000000000000000000000000000000000000000000000082e7088080000000000000000000000000000000000000000000000000000000000000000000000000000000000000000000000001"
180415,179551,53,864,"0df9010a01842aea5400829d78940872ec4426103482a50f26ffc32acefcec61b3c980b8e4f242432a000000000000000000000000"
180468,167372,20,13096,"770fe81717bcef98e4879800d4d4670f703f0d04"
180488,163784,256,16704,"000000000000000000000000aec3cacef9457ff2821d9f85429ce3d90b0014590000000000000000000000000000000000000000000000000000000000000005000000000000000000000000000000000000000000000000000000000000000100000000000000000000000000000000000000000000000000000000000000a00000000000000000000000000000000000000000000000000000000000000000000000000000000000000000000000000000000000000000000000000000000082e708808000000000000000000000000000000000000000000000000000000000000000000000000000000000000000000000000000010df9010a01842aea54"
180488,163784,44,16704,"000000000000000000000000aec3cacef9457ff2821d9f85429ce3d90b001459000000000000000000000000"
180788,167392,20,13396,"b32546d5e6d84cfbf3c5b5c0cb6a27684a48dd85"
180808,179624,256,1184,"000000000000000000000000aec3cacef9457ff2821d9f85429ce3d90b0014590000000000000000000000000000000000000000000000000000000000000005000000000000000000000000000000000000000000000000000000000000000100000000000000000000000000000000000000000000000000000000000000a00000000000000000000000000000000000000000000000000000000000000000000000000000000000000000000000000000000000000000000000000000000082e70880800000000000000000000000000000000000000000000000000000000000000000000000000000000000000000000000000001eff901ec80842aea54"
180808,179624,224,1184,"000000000000000000000000aec3cacef9457ff2821d9f85429ce3d90b0014590000000000000000000000000000000000000000000000000000000000000005000000000000000000000000000000000000000000000000000000000000000100000000000000000000000000000000000000000000000000000000000000a00000000000000000000000000000000000000000000000000000000000000000000000000000000000000000000000000000000000000000000000000000000082e7088080000000000000000000000000000000000000000000000000000000"
181290,180106,160,1184,"00000000000000000000000000000000000000000000000000000000000000000000000000000000000000000000000000000000000000000000000000000005000000000000000000000000000000000000000000000000000000000000000000000000000000000000000000000000000000000000000000000000000001400000000000000000000000000000000000000000000000000000000000000041"
181514,145290,85,36224,"1c0000000000000000000000000000000000000000000000000000000000000082e7088080000000000000000000000000000000000000000000000000000000000000000000000000000000000000000000000000"
181602,166626,9,14976,"842aea540082520894"
181631,166559,66,15072,"865af3107a40008082e70880800000000000000000000000000000000000000000000000000000000000000000000000000000000000000000000000000000002ceb"
181697,166529,10,15168,"57842aea540082520894"
181727,181631,66,96,"865af3107a40008082e70880800000000000000000000000000000000000000000000000000000000000000000000000000000000000000000000000000000002ceb"
181794,181698,9,96,"842aea540082520894"
181823,181727,64,96,"865af3107a40008082e7088080000000000000000000000000000000000000000000000000000000000000000000000000000000000000000000000000000000"
181887,143455,52,38432,"ecf8ea01842aea5400829b28940872ec4426103482a50f26ffc32acefcec61b3c980b8c4f242432a000000000000000000000000"
181939,167412,20,14527,"90bc402a97714a440fd89525d1a9b68ef04d4945"
181959,143527,215,38432,"00000000000000000000000001e4a663fffaf1430d3a36588b2c14b72231d8b40000000000000000000000000000000000000000000000000000000000000005000000000000000000000000000000000000000000000000000000000000000100000000000000000000000000000000000000000000000000000000000000a0000000000000000000000000000000000000000000000000000000000000000082e70880800000000000000000000000000000000000000000000000000000000000000000000000000000000000000000000000000000"
182174,145374,5,36800,"002eed8202"
182180,181794,9,386,"842aea540082520894"
182209,145409,62,36800,"8654953ff6d0008082e708808000000000000000000000000000000000000000000000000000000000000000000000000000000000000000000000000000"
182271,178522,32,3749,"0000000000000000000000000000000000000000000000000000000000000002"
182324,166892,40,15432,"b8ff877ed78ba520ece21b1de7843a8a57ca47cbb8ff877ed78ba520ece21b1de7843a8a57ca47cb"
182364,166832,60,15532,"e93685f3bba03016f02bd1828badd6195988d950b8ff877ed78ba520ece21b1de7843a8a57ca47cbb8ff877ed78ba520ece21b1de7843a8a57ca47cb"
182424,166812,40,15612,"e93685f3bba03016f02bd1828badd6195988d950e93685f3bba03016f02bd1828badd6195988d950"
182464,174591,20,7873,"9d30fd9d9e82a5ba57a8358a422ce2d13fa5c4a9"
182484,174949,20,7535,"ed805458a99f7f366728757f49dd578d900672ba"
182524,176299,20,6225,"6c325d0121bec268af0c44c30e428ace5d68551c"
182579,178127,3,4452,"652213"
182584,177759,20,4825,"095954e2258998114b1feadccc55583d46e55c20"
182684,179604,20,3080,"9ee7a76f52b6d5e2b93c1d3246f4a21f5cef20da"
182704,166539,20,16165,"e97bd1d05079f3f6130783a565419799af953cea"
182724,167372,40,15352,"770fe81717bcef98e4879800d4d4670f703f0d04b32546d5e6d84cfbf3c5b5c0cb6a27684a48dd85"
182764,166635,20,16129,"98496d49f8aedd373542d7aa4163d17d19d1c77b"
182844,181939,20,905,"90bc402a97714a440fd89525d1a9b68ef04d4945"
182864,175045,76,7819,"01e4a663fffaf1430d3a36588b2c14b72231d8b40000000000000000000000000000000000000000000000000000000000000000000000000000000000000000000000000000000000000000"
182940,178934,36,4006,"000000000000000000000000000000000000000000000000000000000000000000000004"
182976,177587,62,5389,"0000000000000000000000000000000000000000000000000000000000000080000000000000000000000000000000000000000000000000000000000000"
183039,182976,31,63,"00000000000000000000000000000000000000000000000000000000000000"
183072,183040,30,32,"000000000000000000000000000000000000000000000000000000000000"
183103,182301,2,802,"0002"
183136,178878,30,4258,"0000000000000000000000000000000000000000000000000000000064fa"
183168,178356,62,4812,"00000000000000000000000000000000000000000000000000000000000000c0000000000000000000000000000000000000000000000000000000000000"
183232,168352,62,14880,"0000000000000000000000000000000000000000000000000000000000002e00000000000000000000000000000000000000000000000000000000000000"
183296,174841,32,8455,"000000000000000000000000000000000000000000000000000000000000001c"
183328,175001,31,8327,"00000000000000000000000000000000000000000000000000000000000003"
183360,181992,31,1368,"00000000000000000000000000000000000000000000000000000000000005"
183392,167840,31,15552,"00000000000000000000000000000000000000000000000000000000000008"
183424,127936,31,55488,"0000000000000000000000000000000000000000000000000000000000000b"
183455,183296,31,159,"00000000000000000000000000000000000000000000000000000000000000"
183488,173154,31,10334,"0000000000000000000000000000000000000000000000000000000000000d"
183520,146880,31,36640,"00000000000000000000000000000000000000000000000000000000000010"
183551,127999,63,55552,"000000000000000000000000000000000000000000000000000000000000001060000000000000000000000000000000000000000000000000000000000000"
183616,183584,30,32,"000000000000000000000000000000000000000000000000000000000000"
183648,183616,31,32,"00000000000000000000000000000000000000000000000000000000000011"
183679,167967,32,15712,"a000000000000000000000000000000000000000000000000000000000000013"
183711,183551,31,160,"00000000000000000000000000000000000000000000000000000000000000"
183744,168000,62,15744,"0000000000000000000000000000000000000000000000000000000000001720000000000000000000000000000000000000000000000000000000000000"
183807,128159,32,55648,"c00000000000000000000000000000000000000000000000000000000000001c"
183840,172282,31,11558,"00000000000000000000000000000000000000000000000000000000000021"
183872,183840,31,32,"00000000000000000000000000000000000000000000000000000000000021"
183904,168128,31,15776,"00000000000000000000000000000000000000000000000000000000000022"
183936,168160,31,15776,"00000000000000000000000000000000000000000000000000000000000023"
183968,168192,31,15776,"00000000000000000000000000000000000000000000000000000000000024"
184000,168224,31,15776,"00000000000000000000000000000000000000000000000000000000000027"
184031,160407,32,23624,"0000000000000000000000000000000000000000000000000000000000000028"
184064,176699,31,7365,"0000000000000000000000000000000000000000000000000000000000002a"
184096,184064,31,32,"0000000000000000000000000000000000000000000000000000000000002a"
184127,128543,32,55584,"c00000000000000000000000000000000000000000000000000000000000002b"
184160,181761,31,2399,"0000000000000000000000000000000000000000000000000000000000002c"
184192,184160,31,32,"0000000000000000000000000000000000000000000000000000000000002c"
184224,171136,38,13088,"0000000000000000000000000000000000000000000000000000000000000232f9022f830306"
184267,178449,3,5818,"fd8304"
184270,171182,126,13088,"8d9c94cb566e3b6934fa77258d68ea18e931fa75e1aaaa80b902046c459a2800000000000000000000000038de71124f7a447a01d67945a51edce9ff49125100000000000000000000000000000000000000000000000000000000000000800000000000000000000000000000000000000000000000000000000064fada"
184397,151181,100,33216,"00000000000000000000000000000000000000000000000000000000000001400000000000000000000000000000000000000000000000000000000000000084704316e500000000000000000000000000000000000000000000000000000000000000b8"
184529,176570,32,7959,"000000000000000000000000000000000000000000000000000000000000000a"
184561,184497,63,64,"7c1a5e1f2b4e07f6dee28a34f96c0f4bbf9cc05c56475d52ceb226cccf8bd43e00000000000000000000000000000000000000000000000000000000000000"
184624,182091,29,2533,"0000000000000000000000000000000000000000000000000000000082"
184713,182974,2,1739,"0004"
184725,183037,2,1688,"0031"
184782,152782,88,32000,"1c00000000000000000000000000000000000000000000000000000000000082e708808000000000000000000000000000000000000000000000000000000000000000000000000000000000000000000232f9022f830306"
184871,184263,233,608,"8439f153fd83048d9c94cb566e3b6934fa77258d68ea18e931fa75e1aaaa80b902046c459a2800000000000000000000000038de71124f7a447a01d67945a51edce9ff49125100000000000000000000000000000000000000000000000000000000000000800000000000000000000000000000000000000000000000000000000064fada3500000000000000000000000000000000000000000000000000000000000001400000000000000000000000000000000000000000000000000000000000000084704316e500000000000000000000000000000000000000000000000000000000000000"
185119,185103,1,16,"00"
185137,173537,32,11600,"0000000000000000000000000000000000000000000000000000000000000014"
185169,185105,63,64,"c9b9962ed36f0aca0342963fb9eb007485bae3439b97dc182b9e39339c225b1d00000000000000000000000000000000000000000000000000000000000000"
185232,184785,29,447,"0000000000000000000000000000000000000000000000000000000082"
185390,171086,81,14304,"1b00000000000000000000000000000000000000000000000000000000000082e7088080000000000000000000000000000000000000000000000000000000000000000000000000000000000000000002"
185476,153476,6,32000,"8435a4e90083"
185514,177228,3,8286,"b90264"
185517,178486,131,7031,"ac9650d800000000000000000000000000000000000000000000000000000000000000200000000000000000000000000000000000000000000000000000000000000002000000000000000000000000000000000000000000000000000000000000004000000000000000000000000000000000000000000000000000000000000001"
185649,141459,32,44190,"0000000000000000000000000000000000000000000000000000000000000164"
185685,160343,94,25342,"000000000000000000000000176211869ca2b568f2a7d4ee941e073a821ee1ff000000000000000000000000e5d7c2a44ffddf6b295a15c148167daaaf5cf34f000000000000000000000000000000000000000000000000000000000000"
185781,183329,30,2452,"000000000000000000000000000000000000000000000000000000000003"
185813,185781,30,32,"000000000000000000000000000000000000000000000000000000000003"
185845,185813,29,32,"0000000000000000000000000000000000000000000000000000000000"
185877,185849,25,28,"00000000000000000000000000000000000000000000000000"
185902,185507,7,395,"1f2b043473dacc"
185909,185845,29,64,"0000000000000000000000000000000000000000000000000000000000"
185941,168069,26,17872,"000000000000000000000000000000000000000000000000001e"
185973,147442,13,38531,"0000000000000000000000003d"
186004,154608,31,31396,"f80000000000000000000000000000000000000000000000000000000064fa"
186037,137342,92,48695,"00000000000000000000000000000000000000000000000000000000000000000000000000000000000000000000000000000000000000000000000412210e8a00000000000000000000000000000000000000000000000000000000"
186129,185421,46,708,"82e70880800000000000000000000000000000000000000000000000000000000000000000000000000000000000"
186179,186129,3,50,"82e708"
186220,179433,3,6787,"80b844"
186227,156090,13,30137,"00000000000000000000000034"
186259,127588,27,58671,"00000000000000000000000000000000000000000000000000004a"
186290,177842,45,8448,"00c000000000000000000000000000000000000000000000000000000000000000000000000000000000000001"
186336,179040,3,7296,"02f901"
186340,186179,4,161,"82e70882"
186356,185480,2,876,"0083"
186382,181090,3,5292,"80b901"
186390,186052,44,338,"0000000000000000000000000000000000000000000000000000000000000000000000000000000000000000"
186434,175173,32,11261,"eeeeeeeeeeeeeeeeeeeeeeeeeeeeeeeeeeeeeeee000000000000000000000000"
186466,186434,32,32,"eeeeeeeeeeeeeeeeeeeeeeeeeeeeeeeeeeeeeeee000000000000000000000000"
186518,186409,25,109,"00000000000000000000000000000000000000000000000000"
186548,186407,27,141,"000000000000000000000000000000000000000000000000000000"
186580,175223,33,11357,"800000000000000000000000000000000000000000000000000000000000000001"
186614,186066,31,548,"00000000000000000000000000000000000000000000000000000000000004"
186646,186614,30,32,"000000000000000000000000000000000000000000000000000000000000"
186678,175513,101,11165,"00000000000000000000000000000000000000000000000000000000000000000000000000000000000000000000000000000000000000000000000000000000c0000000000000000000000000000000000000000000000000000000000000000000000000"
186779,185581,4,1198,"00000002"
186797,160150,205,26647,"94272e156df8da513c69cb41cc7a99185d53f926bb80b90244ac9650d800000000000000000000000000000000000000000000000000000000000000200000000000000000000000000000000000000000000000000000000000000002000000000000000000000000000000000000000000000000000000000000004000000000000000000000000000000000000000000000000000000000000001800000000000000000000000000000000000000000000000000000000000000104a8c9ed67000000000000000000000000"
187002,177727,32,9275,"7d43aabc515c356145049227cee54b608342c0ad000000000000000000000000"
187034,160387,115,26647,"e5d7c2a44ffddf6b295a15c148167daaaf5cf34f000000000000000000000000000000000000000000000000000000000000002800000000000000000000000000000000000000000000000000000000000000000000000000000000000000000000000000000000000000000000000064fa8a"
187150,183814,25,3336,"0000000000000000000000000000000000000000000000001c"
187182,186619,26,563,"0000000000000000000000000000000000000000000000000004"
187214,160567,120,26647,"0000000000000000000000000000000000000000000000000000000000000000000000000000000000000000000000000000000000000000000000000000000000000000000000000000000000000000000000000000000000000044bac37ef7000000000000000000000000000000000000000000000000"
187334,187206,20,128,"000473fba29e1bee000000000000000000000000"
187374,182091,81,5283,"0000000000000000000000000000000000000000000000000000000082e7088080000000000000000000000000000000000000000000000000000000000000000000000000000000000000000000000000"
187455,162687,6,24768,"3002ee82e708"
187467,187462,5,5,"842f8c6b5a"
187476,162708,75,24768,"94cce9d3f392c135dc038b147ca73ec496f7f89d938084183ff085c00000000000000000000000000000000000000000000000000000000000000000000000000000000000000000000000"
187554,179044,5,8510,"82e7080384"
187563,187558,4,5,"842f57cf"
187568,182185,4,5383,"82520894"
187600,162639,47,24961,"0080c00000000000000000000000000000000000000000000000000000000000000000000000000000000000000000"
187647,187551,6,96,"3302f182e708"
187653,177191,3,10462,"02842e"
187659,187654,4,5,"842edede"
187664,187568,4,96,"82520894"
187695,184970,3,2725,"000080"
187699,187603,44,96,"0000000000000000000000000000000000000000000000000000000000000000000000000000000000000000"
187743,160799,7,26944,"5002f84d82e708"
187750,179047,3,8703,"03842e"
187753,187656,9,97,"dede3a842edede4482"
187764,162805,106,24959,"949dba31e492b7e98b8195e254ee13b6b027e4a59d80a4a7f68792766f746500000000000000000000000000000000000000000000000000000000c000000000000000000000000000000000000000000000000000000000000000000000000000000000000000000000"
187870,179038,9,8832,"013302f9012f82e708"
187880,187751,11,129,"842edede3a842edede4482"
187891,179059,127,8832,"7e5494d1a3abf42f9e66be86cfdea8c5c2c74f041c5e1480b901045b7d7482000000000000000000000000000000000000000000000000000000000000004000000000000000000000000000000000000000000000000000000000000000a00000000000000000000000000000000000000000000000000000000000000040"
188019,159374,3,28645,"653062"
188022,175904,3,12118,"306539"
188043,137855,3,50188,"323638"
188052,177118,3,10934,"336537"
188060,177031,3,11029,"623932"
188069,123335,3,64734,"313562"
188073,177114,3,10959,"386139"
188081,159281,33,28800,"640000000000000000000000000000000000000000000000000000000000000040"
188114,177028,4,11086,"31613462"
188119,159219,3,28900,"366163"
188130,123328,3,64802,"346631"
188134,137817,3,50317,"323933"
188139,177036,3,11103,"626434"
188142,179311,3,8831,"633739"
188146,175910,3,12236,"383533"
188164,137726,3,50438,"613865"
188170,177127,3,11043,"313330"
188175,123351,3,64824,"613261"
188178,177138,45,11040,"c00000000000000000000000000000000000000000000000000000000000000000000000000000000000000002"
188223,136095,11,52128,"9b02f9029782e70803842e"
188234,187882,8,352,"dede3a842edede44"
188242,136114,27,52128,"830282509480e38291e06339d10aab483c65695d004dbd5c698730"
188275,136147,64,52128,"b902642cc4081e000000000000000000000000000000000000000000000000000000000000006000000000000000000000000000000000000000000000000137"
188346,177299,31,11047,"0000000000000000000000000000000000000000000000000000000064fab4"
188378,136250,154,52128,"00000000000000000000000000000000000000000000000000000000000000010000000000000000000000000000000000000000000000000000000000000020000000000000000000000000000000000000000000000000000000000000006000000000000000000000000000000000000000000000000000000000000000000000000000000000000000000000000000000000000000000030"
188532,188269,6,263,"8e482339baff"
188538,136410,256,52128,"000000000000000000000000000000000000000000000000000000000000000100000000000000000000000000000000000000000000000000000000000000200000000000000000000000007f72e0d8e9abf9133a92322b8b50bd8e0f9dcfcb0000000000000000000000000000000000000000000000000000000000000080000000000000000000000000000000000000000000000000000000000000000000000000000000000000000000000000000000000000000000000000000001000000000000000000000000000000000000000000000000000000000000000060000000000000000000000000e5d7c2a44ffddf6b295a15c148167daaaf5cf34f"
188538,136410,12,52128,"000000000000000000000000"
188826,177779,100,11047,"00000000000000000000000000000000000000000000000000000000000000020000000000000000000000000000000000000000000000000000000000000000c00000000000000000000000000000000000000000000000000000000000000000000000"
188926,187870,9,1056,"013302f9012f82e708"
188940,177196,3,11744,"d4842e"
188946,175634,129,13312,"827e5494d1a3abf42f9e66be86cfdea8c5c2c74f041c5e1480b901045b7d7482000000000000000000000000000000000000000000000000000000000000004000000000000000000000000000000000000000000000000000000000000000a0000000000000000000000000000000000000000000000000000000000000004037"
189080,159260,3,29820,"646262"
189110,179298,3,9812,"643935"
189118,188130,3,988,"346631"
189122,177096,3,12026,"643037"
189128,137814,3,51314,"613432"
189134,188139,3,995,"626434"
189137,179249,33,9888,"390000000000000000000000000000000000000000000000000000000000000040"
189170,189074,64,96,"37316436653464626238363231313939356366396537393330656661363638316630396564393566383462383466313064303735343961343263323262643439"
189234,188178,45,1056,"c00000000000000000000000000000000000000000000000000000000000000000000000000000000000000002"
189279,160127,8,29152,"7402f9027082e708"
189288,188936,10,352,"842edc23d4842edc23de"
189302,136822,21,52480,"94f82537fb6c56a3b50092d3951f84f5f6c835b4f5"
189323,186818,4,2505,"80b90244"
189327,176023,34,13304,"5ae401dc0000000000000000000000000000000000000000000000000000000064fa"
189363,136890,127,52473,"00000000000000000000000000000000000000000000000000000000000000400000000000000000000000000000000000000000000000000000000000000002000000000000000000000000000000000000000000000000000000000000004000000000000000000000000000000000000000000000000000000000000001"
189491,176155,48,13336,"00000000000000000000000000000000000000000000000000000000000000e404e45aaf000000000000000000000000"
189559,185717,93,3842,"000000000000000000000000e5d7c2a44ffddf6b295a15c148167daaaf5cf34f00000000000000000000000000000000000000000000000000000000000001f40000000000000000000000000000000000000000000000000000000000"
189652,189424,27,228,"000002000000000000000000000000000000000000000000000000"
189687,185817,26,3870,"0000000000000000000000000000000000000000000000000003"
189719,187214,92,2505,"0000000000000000000000000000000000000000000000000000000000000000000000000000000000000000000000000000000000000000000000000000000000000000000000000000000000000000000000000000000000000044"
189815,189687,44,128,"000000000000000000000000000000000000000000000000000334b194f0ee58000000000000000000000000"
189876,189875,3,1,"777777"
189879,178359,72,11520,"00000000000000000000000000000000000000000000000000000000c000000000000000000000000000000000000000000000000000000000000000000000000000000000000002"
189952,189280,3,672,"02f902"
189956,189284,3,672,"82e708"
189960,189288,11,672,"842edc23d4842edc23de83"
189974,175990,21,13984,"94678aa4bf4e210cf2166753e054d5b7c31cc7fa86"
189995,189323,3,672,"80b902"
189999,189327,163,672,"5ae401dc0000000000000000000000000000000000000000000000000000000064fa86f500000000000000000000000000000000000000000000000000000000000000400000000000000000000000000000000000000000000000000000000000000002000000000000000000000000000000000000000000000000000000000000004000000000000000000000000000000000000000000000000000000000000001"
190162,137017,33,53145,"a00000000000000000000000000000000000000000000000000000000000000124"
190199,137054,76,53145,"00000000000000000000000000000000000000000000000000000000000000200000000000000000000000000000000000000000000000000000000000000080000000000000000000000000"
190275,190079,43,196,"00000000000000000000000000000000000000020000000000000000000000000000000000000000000000"
190327,174374,26,15953,"000000000000000000000000000000000000000000000000005e"
190359,147615,32,42744,"0000000000000000000000000000000000000000000000000000000000000042"
190409,190389,1,20,"00"
190411,190029,3,382,"000064"
190414,185697,21,4717,"176211869ca2b568f2a7d4ee941e073a821ee1ff00"
190437,141635,109,48802,"e5d7c2a44ffddf6b295a15c148167daaaf5cf34f0000000000000000000000000000000000000000000000000000000000000000000000000000000000000000000000000000000000000000000000000000000000000000000000000000000000000000000000000000000000"
190546,189810,30,736,"4449404b7c00000000000000000000000000000000000000000000000000"
190576,190352,19,224,"5e74c3c82c1d92000000000000000000000000"
190615,189879,71,736,"00000000000000000000000000000000000000000000000000000000c0000000000000000000000000000000000000000000000000000000000000000000000000000000000000"
190687,134751,3,55936,"7a02f9"
190691,134755,4,55936,"7682e708"
190695,176487,3,14208,"07842e"
190698,189962,9,736,"dc23d4842edc23de83"
190711,135219,20,55492,"1a7b46c660603ebb5fbe3ae51e80ad21df00bdd1"
190731,181823,7,8908,"865af3107a4000"
190745,188859,62,1886,"00000000000000000000000000000000000000000000000000000000000000c0000000000000000000000000000000000000000000000000000000000000"
190809,149978,32,40831,"000000000000000000000000000000000000000000000000000000000000001b"
190905,190003,31,902,"0000000000000000000000000000000000000000000000000000000064fa86"
190937,150707,14,40230,"000000000000000000000000b59f"
190969,190131,62,838,"00000000000000000000000000000000000000000000000000000000000001a0000000000000000000000000000000000000000000000000000000000000"
191031,191030,78,1,"000000000000000000000000000000000000000000000000000000000000000000000000000000000000000000000000000000000000000000000000000000000000000000000000000000000000"
191109,190949,46,160,"b59f63eea1e17c7ff14c90d89e125438609040200000000000000000000000000000000000000000000000000000"
191160,190263,32,897,"0000000000000000000000000000000000000000000000000000000000000002"
191192,190066,64,1126,"40000000000000000000000000000000000000000000000000000000000000000200000000000000000000000000000000000000000000000000000000000000"
191256,183041,30,8215,"000000000000000000000000000000000000000000000000000000000065"
191289,191273,12,16,"000000000000000000000000"
191321,181194,92,10127,"0000000000000000000000000000000000000000000000000000000000000001000000000000000000000000000000000000000000000000000000000000000100000000000000000000000000000000000000000000000000000000"
191413,191221,16,192,"00000002000000000000000000000000"
191449,191193,63,256,"000000000000000000000000000000000000000000000000000000000000000200000000000000000000000000000000000000000000000000000000000000"
191512,191352,64,160,"01000000000000000000000000000000000000000000000000000000000000000100000000000000000000000000000000000000000000000000000000000000"
191576,191032,123,544,"0000000000000000000000000000000000000000000000000000000000000000000000000000000000000000000000000000000000000000000000000000000000000000000000000000000000b59f63eea1e17c7ff14c90d89e125438609040200000000000000000000000000000000000000000000000000000"
191699,154434,6,37265,"09184e72a000"
191705,181418,32,10287,"0000000000000000000000000000000000000000000000000000000000000041"
191801,178355,70,13446,"1b00000000000000000000000000000000000000000000000000000000000000c000000000000000000000000000000000000000000000000000000000000000000000000000"
191871,162783,7,29088,"5102f84e82e708"
191879,190696,11,1183,"842edc23d4842edc23de83"
191890,162802,116,29088,"010a3b949dba31e492b7e98b8195e254ee13b6b027e4a59d80a4a7f68792766f746500000000000000000000000000000000000000000000000000000000c0000000000000000000000000000000000000000000000000000000000000000000000000000000000000000000007202f86f82e708"
192012,192007,4,5,"842d6920"
192017,155537,92,36480,"8301614994176211869ca2b568f2a7d4ee941e073a821ee1ff80b844095ea7b30000000000000000000000006352a56caadc4f1e25cd6c75970fa768a3304e6400000000000000000000000000000000000000000000000000000000"
192109,140695,4,51414,"00061a80"
192113,163025,46,29088,"c0000000000000000000000000000000000000000000000000000000000000000000000000000000000000000001"
192159,143135,54,49024,"0df9010a01842aea5400829d78940872ec4426103482a50f26ffc32acefcec61b3c980b8e4f242432a000000000000000000000000a8"
192232,180488,256,11744,"000000000000000000000000aec3cacef9457ff2821d9f85429ce3d90b0014590000000000000000000000000000000000000000000000000000000000000005000000000000000000000000000000000000000000000000000000000000000100000000000000000000000000000000000000000000000000000000000000a00000000000000000000000000000000000000000000000000000000000000000000000000000000000000000000000000000000000000000000000000000000082e708808000000000000000000000000000000000000000000000000000000000000000000000000000000000000000000000000000010df9010a01842aea54"
192232,180488,44,11744,"000000000000000000000000aec3cacef9457ff2821d9f85429ce3d90b001459000000000000000000000000"
192552,179624,256,12928,"000000000000000000000000aec3cacef9457ff2821d9f85429ce3d90b0014590000000000000000000000000000000000000000000000000000000000000005000000000000000000000000000000000000000000000000000000000000000100000000000000000000000000000000000000000000000000000000000000a00000000000000000000000000000000000000000000000000000000000000000000000000000000000000000000000000000000000000000000000000000000082e70880800000000000000000000000000000000000000000000000000000000000000000000000000000000000000000000000000001eff901ec80842aea54"
192552,179624,225,12928,"000000000000000000000000aec3cacef9457ff2821d9f85429ce3d90b0014590000000000000000000000000000000000000000000000000000000000000005000000000000000000000000000000000000000000000000000000000000000100000000000000000000000000000000000000000000000000000000000000a00000000000000000000000000000000000000000000000000000000000000000000000000000000000000000000000000000000000000000000000000000000082e708808000000000000000000000000000000000000000000000000000000000"
193034,181290,160,11744,"00000000000000000000000000000000000000000000000000000000000000000000000000000000000000000000000000000000000000000000000000000005000000000000000000000000000000000000000000000000000000000000000000000000000000000000000000000000000000000000000000000000000001400000000000000000000000000000000000000000000000000000000000000041"
193258,180330,138,12928,"1c0000000000000000000000000000000000000000000000000000000000000082e70880800000000000000000000000000000000000000000000000000000000000000000000000000000000000000000000000010df9010a01842aea5400829d78940872ec4426103482a50f26ffc32acefcec61b3c980b8e4f242432a000000000000000000000000"
193400,185901,2,7499,"001f"
193416,180808,256,12608,"000000000000000000000000aec3cacef9457ff2821d9f85429ce3d90b0014590000000000000000000000000000000000000000000000000000000000000005000000000000000000000000000000000000000000000000000000000000000100000000000000000000000000000000000000000000000000000000000000a00000000000000000000000000000000000000000000000000000000000000000000000000000000000000000000000000000000000000000000000000000000082e70880800000000000000000000000000000000000000000000000000000000000000000000000000000000000000000000000000001eff901ec80842aea54"
193416,180808,225,12608,"000000000000000000000000aec3cacef9457ff2821d9f85429ce3d90b0014590000000000000000000000000000000000000000000000000000000000000005000000000000000000000000000000000000000000000000000000000000000100000000000000000000000000000000000000000000000000000000000000a00000000000000000000000000000000000000000000000000000000000000000000000000000000000000000000000000000000000000000000000000000000082e708808000000000000000000000000000000000000000000000000000000000"
193898,193034,160,864,"00000000000000000000000000000000000000000000000000000000000000000000000000000000000000000000000000000000000000000000000000000005000000000000000000000000000000000000000000000000000000000000000000000000000000000000000000000000000000000000000000000000000001400000000000000000000000000000000000000000000000000000000000000041"
194122,166442,87,27680,"1b0000000000000000000000000000000000000000000000000000000000000082e70880800000000000000000000000000000000000000000000000000000000000000000000000000000000000000000000000002ceb"
194210,182180,9,12030,"842aea540082520894"
194238,166654,65,27584,"7b865af3107a40008082e7088080000000000000000000000000000000000000000000000000000000000000000000000000000000000000000000000000000000"
194303,181887,52,12416,"ecf8ea01842aea5400829b28940872ec4426103482a50f26ffc32acefcec61b3c980b8c4f242432a000000000000000000000000"
194375,181959,216,12416,"00000000000000000000000001e4a663fffaf1430d3a36588b2c14b72231d8b40000000000000000000000000000000000000000000000000000000000000005000000000000000000000000000000000000000000000000000000000000000100000000000000000000000000000000000000000000000000000000000000a0000000000000000000000000000000000000000000000000000000000000000082e7088080000000000000000000000000000000000000000000000000000000000000000000000000000000000000000000000000000000"
194591,181791,12,12800,"2ceb55842aea540082520894"
194623,181727,66,12896,"865af3107a40008082e70880800000000000000000000000000000000000000000000000000000000000000000000000000000000000000000000000000000002ceb"
194689,181601,10,13088,"53842aea540082520894"
194719,194623,64,96,"865af3107a40008082e7088080000000000000000000000000000000000000000000000000000000000000000000000000000000000000000000000000000000"
194783,182175,4,12608,"2eed8202"
194788,194690,9,98,"842aea540082520894"
194817,182209,94,12608,"8654953ff6d0008082e7088080000000000000000000000000000000000000000000000000000000000000000000000000000000000000000000000000000000000000000000000000000000000000000000000000000000000000000002"
194912,182384,40,12528,"b8ff877ed78ba520ece21b1de7843a8a57ca47cbb8ff877ed78ba520ece21b1de7843a8a57ca47cb"
194952,185985,20,8967,"3d391afffed2255a2dd00325c3a96a5a8e023ff8"
194996,194909,1,87,"00"
195012,187354,20,7658,"35df32fb3fc433e5d29709c4e2e82e825e24fdd7"
195132,188806,20,6326,"62375fdf9a90ba627f67c29ae5e1adca765d4eb3"
195160,183933,2,11227,"0022"
195172,189859,20,5313,"f7ddb891f45676712049078c2651646077777777"
195192,190595,20,4597,"5f92a40a6d582ef8856fa27fcd9189682b54f2a7"
195252,146232,20,49020,"41effb8f5d8fd4e4826d19fd53ae5c469aaf2894"
195272,192212,20,3060,"a831cc4f8964fccef9ac5435e78e303080667598"
195292,192532,20,2760,"2de8c57d428d58a230393734b4894457c3c9f272"
195332,193396,20,1936,"ab5dd73d001f8f545ee048916098579124baf0f2"
195372,182784,20,12588,"161dbc3f770dc97288eed3c864daba618a209a24"
195392,194355,20,1037,"17a54fa9fb4c4e8711613ae90eb496550e8fa824"
195412,182804,40,12608,"b268e06dd9826e7c47c4b6bbc9f16df2d3bdc9ae50ee2a1789f78174bf7fad3a2e9b21dec8ed0eb7"
195452,182864,68,12588,"01e4a663fffaf1430d3a36588b2c14b72231d8b4000000000000000000000000000000000000000000000000000000000000000000000000000000000000000000000000"
195552,183136,31,12416,"0000000000000000000000000000000000000000000000000000000064fa85"
195584,191802,62,3782,"00000000000000000000000000000000000000000000000000000000000000c0000000000000000000000000000000000000000000000000000000000000"
195647,175321,32,20326,"0000000000000000000000000000000000000000000000000000000000000032"
195680,156072,31,39608,"00000000000000000000000000000000000000000000000000000000000034"
195712,195647,31,65,"00000000000000000000000000000000000000000000000000000000000000"
195744,194880,31,864,"00000000000000000000000000000000000000000000000000000000000002"
195775,139666,32,56109,"e000000000000000000000000000000000000000000000000000000000000006"
195808,138040,31,57768,"00000000000000000000000000000000000000000000000000000000000009"
195839,183455,32,12384,"000000000000000000000000000000000000000000000000000000000000000b"
195872,183488,31,12384,"0000000000000000000000000000000000000000000000000000000000000d"
195903,146847,32,49056,"c00000000000000000000000000000000000000000000000000000000000000e"
195936,183648,31,12288,"00000000000000000000000000000000000000000000000000000000000011"
195967,195839,31,128,"00000000000000000000000000000000000000000000000000000000000000"
196000,195490,31,510,"0000000000000000000000000000000000000000000000000000000000001d"
196032,190200,31,5832,"00000000000000000000000000000000000000000000000000000000000020"
196063,183839,63,12224,"a00000000000000000000000000000000000000000000000000000000000002140000000000000000000000000000000000000000000000000000000000000"
196128,183936,31,12192,"00000000000000000000000000000000000000000000000000000000000023"
196160,183968,31,12192,"00000000000000000000000000000000000000000000000000000000000024"
196192,196160,30,32,"000000000000000000000000000000000000000000000000000000000000"
196223,195967,31,256,"00000000000000000000000000000000000000000000000000000000000000"
196256,168224,94,28032,"000000000000000000000000000000000000000000000000000000000000278000000000000000000000000000000000000000000000000000000000000029a0000000000000000000000000000000000000000000000000000000000000"
196351,183199,64,13152,"c00000000000000000000000000000000000000000000000000000000000002de00000000000000000000000000000000000000000000000000000000000002e"
196416,196384,31,32,"0000000000000000000000000000000000000000000000000000000000002e"
196448,168673,31,27775,"0000000000000000000000000000000000000000000000000000000000002f"
196479,172703,39,23776,"000000000000000000000000000000000000000000000000000000000000000392f9038f830305"
196519,184871,6,11648,"8439f153fd83"
196525,171789,128,24736,"13f7c094a658742d33ebd2ce2f0bdff73515aa797fd161d980b90364252f7b01000000000000000000000000000000000000000000000000000000000000006e00000000000000000000000045f1a95a4d3f3836523f5c83673c797f4d4d263b0000000000000000000000000000000000000000000000000000000000043238"
196653,185169,32,11484,"c9b9962ed36f0aca0342963fb9eb007485bae3439b97dc182b9e39339c225b1d"
196685,185169,63,11516,"c9b9962ed36f0aca0342963fb9eb007485bae3439b97dc182b9e39339c225b1d00000000000000000000000000000000000000000000000000000000000000"
196748,172012,72,24736,"c000000000000000000000000000000000000000000000000000000000000002740000000000000000000000004d73adb72bc3dd368966edd0f0b2148401a178e2000000000000c2"
196821,148853,256,47968,"006e352d8275aae3e0c2404d9f68f6cee084b5beb3dd00b745f1a95a4d3f3836523f5c83673c797f4d4d263b0000000000000000000000000000000000000000000000000000000000000001000000000000000000000000000000000000000000000000000000000000000d000000000000000000000000000000000000000000000000000000000000000d00000000000000000000000000000000000000000000000000000000000000000000000000000000000000000000000000000000000000000000000000000000000000000000000000000000000000000000000000000021327f97f7978f63850000000000000000000000000000000000000000"
196821,148853,5,47968,"006e352d82"
197089,197021,27,68,"000000000000000000000000000000000000000000000000000000"
197121,195908,27,1213,"00000000000000000000000000000000000000000000000000000e"
197153,196990,58,163,"00000000000000000000000000000000000000000000000000000000000000000000000000000000000000000000000000000000000000000000"
197211,197147,31,64,"0e1639e8df0800000000000000000000000000000000000000000000000000"
197249,173473,96,23776,"00000000000000000000000000000000000000000000000000000000000001c000000000000000000000000000000000000000000000000000000000000002000000000000000000000000000000000000000000000000000000000000000014"
197365,150357,106,47008,"000000000000000000000000000000000000000000000000000000000000000000000000000000000000000000000000000000000000000082e7088080000000000000000000000000000000000000000000000000000000000000000000000000000000000000000002"
197471,184863,6,12608,"32f9022f8303"
197488,196528,23,960,"94a658742d33ebd2ce2f0bdff73515aa797fd161d980b9"
197513,172777,48,24736,"252f7b0100000000000000000000000000000000000000000000000000000000000000b8000000000000000000000000"
197581,185781,31,11800,"0000000000000000000000000000000000000000000000000000000000030d"
197613,184561,32,13052,"7c1a5e1f2b4e07f6dee28a34f96c0f4bbf9cc05c56475d52ceb226cccf8bd43e"
197645,184561,63,13084,"7c1a5e1f2b4e07f6dee28a34f96c0f4bbf9cc05c56475d52ceb226cccf8bd43e00000000000000000000000000000000000000000000000000000000000000"
197709,197249,31,460,"00000000000000000000000000000000000000000000000000000000000001"
197741,184909,39,12832,"00000000000000000000000038de71124f7a447a01d67945a51edce9ff49125100000000000000"
197781,197547,2,234,"00b8"
197783,197561,21,222,"88f087ad825322d9ec3261712cf09a56e58575fc00"
197805,197561,49,244,"88f087ad825322d9ec3261712cf09a56e58575fc0000000000000000000000000000000000000000000000000000000000"
197854,190064,34,7790,"00004000000000000000000000000000000000000000000000000000000000000000"
197889,132977,33,64912,"000000000000000000000000000000000000000000000000000000000000001435"
197941,193790,73,4151,"00000000000000000000000000000000000000000000000000000000000000000000000000000000000000010000000000000000000000000000000000000000000000000000000000"
198017,184801,69,13216,"00000000000000000000000082e708808000000000000000000000000000000000000000000000000000000000000000000000000000000000000000000232f9022f830306"
198087,197479,6,608,"8439eec3f283"
198093,184877,127,13216,"048d9c94cb566e3b6934fa77258d68ea18e931fa75e1aaaa80b902046c459a2800000000000000000000000038de71124f7a447a01d67945a51edce9ff49125100000000000000000000000000000000000000000000000000000000000000800000000000000000000000000000000000000000000000000000000064fada"
198221,185005,100,13216,"00000000000000000000000000000000000000000000000000000000000001400000000000000000000000000000000000000000000000000000000000000084704316e5000000000000000000000000000000000000000000000000000000000000006e"
198353,197889,32,464,"0000000000000000000000000000000000000000000000000000000000000014"
198385,198321,63,64,"6d1c348304c2565120fc09d19ae877de8f09849e747b5aefc4deae5f5034233900000000000000000000000000000000000000000000000000000000000000"
198448,197393,29,1055,"0000000000000000000000000000000000000000000000000000000082"
198496,198475,1,21,"00"
198606,184782,88,13824,"1c00000000000000000000000000000000000000000000000000000000000082e708808000000000000000000000000000000000000000000000000000000000000000000000000000000000000000000232f9022f830306"
198695,198087,234,608,"8439eec3f283048d9c94cb566e3b6934fa77258d68ea18e931fa75e1aaaa80b902046c459a2800000000000000000000000038de71124f7a447a01d67945a51edce9ff49125100000000000000000000000000000000000000000000000000000000000000800000000000000000000000000000000000000000000000000000000064fada4100000000000000000000000000000000000000000000000000000000000001400000000000000000000000000000000000000000000000000000000000000084704316e5000000000000000000000000000000000000000000000000000000000000006e"
198942,198927,1,15,"00"
198961,198353,32,608,"0000000000000000000000000000000000000000000000000000000000000014"
198993,198929,63,64,"757c47308bea91bc2f4752c0dd00f9c563effc2ddac3cccf8ce2c5edcfa75cf800000000000000000000000000000000000000000000000000000000000000"
199056,198609,29,447,"0000000000000000000000000000000000000000000000000000000082"
199214,198606,80,608,"1c00000000000000000000000000000000000000000000000000000000000082e70880800000000000000000000000000000000000000000000000000000000000000000000000000000000000000000"
199294,179390,8,19904,"007102f86e82e708"
199308,199303,4,5,"84304d41"
199316,160820,22,38496,"94e5d7c2a44ffddf6b295a15c148167daaaf5cf34f80"
199338,192043,18,7295,"b844095ea7b3000000000000000000000000"
199356,174743,20,24613,"0cab6977a9c70e04458b740476b498b214019641"
199376,196005,26,3371,"000000000000000000000000000000000000000000000000001d"
199407,191951,47,7456,"00c0000000000000000000000000000000000000000000000000000000000000000000000000000000000000000000"
199454,186782,5,12672,"026ff9026c"
199469,186797,256,12672,"94272e156df8da513c69cb41cc7a99185d53f926bb80b90244ac9650d800000000000000000000000000000000000000000000000000000000000000200000000000000000000000000000000000000000000000000000000000000002000000000000000000000000000000000000000000000000000000000000004000000000000000000000000000000000000000000000000000000000000001800000000000000000000000000000000000000000000000000000000000000104a8c9ed670000000000000000000000007d43aabc515c356145049227cee54b608342c0ad000000000000000000000000e5d7c2a44ffddf6b295a15c148167daaaf5cf3"
199469,186797,96,12672,"94272e156df8da513c69cb41cc7a99185d53f926bb80b90244ac9650d800000000000000000000000000000000000000000000000000000000000000200000000000000000000000000000000000000000000000000000000000000002000000"
199822,187150,25,12672,"0000000000000000000000000000000000000000000000001c"
199854,196625,26,3229,"0000000000000000000000000000000000000000000000000004"
199886,187214,122,12672,"0000000000000000000000000000000000000000000000000000000000000000000000000000000000000000000000000000000000000000000000000000000000000000000000000000000000000000000000000000000000000044bac37ef70000000000000000000000000000000000000000000000000004"
200008,199880,18,128,"767de6ab684c000000000000000000000000"
200046,194507,81,5539,"0000000000000000000000000000000000000000000000000000000082e7088080000000000000000000000000000000000000000000000000000000000000000000000000000000000000000000000000"
200127,191871,7,8256,"5102f84e82e708"
200135,188232,11,11903,"842edede3a842edede4483"
200176,195649,30,4527,"000000000000000000000000000000000000000000000000000000000032"
200209,200082,45,127,"000000000000000000000000000000000000000000000000000000000000000000000000000000000000000000"
200255,190687,3,9568,"7a02f9"
200259,190691,4,9568,"7682e708"
200264,189960,12,10304,"842edc23d4842edc23de8305"
200313,176223,60,24090,"000000000000000000000000176211869ca2b568f2a7d4ee941e073a821ee1ff00000000000000000000000000000000000000000000000000000000"
200377,186582,63,13795,"000000000000000000000000000000000000000000000000000000000000012000000000000000000000000000000000000000000000000000000000000004"
200441,194408,62,6033,"0000000000000000000000000000000000000000000000000000000000000500000000000000000000000000000000000000000000000000000000000000"
200505,156282,44,44223,"00000000000000000000000000000000000000000000000000000000000005a0000000000000000000000000"
200569,191353,76,9216,"00000000000000000000000000000000000000000000000000000000000000010000000000000000000000000000000000000000000000000000000000000002000000000000000000000000"
200645,199574,82,1071,"00000000000000000000000000000000000000400000000000000000000000000000000000000000000000000000000000000180000000000000000000000000000000000000000000000000000000000000"
200727,195729,15,4998,"000000000000000000000000000017"
200742,176236,49,24506,"6211869ca2b568f2a7d4ee941e073a821ee1ff000000000000000000000000000000000000000000000000000000000000"
200791,200790,33,1,"000000000000000000000000000000000000000000000000000000000000000000"
200824,190162,32,10662,"a000000000000000000000000000000000000000000000000000000000000001"
200857,199946,32,911,"0000000000000000000000000000000000000000000000000000000000000044"
200889,199340,16,1549,"095ea7b3000000000000000000000000"
200925,200345,62,580,"0000000000000000000000000000000000000000000000000000000001c02f64000000000000000000000000000000000000000000000000000000000000"
200987,200986,74,1,"0000000000000000000000000000000000000000000000000000000000000000000000000000000000000000000000000000000000000000000000000000000000000000000000000000"
201061,200905,48,156,"f9c2b5746c946ef883ab2660bbbb1f10a5bdeab400000000000000000000000000000000000000000000000000000000"
201109,200789,67,320,"0000000000000000000000000000000000000000000000000000000000000000000000a000000000000000000000000000000000000000000000000000000000000001"
201176,185648,32,15528,"e000000000000000000000000000000000000000000000000000000000000001"
201208,160338,49,40870,"04a8c9ed67000000000000000000000000176211869ca2b568f2a7d4ee941e073a821ee1ff000000000000000000000000"
201257,160949,20,40308,"eb466342c4d449bc9f53a865d5cb90586f405215"
201277,201113,31,164,"00000000000000000000000000000000000000000000000000000000000000"
201309,201296,12,13,"000000000000000000000000"
201321,200279,20,1042,"ce16f69375520ab01377ce7b88f5ba8c48f8d666"
201341,201181,27,160,"000000000000000000000000000000000000000000000000000001"
201373,200925,60,448,"0000000000000000000000000000000000000000000000000000000001c02f6400000000000000000000000000000000000000000000000000000000"
201437,193710,123,7727,"000000000000000000000000000000000000000000000000000000000000000000000000000000000000000000000000000000000000000000000000000000000000000000000000000000000000000000000000000000000000000000000000000000000000000000000000000000000000000000000000000000"
201568,201504,56,64,"0000000000000000000000000000000000000000000000000000000000000000000000000000000000000000000000000000000000000000"
201633,201569,55,64,"00000000000000000000000000000000000000000000000000000000000000000000000000000000000000000000000000000000000000"
201688,176729,3,24959,"2a3078"
201699,137839,3,63860,"373535"
201731,193909,53,7822,"0000000000000000000000000000000000000000000000000000000000000000000000000000000000000000000000000000000005"
201785,200633,44,1152,"0000000000000000000000000000000000000000000000000000000000000040000000000000000000000000"
201829,200549,51,1280,"484890cd4078931a46b52740d7b481b3ce562bb300000000000000000000000000000000000000000000000000000000000000"
201881,155770,63,46111,"000000000000000000000000000000000000000000000000000000000000006000000000000000000000000000000000000000000000000000000000000001"
201945,195744,62,6201,"00000000000000000000000000000000000000000000000000000000000002e0000000000000000000000000000000000000000000000000000000000000"
202007,201879,33,128,"000300000000000000000000000000000000000000000000000000000000000000"
202040,202039,64,1,"00000000000000000000000000000000000000000000000000000000000000000000000000000000000000000000000000000000000000000000000000000000"
202105,162516,75,39589,"00000000000000000000000000000000000000000000000000000000000000c000000000000000000000000000000000000000000000000000000000000000000000000000000000000000"
202180,199509,33,2671,"000000000000000000000000000000000000000020000000000000000000000000"
202213,201257,51,956,"eb466342c4d449bc9f53a865d5cb90586f40521500000000000000000000000000000000000000000000000000000000000000"
202265,202201,63,64,"000000000000000000000000eb466342c4d449bc9f53a865d5cb90586f40521500000000000000000000000000000000000000000000000000000000000000"
202328,200792,161,1536,"0000000000000000000000000000000000000000000000000000000000000000a000000000000000000000000000000000000000000000000000000000000001200000000000000000000000000000000000000000000000000000000000000044095ea7b3000000000000000000000000f9c2b5746c946ef883ab2660bbbb1f10a5bdeab400000000000000000000000000000000000000000000000000000000"
202489,202488,63,1,"000000000000000000000000000000000000000000000000000000000000000000000000000000000000000000000000000000000000000000000000000000"
202553,202201,76,352,"000000000000000000000000eb466342c4d449bc9f53a865d5cb90586f4052150000000000000000000000000000000000000000000000000000000000000001000000000000000000000000"
202629,202597,32,32,"0000000000000000000000000000000000000001000000000000000000000000"
202661,201061,164,1600,"f9c2b5746c946ef883ab2660bbbb1f10a5bdeab4000000000000000000000000000000000000000000000000000000000000000000000000000000000000000000000000000000000000000000000000000000a000000000000000000000000000000000000000000000000000000000000001e00000000000000000000000000000000000000000000000000000000000000104a8c9ed67000000000000000000000000"
202825,202565,32,260,"eb466342c4d449bc9f53a865d5cb90586f405215000000000000000000000000"
202877,201277,44,1600,"0000000000000000000000000000000000000000000000000000000000000008000000000000000000000000"
202921,201829,46,1092,"484890cd4078931a46b52740d7b481b3ce562bb30000000000000000000000000000000000000000000000000000"
202967,201367,5,1600,"018a72aa0f"
202973,201373,30,1600,"0000000000000000000000000000000000000000000000000000000001c0"
203005,202973,29,32,"0000000000000000000000000000000000000000000000000000000001"
203037,202461,155,576,"0000000000000000000000000000000000000000000000000000000000000000000000000000000000000000000000000000000000000000000000000000000000000000000000000000000000000000000000000000000000000040000000000000000000000000eb466342c4d449bc9f53a865d5cb90586f40521500000000000000000000000000000000000000000000000000000000000000"
203194,174682,37,28512,"00000000000000000000000000000000000000000000000000000000000000000000000003"
203232,174720,3,28512,"02f903"
203236,189284,15,13952,"82e70806842edc23d4842edc23de83"
203282,174769,3,28513,"00b903"
203286,202165,48,1121,"000000000000000000000000000000000000000000000000000000000000000000000020000000000000000000000000"
203334,194833,78,8501,"000000000000000000000000000000000000000000000000000000000000000000000000000000000000000000000000000000000000000000000000000000000000000000000000000000000002"
203412,203277,6,135,"3cfb4e356000"
203418,196466,13,6952,"0000000000000000000000002f"
203450,203367,44,83,"0000000000000000000000000000000000000000000000000000000000000000000000000000000000000000"
203514,183712,31,19802,"00000000000000000000000000000000000000000000000000000000000015"
203545,176090,64,27455,"40000000000000000000000000000000000000000000000000000000000000000100000000000000000000000000000000000000000000000000000000000000"
203609,199789,31,3820,"000000000000000000000000000000000000000000000000000000000064fa"
203642,193866,29,9776,"0000000000000000000000000000000000000000000000000000000065"
203674,203606,32,68,"0000000000000000000000000000000000000000000000000000000000000000"
203714,190832,9,12882,"00000000000000001b"
203758,203566,12,192,"000000000000000000000001"
203770,203738,32,32,"ffa0cb9f057d077d85655be8823961c4fd4cb56a000000000000000000000001"
203802,203349,63,453,"000000000000000000000000000000000000000000000000000000000000000000000000000000000000000000000000000000000000000000000000000002"
203866,203834,31,32,"00000000000000000000000000000000000000000000000000000000000002"
203898,203348,63,550,"000000000000000000000000000000000000000000000000000000000000000000000000000000000000000000000000000000000000000000000000000000"
204027,195489,32,8538,"000000000000000000000000000000000000000000000000000000000000001d"
204059,203711,3,348,"4da48b"
204062,203706,4,356,"b48fb141"
204067,203901,60,166,"000000000000000000000000000000000000000000000000000000000000000000000000000000000000000000000000000000000000000000000000"
204127,191999,7,12128,"7202f86f82e708"
204134,190695,12,13439,"07842edc23d4842edc23de83"
204149,138933,40,65216,"94009a0b7c38b542208936f1179151cd08e294383380b844830cbbbd000000000000000000000000"
204209,146658,29,57551,"0000000000000000000000000000000000000000000000000000000052"
204241,192113,46,12128,"c0000000000000000000000000000000000000000000000000000000000000000000000000000000000000000001"
204287,188927,8,15360,"3302f9012f82e708"
204295,162693,11,41602,"08842ed645ff842ed64609"
204306,188946,128,15360,"827e5494d1a3abf42f9e66be86cfdea8c5c2c74f041c5e1480b901045b7d7482000000000000000000000000000000000000000000000000000000000000004000000000000000000000000000000000000000000000000000000000000000a00000000000000000000000000000000000000000000000000000000000000040"
204436,201698,3,2738,"333735"
204443,159233,3,45210,"626435"
204448,189193,3,15255,"333065"
204468,188148,3,16320,"333338"
204471,176991,3,27480,"333838"
204494,189207,3,15287,"393566"
204497,188081,33,16416,"640000000000000000000000000000000000000000000000000000000000000040"
204536,204491,3,45,"346137"
204545,188022,3,16523,"306539"
204551,175767,3,28784,"376330"
204559,204556,3,3,"623339"
204572,189224,3,15348,"613432"
204579,189187,3,15392,"636639"
204586,204533,3,53,"653439"
204595,204242,44,353,"0000000000000000000000000000000000000000000000000000000000000000000000000000000000000000"
204643,204292,3,351,"82e708"
204647,161576,12,43071,"842ed645ff842ed646098303"
204682,194336,3,10346,"80b8c4"
204689,193770,94,10919,"00000000000000000000000000000000000000000000000000000000000000000000000000000000000000000000000000000000000000000000000000000001000000000000000000000000000000000000000000000000000000000000"
204784,147807,32,56977,"200000000000000000000000000000000000000000000000000000000000004d"
204817,204803,12,14,"000000000000000000000000"
204848,173810,31,31038,"220000000000000000000000000000000000000000000000000000000064fa"
204882,199250,52,5632,"0000000000000000000000000000000000000000000000000000000000000000000000000000000000000000007102f86e82e708"
204935,179399,53,25536,"842ed645ff842ed6460982eb8694176211869ca2b568f2a7d4ee941e073a821ee1ff80b844095ea7b3000000000000000000000000"
204988,154388,46,50600,"80e38291e06339d10aab483c65695d004dbd5c690000000000000000000000000000000000000000000000000000"
205034,159725,6,45309,"000002afe0bb"
205041,204706,46,335,"00000000000000000000000000000000000000000000000000000000000000000000000000000000000000000000"
205091,187876,5,17215,"82e7080f84"
205096,163081,10,42015,"2d6370b3842d6370ba83"
205109,204149,21,960,"94009a0b7c38b542208936f1179151cd08e2943833"
205138,197781,2,7357,"00b8"
205145,162961,56,42184,"000000000000000000000000c7d8489dae3d2ebef075b1db2257e2c231c9d231000000000000000000000000000000000000000000000000"
205201,205131,8,70,"0342e34142378000"
205209,175577,38,29632,"c000000000000000000000000000000000000000000000000000000000000000000000000001"
205247,193343,53,11904,"0df9010a01842aea5400829d78940872ec4426103482a50f26ffc32acefcec61b3c980b8e4f242432a000000000000000000000000"
205300,195312,20,9988,"88017f83fef4516ca1fcc66b73416dae0a67bd80"
205320,192232,256,13088,"000000000000000000000000aec3cacef9457ff2821d9f85429ce3d90b0014590000000000000000000000000000000000000000000000000000000000000005000000000000000000000000000000000000000000000000000000000000000100000000000000000000000000000000000000000000000000000000000000a00000000000000000000000000000000000000000000000000000000000000000000000000000000000000000000000000000000000000000000000000000000082e708808000000000000000000000000000000000000000000000000000000000000000000000000000000000000000000000000000010df9010a01842aea54"
205320,192232,44,13088,"000000000000000000000000aec3cacef9457ff2821d9f85429ce3d90b001459000000000000000000000000"
205620,195352,20,10268,"9c1f78685a4af423f61bd375d92e243cd73ba48c"
205640,193416,256,12224,"000000000000000000000000aec3cacef9457ff2821d9f85429ce3d90b0014590000000000000000000000000000000000000000000000000000000000000005000000000000000000000000000000000000000000000000000000000000000100000000000000000000000000000000000000000000000000000000000000a00000000000000000000000000000000000000000000000000000000000000000000000000000000000000000000000000000000000000000000000000000000082e70880800000000000000000000000000000000000000000000000000000000000000000000000000000000000000000000000000001eff901ec80842aea54"
205640,193416,224,12224,"000000000000000000000000aec3cacef9457ff2821d9f85429ce3d90b0014590000000000000000000000000000000000000000000000000000000000000005000000000000000000000000000000000000000000000000000000000000000100000000000000000000000000000000000000000000000000000000000000a00000000000000000000000000000000000000000000000000000000000000000000000000000000000000000000000000000000000000000000000000000000082e7088080000000000000000000000000000000000000000000000000000000"
206122,193898,160,12224,"00000000000000000000000000000000000000000000000000000000000000000000000000000000000000000000000000000000000000000000000000000005000000000000000000000000000000000000000000000000000000000000000000000000000000000000000000000000000000000000000000000000000001400000000000000000000000000000000000000000000000000000000000000041"
206321,204987,2,1334,"0080"
206346,144202,256,62144,"1b0000000000000000000000000000000000000000000000000000000000000082e7088080000000000000000000000000000000000000000000000000000000000000000000000000000000000000000000000001eff901ec80842aea540083015f90940872ec4426103482a50f26ffc32acefcec61b3c980b901c4d4dfd6bc0000000000000000000000000000000000000000000000000000000000000000000000000000000000000000000000000000000000000000000000000000000000000000000000000000000000000000000000000000000000000000000000000000000000000000000000000000000000000000000000000000000000000001"
206346,144202,63,62144,"1b0000000000000000000000000000000000000000000000000000000000000082e70880800000000000000000000000000000000000000000000000000000"
206666,206122,160,544,"00000000000000000000000000000000000000000000000000000000000000000000000000000000000000000000000000000000000000000000000000000005000000000000000000000000000000000000000000000000000000000000000000000000000000000000000000000000000000000000000000000000000001400000000000000000000000000000000000000000000000000000000000000041"
206890,165354,256,41536,"1c0000000000000000000000000000000000000000000000000000000000000082e7088080000000000000000000000000000000000000000000000000000000000000000000000000000000000000000000000001eff901ec80842aea540083015f90940872ec4426103482a50f26ffc32acefcec61b3c980b901c4d4dfd6bc0000000000000000000000000000000000000000000000000000000000000000000000000000000000000000000000000000000000000000000000000000000000000000000000000000000000000000000000000000000000000000000000000000000000000000000000000000000000000000000000000000000000000001"
206890,165354,62,41536,"1c0000000000000000000000000000000000000000000000000000000000000082e708808000000000000000000000000000000000000000000000000000"
207210,206666,160,544,"00000000000000000000000000000000000000000000000000000000000000000000000000000000000000000000000000000000000000000000000000000005000000000000000000000000000000000000000000000000000000000000000000000000000000000000000000000000000000000000000000000000000001400000000000000000000000000000000000000000000000000000000000000041"
207386,202856,2,4530,"00ff"
207434,181514,87,25920,"1c0000000000000000000000000000000000000000000000000000000000000082e70880800000000000000000000000000000000000000000000000000000000000000000000000000000000000000000000000002ceb"
207521,181697,10,25824,"57842aea540082520894"
207551,181631,76,25920,"865af3107a40008082e70880800000000000000000000000000000000000000000000000000000000000000000000000000000000000000000000000000000002ceb57842aea540082520894"
207647,207551,76,96,"865af3107a40008082e70880800000000000000000000000000000000000000000000000000000000000000000000000000000000000000000000000000000002ceb57842aea540082520894"
207743,207647,63,96,"865af3107a40008082e70880800000000000000000000000000000000000000000000000000000000000000000000000000000000000000000000000000000"
207806,165982,14,41824,"01eff901ec80842aea5400830159"
207821,177910,219,29911,"940872ec4426103482a50f26ffc32acefcec61b3c980b901c4d4dfd6bc00000000000000000000000000000000000000000000000000000000000000000000000000000000000000000000000000000000000000000000000000000000000000000000000000000000000000000000000000000000000000000000000000000000000000000000000000000000000000000000000000000000000000010000000000000000000000000000000000000000000000000000000000000001000000000000000000000000000000000000000000000000000000006522"
208042,207210,160,832,"00000000000000000000000000000000000000000000000000000000000000000000000000000000000000000000000000000000000000000000000000000005000000000000000000000000000000000000000000000000000000000000000000000000000000000000000000000000000000000000000000000000000001400000000000000000000000000000000000000000000000000000000000000041"
208233,208200,1,33,"00"
208266,194122,85,14144,"1b0000000000000000000000000000000000000000000000000000000000000082e7088080000000000000000000000000000000000000000000000000000000000000000000000000000000000000000000000000"
208351,208137,32,214,"0000000000000000000000000000000000000000000000000000000000000001"
208384,166812,80,41572,"e93685f3bba03016f02bd1828badd6195988d950e93685f3bba03016f02bd1828badd6195988d950b8ff877ed78ba520ece21b1de7843a8a57ca47cbb8ff877ed78ba520ece21b1de7843a8a57ca47cb"
208484,200026,20,8458,"8ea13c76f3a4d488eda5e08836f6fbb390abc5e6"
208524,202921,20,5603,"484890cd4078931a46b52740d7b481b3ce562bb3"
208604,204829,20,3775,"c1dd160a7cf3a078a7a488bc031ff69270c1c622"
208624,167052,20,41572,"fc0c2df02b1616b05c22b3044c582c4150cfd3a9"
208644,167252,20,41392,"8e07475701065b2a7dfdd8ffa03823d83bfbb361"
208664,205300,20,3364,"88017f83fef4516ca1fcc66b73416dae0a67bd80"
208684,205620,20,3064,"9c1f78685a4af423f61bd375d92e243cd73ba48c"
208704,194603,20,14101,"84a14c3216397c0a9fa217323b0f497f51144b17"
208724,194219,20,14505,"444b1f8d96644de791b4ea16944574b324189d7b"
208744,194699,20,14045,"bcc9954c589d26eac82491abad2ff82f90474d37"
208764,146432,20,62332,"c65347b43019f8f453d7b486d259fd6146da334e"
208784,146392,40,62392,"f269e8574583c27fe74b69b3f998a64efd8d044840082e6f1c15d2b27b3de80cb7ad04e9ed121900"
208824,194797,20,14027,"6fc3150a9fe1f6bd10e7dfbf63a7efd02e8f7788"
208844,208330,52,514,"00000000000000000000000000000000000000000000000000000000000000000000000000000000000000000000000000000000"
208928,195552,31,13376,"0000000000000000000000000000000000000000000000000000000064fa85"
208960,202105,62,6855,"00000000000000000000000000000000000000000000000000000000000000c0000000000000000000000000000000000000000000000000000000000000"
209022,147294,33,61728,"36e000000000000000000000000000000000000000000000000000000000000037"
209055,147359,32,61696,"0000000000000000000000000000000000000000000000000000000000000039"
209088,203290,62,5798,"0000000000000000000000000000000000000000000000000000000000000020000000000000000000000000000000000000000000000000000000000000"
209151,202877,32,6274,"0000000000000000000000000000000000000000000000000000000000000008"
209184,151922,31,57262,"0000000000000000000000000000000000000000000000000000000000000c"
209216,209184,31,32,"0000000000000000000000000000000000000000000000000000000000000c"
209247,146847,63,62400,"c00000000000000000000000000000000000000000000000000000000000000e80000000000000000000000000000000000000000000000000000000000000"
209312,209280,30,32,"000000000000000000000000000000000000000000000000000000000000"
209343,167999,32,41344,"6000000000000000000000000000000000000000000000000000000000000017"
209376,155993,31,53383,"00000000000000000000000000000000000000000000000000000000000018"
209408,183776,31,25632,"00000000000000000000000000000000000000000000000000000000000019"
209440,147008,31,62432,"0000000000000000000000000000000000000000000000000000000000001a"
209471,183807,32,25664,"c00000000000000000000000000000000000000000000000000000000000001c"
209503,183296,32,26207,"000000000000000000000000000000000000000000000000000000000000001c"
209536,167713,61,41823,"0000000000000000000000000000000000000000000000000000000000001d000000000000000000000000000000000000000000000000000000000000"
209597,209118,2,479,"0020"
209600,197018,31,12582,"00000000000000000000000000000000000000000000000000000000000021"
209632,183904,63,25728,"000000000000000000000000000000000000000000000000000000000000226000000000000000000000000000000000000000000000000000000000000023"
209696,196192,31,13504,"00000000000000000000000000000000000000000000000000000000000025"
209728,196224,31,13504,"00000000000000000000000000000000000000000000000000000000000026"
209760,196256,31,13504,"00000000000000000000000000000000000000000000000000000000000027"
209792,184032,62,25760,"0000000000000000000000000000000000000000000000000000000000002840000000000000000000000000000000000000000000000000000000000000"
209856,201658,31,8198,"0000000000000000000000000000000000000000000000000000000000002a"
209887,184159,32,25728,"e00000000000000000000000000000000000000000000000000000000000002c"
209920,196384,62,13536,"0000000000000000000000000000000000000000000000000000000000002e40000000000000000000000000000000000000000000000000000000000000"
209983,183007,32,26976,"8000000000000000000000000000000000000000000000000000000000000031"
210015,168479,32,41536,"a000000000000000000000000000000000000000000000000000000000000033"
210048,195680,31,14368,"00000000000000000000000000000000000000000000000000000000000034"
210080,210048,30,32,"000000000000000000000000000000000000000000000000000000000000"
210112,210080,31,32,"00000000000000000000000000000000000000000000000000000000000035"
210143,167775,32,42368,"a000000000000000000000000000000000000000000000000000000000000004"
210189,190710,130,19479,"941a7b46c660603ebb5fbe3ae51e80ad21df00bdd1865af3107a4000b90444a71c9b7f00000000000000000000000000000000000000000000000000000000000000c000000000000000000000000000000000000000000000000000000000000003c000000000000000000000000000000000000000000000000000000000000000"
210357,181938,2,28419,"0090"
210384,190905,31,19479,"0000000000000000000000000000000000000000000000000000000064fa86"
210416,209554,13,862,"0000000000000000000000001d"
210448,190969,140,19479,"00000000000000000000000000000000000000000000000000000000000001a0000000000000000000000000000000000000000000000000000000000000000000000000000000000000000000000000000000000000000000000000000000000000000000000000000000000000000000000000000000000000000000000000000000000000000000000000"
210588,210428,46,160,"1df30cc90f27e4079b761d23e17bb641d30226ed0000000000000000000000000000000000000000000000000000"
210634,191155,130,19479,"4f94ae6af80000000000000000000000000000000000000000000000000000000000000002400000000000000000000000000000000000000000000000000000000000000002000000000000000000000000000000000000000000000000000000000000000000000000000000000000000000000000000000000000000000000000"
210768,202412,13,8356,"00000000000000000000000044"
210800,191321,108,19479,"000000000000000000000000000000000000000000000000000000000000000100000000000000000000000000000000000000000000000000000000000000010000000000000000000000000000000000000000000000000000000000000002000000000000000000000000"
210928,208075,31,2853,"00000000000000000000000000000000000000000000000000000000000005"
210960,191481,172,19479,"00000000000000000000000000000000000000000000000000000000000000010000000000000000000000000000000000000000000000000000000000000001000000000000000000000000000000000000000000000000000000000000000000000000000000000000000000000000000000000000000000000000000000000000000000000000000000000000000000000000000000000000000000000000000000000000000000000000"
211132,210588,46,544,"1df30cc90f27e4079b761d23e17bb641d30226ed0000000000000000000000000000000000000000000000000000"
211178,191699,38,19479,"09184e72a0000000000000000000000000000000000000000000000000000000000000000041"
211231,211214,1,17,"00"
211280,207434,78,3846,"1c0000000000000000000000000000000000000000000000000000000000000082e70880800000000000000000000000000000000000000000000000000000000000000000000000000000000000"
211358,174718,12,36640,"035a02f9035682e708038430"
211373,211368,4,5,"84304bd4"
211382,174742,207,36640,"940cab6977a9c70e04458b740476b498b21401964186d017a6b98000b90324744773f100000000000000000000000000000000000000000000000000000000000001000000000000000000000000000000000000000000000000000000000000000000000000000000000000000000000000000000000000000000000000000000001c142a0a9dc1048d952989b1ac09ebf92d5a10fc522377cbfa9322fb4aa3a94e3e5c39d51d2064bf0ab68698091d1216a9c1b80936fc16ad69b29030d269f04b61000000000000000000000000"
211609,174969,256,36640,"0000000000000000000000000000000000000000000000000000000000000001000000000000000000000000000000000000000000000000000000000000030000000000000000000000000001e4a663fffaf1430d3a36588b2c14b72231d8b4000000000000000000000000000000000000000000000000000000000000000000000000000000000000000000000000000000000000000064fa842764fa926f000000000000000000000000000000000000000000000000000000000000006c000000000000000000000000eeeeeeeeeeeeeeeeeeeeeeeeeeeeeeeeeeeeeeee0000000000000000000000000000000000000000000000000027d486e9818000"
211609,174969,256,36640,"0000000000000000000000000000000000000000000000000000000000000001000000000000000000000000000000000000000000000000000000000000030000000000000000000000000001e4a663fffaf1430d3a36588b2c14b72231d8b4000000000000000000000000000000000000000000000000000000000000000000000000000000000000000000000000000000000000000064fa842764fa926f000000000000000000000000000000000000000000000000000000000000006c000000000000000000000000eeeeeeeeeeeeeeeeeeeeeeeeeeeeeeeeeeeeeeee0000000000000000000000000000000000000000000000000027d486e9818000"
211609,174969,133,36640,"0000000000000000000000000000000000000000000000000000000000000001000000000000000000000000000000000000000000000000000000000000030000000000000000000000000001e4a663fffaf1430d3a36588b2c14b72231d8b400000000000000000000000000000000000000000000000000000000000000000000000000"
212254,204126,8,8128,"007202f86f82e708"
212262,199302,3,12960,"018430"
212268,212263,5,5,"8430491b53"
212277,161428,40,50849,"947d43aabc515c356145049227cee54b608342c0ad80b844095ea7b3000000000000000000000000"
212338,212337,31,1,"ffffffffffffffffffffffffffffffffffffffffffffffffffffffffffffff"
212369,204241,46,8128,"c0000000000000000000000000000000000000000000000000000000000000000000000000000000000000000001"
212416,204288,3,8128,"02f901"
212420,211364,6,1056,"82e708038430"
212426,199462,3,12964,"46f89f"
212429,199460,6,12969,"843046f89f83"
212468,186383,3,26085,"b90164"
212475,200230,25,12245,"0000000000000000000000000000000000000000000000000b"
212507,179592,13,32915,"0000000000000000000000009e"
212525,186574,2,25951,"00a6"
212539,211801,44,738,"000000000000000000000000eeeeeeeeeeeeeeeeeeeeeeeeeeeeeeeeeeeeeeee000000000000000000000000"
212583,199706,44,12877,"e5d7c2a44ffddf6b295a15c148167daaaf5cf34f000000000000000000000000000000000000000000000000"
212635,212603,56,32,"00000000000000000000000000000000000000000000000009530f5edbee92ca000000000000000000000000000000000000000000000000"
212691,150539,20,62152,"000000000000006f000000000000000000000000"
212711,212551,32,160,"eeeeeeeeeeeeeeeeeeeeeeeeeeeeeeeeeeeeeeee000000000000000000000000"
212744,195788,19,16956,"00000000000000000000000000000000000006"
212763,212635,25,128,"00000000000000000000000000000000000000000000000009"
212795,212185,67,610,"0000000000000000000000000000000000000000000000000000000000000000c000000000000000000000000000000000000000000000000000000000000000000000"
212863,189951,3,22912,"b402f9"
212867,189955,4,22912,"b082e708"
212871,160135,3,52736,"1b842e"
212874,204137,10,8737,"dc23d4842edc23de8308"
212886,189302,23,23584,"94f82537fb6c56a3b50092d3951f84f5f6c835b4f580b9"
212910,189998,35,22912,"845ae401dc0000000000000000000000000000000000000000000000000000000064fa"
212947,204338,63,8609,"000000000000000000000000000000000000000000000000000000000000004000000000000000000000000000000000000000000000000000000000000000"
213010,201880,64,11130,"03000000000000000000000000000000000000000000000000000000000000006000000000000000000000000000000000000000000000000000000000000001"
213075,210865,31,2210,"00000000000000000000000000000000000000000000000000000000000002"
213107,189491,32,23616,"00000000000000000000000000000000000000000000000000000000000000e4"
213143,213082,24,61,"000000000000000000000000000000000000000000000002"
213175,213113,25,62,"00000000000000000000000000000000000000000000000000"
213207,190231,87,22976,"000000000000000000000000000000000000000000000000000000000000008000000000000000000000000000000000000000000000000000000000000000020000000000000000000000000000000000000000000000"
213294,213262,21,32,"000000000000000002000000000000000000000000"
213315,199674,83,13641,"7d43aabc515c356145049227cee54b608342c0ad000000000000000000000000e5d7c2a44ffddf6b295a15c148167daaaf5cf34f00000000000000000000000000000000000000000000000000000000000000"
213398,189494,45,23904,"00000000000000000000000000000000000000000000000000000000e404e45aaf000000000000000000000000"
213443,213315,83,128,"7d43aabc515c356145049227cee54b608342c0ad000000000000000000000000e5d7c2a44ffddf6b295a15c148167daaaf5cf34f00000000000000000000000000000000000000000000000000000000000000"
213527,213239,56,288,"0000000000000000000000000000000000000000000000000000000000000002000000000000000000000000000000000000000000000000"
213591,203519,26,10072,"0000000000000000000000000000000000000000000000000015"
213623,189719,121,23904,"000000000000000000000000000000000000000000000000000000000000000000000000000000000000000000000000000000000000000000000000000000000000000000000000000000000000000000000000000000000000004449404b7c00000000000000000000000000000000000000000000000000"
213744,185281,3,28463,"69c45f"
213751,213732,12,19,"000000000000000000000000"
213783,174647,72,39136,"00000000000000000000000000000000000000000000000000000000c000000000000000000000000000000000000000000000000000000000000000000000000000000000000003"
213855,173695,8,40160,"d402f903d082e708"
213863,188231,3,25632,"03842e"
213866,203242,10,10624,"dc23d4842edc23de8303"
213878,173718,86,40160,"9480e38291e06339d10aab483c65695d004dbd5c6980b903a42cc4081e000000000000000000000000000000000000000000000000000000000000006000000000000000000000000000000000000000000000000000"
213971,188346,31,25625,"0000000000000000000000000000000000000000000000000000000064fab4"
214003,177331,151,36672,"0000000000000000000000000000000000000000000000000000000000000001000000000000000000000000000000000000000000000000000000000000002000000000000000000000000000000000000000000000000000000000000000600000000000000000000000007d43aabc515c356145049227cee54b608342c0ad0000000000000000000000000000000000000000000000"
214154,209341,2,4813,"0016"
214163,174003,256,40160,"0000000000000000000000000000000000000000000000000000000000000002000000000000000000000000000000000000000000000000000000000000004000000000000000000000000000000000000000000000000000000000000001600000000000000000000000004cbab02a5448605e95181489b6ec0404e721eb850000000000000000000000000000000000000000000000000000000000000080000000000000000000000000000000000000000000000000000000000000000000000000000000000000000000000000000000000000000000000000000001000000000000000000000000000000000000000000000000000000000000000060"
214163,174003,256,40160,"0000000000000000000000000000000000000000000000000000000000000002000000000000000000000000000000000000000000000000000000000000004000000000000000000000000000000000000000000000000000000000000001600000000000000000000000004cbab02a5448605e95181489b6ec0404e721eb850000000000000000000000000000000000000000000000000000000000000080000000000000000000000000000000000000000000000000000000000000000000000000000000000000000000000000000000000000000000000000000001000000000000000000000000000000000000000000000000000000000000000060"
214163,174003,76,40160,"00000000000000000000000000000000000000000000000000000000000000020000000000000000000000000000000000000000000000000000000000000040000000000000000000000000"
214771,174611,107,40160,"00000000000000000000000000000000000000000000000000000000000000010000000000000000000000000000000000000000000000000000000000000000c0000000000000000000000000000000000000000000000000000000000000000000000000000000000000"
214878,204286,9,10592,"013302f9012f82e708"
214887,187653,3,27234,"02842e"
214890,161417,9,53473,"da3283842eda328d82"
214899,204307,127,10592,"7e5494d1a3abf42f9e66be86cfdea8c5c2c74f041c5e1480b901045b7d7482000000000000000000000000000000000000000000000000000000000000004000000000000000000000000000000000000000000000000000000000000000a00000000000000000000000000000000000000000000000000000000000000040"
215026,201706,3,13320,"303133"
215031,159266,3,55765,"323231"
215035,175860,3,39175,"376132"
215039,175872,3,39167,"626634"
215045,201716,3,13329,"386635"
215051,177019,3,38032,"343731"
215054,175790,3,39264,"386634"
215075,188076,3,26999,"356437"
215081,215069,3,12,"653530"
215090,214994,32,96,"0000000000000000000000000000000000000000000000000000000000000040"
215127,179337,3,35790,"613237"
215135,179288,4,35847,"36366666"
215139,189195,3,25944,"656661"
215147,215054,3,93,"386634"
215154,179326,3,35828,"393162"
215167,204590,3,10577,"313430"
215172,175772,3,39400,"313031"
215175,204573,3,10602,"343261"
215180,204469,3,10711,"333833"
215187,200083,51,15104,"00000000000000000000000000000000000000000000000000000000000000000000000000000000000000005102f84e82e708"
215239,214888,10,351,"842eda3283842eda328d"
215249,191889,109,23360,"83010a3b949dba31e492b7e98b8195e254ee13b6b027e4a59d80a4a7f68792766f746500000000000000000000000000000000000000000000000000000000c0000000000000000000000000000000000000000000000000000000000000000000000000000000000000000000"
215358,161086,9,54272,"011a02f9011682e708"
215367,204646,12,10721,"11842ed645ff842ed6460983"
215383,161468,20,53915,"3228d205a96409a07a44d39916b6ea7b765d61f4"
215409,205137,3,10272,"8000b8"
215417,215335,24,82,"000000000000000000000000000000000000000000000001"
215449,214579,44,870,"0000000000000000000000000000000000000000000000000000000000000080000000000000000000000000"
215493,167152,20,48341,"f989d774bca0fe1263f023a3374762a42662cce5"
215513,199790,31,15723,"0000000000000000000000000000000000000000000000000000000064fa8a"
215545,214163,44,1382,"0000000000000000000000000000000000000000000000000000000000000002000000000000000000000000"
215589,213475,32,2114,"e5d7c2a44ffddf6b295a15c148167daaaf5cf34f000000000000000000000000"
215621,214431,20,1190,"7d43aabc515c356145049227cee54b608342c0ad"
215641,205209,38,10432,"c000000000000000000000000000000000000000000000000000000000000000000000000001"
215679,215359,8,320,"1a02f9011682e708"
215688,215368,11,320,"842ed645ff842ed6460983"
215702,161110,22,54592,"948731d54e9d02c286767d56ac03e8037c07e01e9887"
215731,163124,37,52607,"b8e41114cd2a00000000000000000000000000000000000000000000000000000000000000"
215769,213188,13,2581,"00000000000000000000000054"
215801,214962,57,839,"00000000000000000000000000000000000000000000000000000000000000a000000000000000000000000000000000000000000000000000"
215863,209987,28,5876,"00000000000000000000000000000000000000000000000000000031"
215896,197312,33,18584,"000000000000000000000000000000000000000000000000000000000000000014"
215929,215781,32,148,"54e1d001d0835a8508caa1822ff7b6bc667558d2000000000000000000000000"
215961,215641,46,320,"c0000000000000000000000000000000000000000000000000000000000000000000000000011a02f9011682e708"
216008,215688,12,320,"842ed645ff842ed646098307"
216020,161108,24,54912,"8bb2948731d54e9d02c286767d56ac03e8037c07e01e9887"
216049,161137,52,54912,"161eb8e41114cd2a00000000000000000000000000000000000000000000000000000000000000b8000000000000000000000000"
216121,215801,57,320,"00000000000000000000000000000000000000000000000000000000000000a000000000000000000000000000000000000000000000000000"
216183,209251,28,6932,"0000000000000000000000000000000000000000000000000000000e"
216216,215896,33,320,"000000000000000000000000000000000000000000000000000000000000000014"
216249,216101,32,148,"4d495f3715f699bc564f19b1bdd8a3c3402ead07000000000000000000000000"
216282,215321,37,961,"00000000000000000000000000000000000000000000000000000000000000000000000000"
216322,200259,4,16063,"7682e708"
216326,216007,12,319,"01842ed645ff842ed6460983"
216341,205109,21,11232,"94009a0b7c38b542208936f1179151cd08e2943833"
216368,216086,3,282,"0000b8"
216371,205140,61,11231,"44f2b9fdb8000000000000000000000000c7d8489dae3d2ebef075b1db2257e2c231c9d231000000000000000000000000000000000000000000000000"
216432,201559,2,14873,"0007"
216434,216364,6,70,"1afd498d0000"
216441,187417,44,29024,"00000000000000000000000000000000000000000000000000000000000000000000000000003002ee82e708"
216486,162694,88,53792,"842ed645ff842ed6460983010b3694cce9d3f392c135dc038b147ca73ec496f7f89d938084183ff085c000000000000000000000000000000000000000000000000000000000000000000000000000000000000000000000"
216574,212862,9,3712,"03b402f903b082e708"
216583,175623,3,40960,"50842e"
216586,216488,9,98,"d645ff842ed6460983"
216598,178454,21,38144,"94438670d41d5118003b2f42cc0466fbadd760dbf4"
216619,212907,4,3712,"80b90384"
216623,199494,67,17129,"ac9650d8000000000000000000000000000000000000000000000000000000000000002000000000000000000000000000000000000000000000000000000000000000"
216690,182975,63,33715,"040000000000000000000000000000000000000000000000000000000000000080000000000000000000000000000000000000000000000000000000000000"
216753,201943,33,14810,"016000000000000000000000000000000000000000000000000000000000000002"
216787,213075,63,3712,"00000000000000000000000000000000000000000000000000000000000002a000000000000000000000000000000000000000000000000000000000000000"
216855,216820,30,35,"000000000000000000000000000000000000000000000000000000000000"
216887,216861,24,26,"000000000000000000000000000000000000000000000000"
216919,216860,25,59,"00000000000000000000000000000000000000000000000000"
216951,216550,25,401,"00000000000000000000000000000000000000000000000003"
216983,199790,56,17193,"0000000000000000000000000000000000000000000000000000000064fa8a85000000000000000000000000000000000000000000000000"
217039,217038,35,1,"0000000000000000000000000000000000000000000000000000000000000000000000"
217079,216855,56,224,"0000000000000000000000000000000000000000000000000000000000006158000000000000000000000000000000000000000000000000"
217135,217134,68,1,"0000000000000000000000000000000000000000000000000000000000000000000000000000000000000000000000000000000000000000000000000000000000000000"
217203,217011,63,192,"64fa8a850000000000000000000000000000000000000000000000000000000000000000000000000000000000000000000000000000000000000000000000"
217266,199977,30,17289,"44bac37ef700000000000000000000000000000000000000000000000000"
217303,214707,13,2596,"00000000000000000000000017"
217316,182625,19,34691,"58a62d4e7d7cfede365efdfc8e03f5b3bd8df6"
217335,217144,60,191,"000000000000000000000000000000000000000000000000000000000000000000000000000000000000000000000000000000000000000000000064"
217399,161811,56,55588,"000000000000000000000000f5c6825015280cdfd0b56903f9f8b5a2233476f5000000000000000000000000000000000000000000000000"
217463,217303,60,160,"0000000000000000000000001758a62d4e7d7cfede365efdfc8e03f5b3bd8df600000000000000000000000000000000000000000000000000000000"
217524,204884,50,12640,"000000000000000000000000000000000000000000000000000000000000000000000000000000000000007102f86e82e708"
217574,162597,12,54977,"1a842ed645ff842ed6460982"
217588,204948,40,12640,"94176211869ca2b568f2a7d4ee941e073a821ee1ff80b844095ea7b3000000000000000000000000"
217628,199470,20,18158,"272e156df8da513c69cb41cc7a99185d53f926bb"
217648,211104,29,6544,"000000000000000000000000000000000000000000000000000000001d"
217681,217348,46,333,"00000000000000000000000000000000000000000000000000000000000000000000000000000000000000000000"
217731,217571,3,160,"82e708"
217735,216486,12,1249,"842ed645ff842ed646098301"
217776,217726,2,50,"00b8"
217782,203096,45,14686,"000000000000000000000000000000000000000000000000000000000000000040000000000000000000000000"
217827,214783,51,3044,"000000000000000000000000000000000000000100000000000000000000000000000000000000000000000000000000000000"
217888,217500,62,388,"0000000000000000000000000000000000000000000000c00000000000000000000000000000000000000000000000000000000000000000000000000000"
217950,214878,9,3072,"013302f9012f82e708"
217959,175975,3,41984,"09842e"
217962,204298,136,13664,"d645ff842ed64609827e5494d1a3abf42f9e66be86cfdea8c5c2c74f041c5e1480b901045b7d7482000000000000000000000000000000000000000000000000000000000000004000000000000000000000000000000000000000000000000000000000000000a00000000000000000000000000000000000000000000000000000000000000040"
218121,159279,3,58842,"396164"
218124,159277,4,58847,"61383961"
218132,177003,3,41129,"643330"
218137,218099,3,38,"623765"
218152,215049,3,3103,"613934"
218162,204498,33,13664,"000000000000000000000000000000000000000000000000000000000000004065"
218200,188117,3,30083,"626636"
218204,188143,3,30061,"373934"
218208,215070,4,3138,"35303066"
218212,204583,3,13629,"333034"
218216,179302,3,38914,"373836"
218219,215034,3,3185,"653761"
218223,201700,3,16523,"353532"
218229,204450,3,13779,"653236"
218233,188156,3,30077,"646432"
218238,188159,3,30079,"666364"
218249,179295,3,38954,"663338"
218258,175922,45,42336,"c00000000000000000000000000000000000000000000000000000000000000000000000000000000000000001"
218303,217951,8,352,"3302f9012f82e708"
218312,217960,138,352,"842ed645ff842ed64609827e5494d1a3abf42f9e66be86cfdea8c5c2c74f041c5e1480b901045b7d7482000000000000000000000000000000000000000000000000000000000000004000000000000000000000000000000000000000000000000000000000000000a00000000000000000000000000000000000000000000000000000000000000040"
218451,201704,3,16747,"616230"
218460,188172,3,30288,"306232"
218464,215050,3,3414,"393437"
218467,159360,3,59107,"346466"
218470,218208,3,262,"353030"
218473,189213,3,29260,"383466"
218479,215045,3,3434,"386635"
218489,215159,3,3330,"373037"
218502,204477,3,14025,"626163"
218511,204439,3,14072,"326137"
218514,204402,33,14112,"000000000000000000000000000000000000000000000000000000000000004063"
218547,179292,3,39255,"633836"
218550,179313,3,39237,"396332"
218554,204480,3,14074,"633130"
218565,218209,3,356,"303066"
218579,177129,3,41450,"303966"
218591,215059,3,3532,"613436"
218598,188043,3,30555,"323638"
218601,188170,3,30431,"313330"
218610,218258,45,352,"c00000000000000000000000000000000000000000000000000000000000000000000000000000000000000001"
218656,218304,3,352,"02f901"
218660,218308,3,352,"82e708"
218664,204647,12,14017,"842ed645ff842ed646098303"
218678,199469,23,19209,"94272e156df8da513c69cb41cc7a99185d53f926bb80b9"
218701,160337,114,58364,"0104a8c9ed67000000000000000000000000176211869ca2b568f2a7d4ee941e073a821ee1ff000000000000000000000000e5d7c2a44ffddf6b295a15c148167daaaf5cf34f0000000000000000000000000000000000000000000000000000000000000028000000000000000000000000"
218815,167092,20,51723,"0b652eff5070c4c2251a3309ef0f90cee17161f2"
218835,217175,31,1660,"0000000000000000000000000000000000000000000000000000000064fa8a"
218867,195970,29,22897,"0000000000000000000000000000000000000000000000000000000011"
218899,160847,26,58052,"000000000000000000000000000000000000000000000000027e"
218931,214803,84,4128,"0000000000000000000000000000000000000000000000000000000000000000c0000000000000000000000000000000000000000000000000000000000000000000000000000000000000013302f9012f82e708"
219015,213863,3,5152,"03842e"
219021,219016,4,5,"842ed433"
219026,218322,128,704,"827e5494d1a3abf42f9e66be86cfdea8c5c2c74f041c5e1480b901045b7d7482000000000000000000000000000000000000000000000000000000000000004000000000000000000000000000000000000000000000000000000000000000a00000000000000000000000000000000000000000000000000000000000000040"
219154,215134,3,4020,"393636"
219157,204567,3,14590,"623036"
219168,204555,3,14613,"376233"
219174,189189,3,29985,"396537"
219178,176993,4,42185,"38316162"
219182,159251,3,59931,"353935"
219188,188078,3,31110,"373430"
219198,189221,3,29977,"353439"
219208,159254,3,59954,"643563"
219212,218230,3,982,"323664"
219218,175826,33,43392,"000000000000000000000000000000000000000000000000000000000000004062"
219251,175884,3,43367,"633833"
219261,188040,3,31221,"336363"
219264,161987,3,57277,"343233"
219276,219159,3,117,"366564"
219280,189188,3,30092,"663965"
219289,188071,3,31218,"623338"
219296,177030,3,42266,"346239"
219301,218154,3,1147,"343261"
219308,189225,3,30083,"343263"
219311,176732,3,42579,"353936"
219315,187411,50,31904,"00000000000000000000000000000000000000000000000000000000000000000000000000000000000000003002ee82e708"
219366,205095,11,14271,"842d6370b3842d6370ba83"
219377,216497,77,2880,"010b3694cce9d3f392c135dc038b147ca73ec496f7f89d938084183ff085c000000000000000000000000000000000000000000000000000000000000000000000000000000000000000000000"
219454,219006,9,448,"013302f9012f82e708"
219464,219366,10,98,"842d6370b3842d6370ba"
219474,219026,128,448,"827e5494d1a3abf42f9e66be86cfdea8c5c2c74f041c5e1480b901045b7d7482000000000000000000000000000000000000000000000000000000000000004000000000000000000000000000000000000000000000000000000000000000a00000000000000000000000000000000000000000000000000000000000000040"
219603,204586,3,15017,"653439"
219606,175764,3,43842,"313635"
219611,188024,4,31587,"39353732"
219615,177125,3,42490,"646231"
219622,218583,3,1039,"336534"
219627,215165,3,4462,"613531"
219636,218121,3,1515,"396164"
219640,177102,3,42538,"636538"
219646,159269,3,60377,"643937"
219654,219261,3,393,"336363"
219659,177037,3,42622,"643431"
219663,179301,3,40362,"323738"
219666,215090,33,4576,"000000000000000000000000000000000000000000000000000000000000004033"
219699,175870,6,43829,"643362663461"
219706,218214,3,1492,"346337"
219712,218239,4,1473,"63646539"
219716,188174,3,31542,"326132"
219724,204557,3,15167,"333962"
219728,177036,4,42692,"62643431"
219735,188058,3,31677,"643662"
219742,204487,3,15255,"323861"
219748,219635,3,113,"623961"
219762,218610,45,1152,"c00000000000000000000000000000000000000000000000000000000000000000000000000000000000000001"
219807,205567,53,14240,"0df9010a01842aea5400829d78940872ec4426103482a50f26ffc32acefcec61b3c980b8e4f242432a000000000000000000000000"
219860,208704,20,11156,"84a14c3216397c0a9fa217323b0f497f51144b17"
219880,205320,256,14560,"000000000000000000000000aec3cacef9457ff2821d9f85429ce3d90b0014590000000000000000000000000000000000000000000000000000000000000005000000000000000000000000000000000000000000000000000000000000000100000000000000000000000000000000000000000000000000000000000000a00000000000000000000000000000000000000000000000000000000000000000000000000000000000000000000000000000000000000000000000000000000082e708808000000000000000000000000000000000000000000000000000000000000000000000000000000000000000000000000000010df9010a01842aea54"
219880,205320,44,14560,"000000000000000000000000aec3cacef9457ff2821d9f85429ce3d90b001459000000000000000000000000"
220180,208744,20,11436,"bcc9954c589d26eac82491abad2ff82f90474d37"
220200,205640,256,14560,"000000000000000000000000aec3cacef9457ff2821d9f85429ce3d90b0014590000000000000000000000000000000000000000000000000000000000000005000000000000000000000000000000000000000000000000000000000000000100000000000000000000000000000000000000000000000000000000000000a00000000000000000000000000000000000000000000000000000000000000000000000000000000000000000000000000000000000000000000000000000000082e70880800000000000000000000000000000000000000000000000000000000000000000000000000000000000000000000000000001eff901ec80842aea54"
220200,205640,225,14560,"000000000000000000000000aec3cacef9457ff2821d9f85429ce3d90b0014590000000000000000000000000000000000000000000000000000000000000005000000000000000000000000000000000000000000000000000000000000000100000000000000000000000000000000000000000000000000000000000000a00000000000000000000000000000000000000000000000000000000000000000000000000000000000000000000000000000000000000000000000000000000082e708808000000000000000000000000000000000000000000000000000000000"
220682,208042,160,12640,"00000000000000000000000000000000000000000000000000000000000000000000000000000000000000000000000000000000000000000000000000000005000000000000000000000000000000000000000000000000000000000000000000000000000000000000000000000000000000000000000000000000000001400000000000000000000000000000000000000000000000000000000000000041"
220906,206346,85,14560,"1b0000000000000000000000000000000000000000000000000000000000000082e7088080000000000000000000000000000000000000000000000000000000000000000000000000000000000000000000000001"
220991,220127,53,864,"0df9010a01842aea5400829d78940872ec4426103482a50f26ffc32acefcec61b3c980b8e4f242432a000000000000000000000000"
221044,208724,20,12320,"444b1f8d96644de791b4ea16944574b324189d7b"
221064,193416,256,27648,"000000000000000000000000aec3cacef9457ff2821d9f85429ce3d90b0014590000000000000000000000000000000000000000000000000000000000000005000000000000000000000000000000000000000000000000000000000000000100000000000000000000000000000000000000000000000000000000000000a00000000000000000000000000000000000000000000000000000000000000000000000000000000000000000000000000000000000000000000000000000000082e70880800000000000000000000000000000000000000000000000000000000000000000000000000000000000000000000000000001eff901ec80842aea54"
221064,193416,225,27648,"000000000000000000000000aec3cacef9457ff2821d9f85429ce3d90b0014590000000000000000000000000000000000000000000000000000000000000005000000000000000000000000000000000000000000000000000000000000000100000000000000000000000000000000000000000000000000000000000000a00000000000000000000000000000000000000000000000000000000000000000000000000000000000000000000000000000000000000000000000000000000082e708808000000000000000000000000000000000000000000000000000000000"
221546,220682,160,864,"00000000000000000000000000000000000000000000000000000000000000000000000000000000000000000000000000000000000000000000000000000005000000000000000000000000000000000000000000000000000000000000000000000000000000000000000000000000000000000000000000000000000001400000000000000000000000000000000000000000000000000000000000000041"
221750,204782,2,16968,"004e"
221770,206890,256,14880,"1c0000000000000000000000000000000000000000000000000000000000000082e7088080000000000000000000000000000000000000000000000000000000000000000000000000000000000000000000000001eff901ec80842aea540083015f90940872ec4426103482a50f26ffc32acefcec61b3c980b901c4d4dfd6bc0000000000000000000000000000000000000000000000000000000000000000000000000000000000000000000000000000000000000000000000000000000000000000000000000000000000000000000000000000000000000000000000000000000000000000000000000000000000000000000000000000000000000001"
221770,206890,63,14880,"1c0000000000000000000000000000000000000000000000000000000000000082e70880800000000000000000000000000000000000000000000000000000"
222090,221546,160,544,"00000000000000000000000000000000000000000000000000000000000000000000000000000000000000000000000000000000000000000000000000000005000000000000000000000000000000000000000000000000000000000000000000000000000000000000000000000000000000000000000000000000000001400000000000000000000000000000000000000000000000000000000000000041"
222314,208266,85,14048,"1b0000000000000000000000000000000000000000000000000000000000000082e7088080000000000000000000000000000000000000000000000000000000000000000000000000000000000000000000000000"
222399,194303,52,28096,"ecf8ea01842aea5400829b28940872ec4426103482a50f26ffc32acefcec61b3c980b8c4f242432a000000000000000000000000"
222451,208824,32,13627,"6fc3150a9fe1f6bd10e7dfbf63a7efd02e8f7788000000000000000000000000"
222483,194387,206,28096,"01e4a663fffaf1430d3a36588b2c14b72231d8b40000000000000000000000000000000000000000000000000000000000000005000000000000000000000000000000000000000000000000000000000000000100000000000000000000000000000000000000000000000000000000000000a0000000000000000000000000000000000000000000000000000000000000000082e70880800000000000000000000000000000000000000000000000000000000000000000000000000000000000000000000000000000002ceb"
222689,207713,10,14976,"57842aea540082520894"
222719,194719,68,28000,"865af3107a40008082e70880800000000000000000000000000000000000000000000000000000000000000000000000000000000000000000000000000000002eed8202"
222788,222690,9,98,"842aea540082520894"
222817,194817,62,28000,"8654953ff6d0008082e708808000000000000000000000000000000000000000000000000000000000000000000000000000000000000000000000000000"
222882,222788,9,94,"842aea540082520894"
222893,209629,2,13264,"0021"
222911,166655,96,56256,"865af3107a40008082e70880800000000000000000000000000000000000000000000000000000000000000000000000000000000000000000000000000000000000000000000000000000000000000000000000000000000000000000000002"
223028,211589,20,11439,"e6e60d80c60eea654f8f605beffb51b4ce208dd8"
223068,212519,20,10549,"9e586e1ac1bb00a67fc25e1dbd35a2f5b8eb2eab"
223088,213763,20,9325,"9344dc76389a6f8aa2cdbf0ff21240282d3bc1e9"
223108,214751,20,8357,"b5857d19298f419f371163a20d188a185f641e94"
223168,215493,20,7675,"f989d774bca0fe1263f023a3374762a42662cce5"
223188,215929,20,7259,"54e1d001d0835a8508caa1822ff7b6bc667558d2"
223208,216249,20,6959,"4d495f3715f699bc564f19b1bdd8a3c3402ead07"
223268,217475,20,5793,"1758a62d4e7d7cfede365efdfc8e03f5b3bd8df6"
223288,167072,20,56216,"166ffd2964669e61909398e9718123fdcf99c3c2"
223368,218815,20,4553,"0b652eff5070c4c2251a3309ef0f90cee17161f2"
223399,213425,2,9974,"00e4"
223448,219860,20,3588,"84a14c3216397c0a9fa217323b0f497f51144b17"
223468,220180,20,3288,"bcc9954c589d26eac82491abad2ff82f90474d37"
223488,207531,20,15957,"c44961f9dcce6a6ac1a7eeab8a6a84188792e9ee"
223508,221044,20,2464,"444b1f8d96644de791b4ea16944574b324189d7b"
223528,207723,20,15805,"741a8cacb0aea51ddea419f2743cb8634970c183"
223548,207627,20,15921,"553f303d9a1bf355f4f4c2ba3fdb3bccd8660745"
223568,222451,20,1117,"6fc3150a9fe1f6bd10e7dfbf63a7efd02e8f7788"
223588,167452,20,56136,"9dbad420963e53775a51ea9aad4afa3af6e5d753"
223608,222483,20,1125,"01e4a663fffaf1430d3a36588b2c14b72231d8b4"
223628,167432,20,56196,"f6f8b5bc021ff67a9932346447dd7e78aa674224"
223648,222974,32,674,"0000000000000000000000000000000000000000000000000000000000000000"
223712,210384,31,13328,"0000000000000000000000000000000000000000000000000000000064fa86"
223744,218932,62,4812,"00000000000000000000000000000000000000000000000000000000000000c0000000000000000000000000000000000000000000000000000000000000"
223807,223775,32,32,"c000000000000000000000000000000000000000000000000000000000000042"
223840,223808,30,32,"000000000000000000000000000000000000000000000000000000000000"
223872,167712,126,56160,"000000000000000000000000000000000000000000000000000000000000001d00000000000000000000000000000000000000000000000000000000000003a00000000000000000000000000000000000000000000000000000000000000400000000000000000000000000000000000000000000000000000000000000"
224000,200224,31,23776,"0000000000000000000000000000000000000000000000000000000000000b"
224032,196930,31,27102,"0000000000000000000000000000000000000000000000000000000000000d"
224064,208866,31,15198,"00000000000000000000000000000000000000000000000000000000000010"
224096,224064,31,32,"00000000000000000000000000000000000000000000000000000000000010"
224128,195968,31,28160,"00000000000000000000000000000000000000000000000000000000000011"
224159,183871,32,40288,"4000000000000000000000000000000000000000000000000000000000000021"
224192,196160,31,28032,"00000000000000000000000000000000000000000000000000000000000024"
224224,209792,62,14432,"0000000000000000000000000000000000000000000000000000000000002840000000000000000000000000000000000000000000000000000000000000"
224287,222848,32,1439,"000000000000000000000000000000000000000000000000000000000000002c"
224320,196352,31,27968,"0000000000000000000000000000000000000000000000000000000000002d"
224352,222753,31,1599,"0000000000000000000000000000000000000000000000000000000000002e"
224384,209952,31,14432,"0000000000000000000000000000000000000000000000000000000000002f"
224416,224384,31,32,"0000000000000000000000000000000000000000000000000000000000002f"
224448,209984,31,14464,"00000000000000000000000000000000000000000000000000000000000031"
224480,210016,31,14464,"00000000000000000000000000000000000000000000000000000000000033"
224511,195679,32,28832,"2000000000000000000000000000000000000000000000000000000000000034"
224544,208992,31,15552,"00000000000000000000000000000000000000000000000000000000000036"
224576,209024,31,15552,"00000000000000000000000000000000000000000000000000000000000037"
224608,209056,31,15552,"00000000000000000000000000000000000000000000000000000000000039"
224640,224608,30,32,"000000000000000000000000000000000000000000000000000000000000"
224672,167680,31,56992,"0000000000000000000000000000000000000000000000000000000000003c"
224704,224672,30,32,"000000000000000000000000000000000000000000000000000000000000"
224736,224704,30,32,"000000000000000000000000000000000000000000000000000000000000"
224767,224287,31,480,"00000000000000000000000000000000000000000000000000000000000000"
224800,224768,31,32,"0000000000000000000000000000000000000000000000000000000000003f"
224832,168543,32,56289,"0000000000000000000000000000000000000000000000000000000000000036"
224866,186340,4,38526,"82e70882"
224908,215403,7,9505,"87354a6ba7a180"
224918,172694,48,52224,"000000000000000000000000000000000000000000000000000000000000000000000000000000000392f9038f830305"
224966,184262,3,40704,"4b8439"
224972,196524,129,28448,"8313f7c094a658742d33ebd2ce2f0bdff73515aa797fd161d980b90364252f7b01000000000000000000000000000000000000000000000000000000000000006e00000000000000000000000045f1a95a4d3f3836523f5c83673c797f4d4d263b0000000000000000000000000000000000000000000000000000000000043238"
225101,198385,32,26716,"6d1c348304c2565120fc09d19ae877de8f09849e747b5aefc4deae5f50342339"
225133,198385,63,26748,"6d1c348304c2565120fc09d19ae877de8f09849e747b5aefc4deae5f5034233900000000000000000000000000000000000000000000000000000000000000"
225196,196748,72,28448,"c000000000000000000000000000000000000000000000000000000000000002740000000000000000000000004d73adb72bc3dd368966edd0f0b2148401a178e2000000000000c2"
225269,196821,256,28448,"006e352d8275aae3e0c2404d9f68f6cee084b5beb3dd00b745f1a95a4d3f3836523f5c83673c797f4d4d263b0000000000000000000000000000000000000000000000000000000000000001000000000000000000000000000000000000000000000000000000000000000d000000000000000000000000000000000000000000000000000000000000000d00000000000000000000000000000000000000000000000000000000000000000000000000000000000000000000000000000000000000000000000000000000000000000000000000000000000000000000000000000021327f97f7978f63850000000000000000000000000000000000000000"
225269,196821,5,28448,"006e352d82"
225537,197089,28,28448,"00000000000000000000000000000000000000000000000000000066"
225568,197120,28,28448,"8a00000000000000000000000000000000000000000000000000000e"
225601,197153,59,28448,"000000000000000000000000000000000000000000000000000000000000000000000000000000000000000000000000000000000000000000000e"
225660,225596,30,64,"09e6cea2ff00000000000000000000000000000000000000000000000000"
225697,197249,96,28448,"00000000000000000000000000000000000000000000000000000000000001c000000000000000000000000000000000000000000000000000000000000002000000000000000000000000000000000000000000000000000000000000000014"
225805,225791,1,14,"00"
225813,172629,113,53184,"000000000000000000000000000000000000000000000000000000000000000000000000000000000000000000000000000000000000000082e708808000000000000000000000000000000000000000000000000000000000000000000000000000000000000000000392f9038f830305"
225926,184870,3,41056,"4c8439"
225929,224969,132,960,"f62eb08313f7c094a658742d33ebd2ce2f0bdff73515aa797fd161d980b90364252f7b01000000000000000000000000000000000000000000000000000000000000006e00000000000000000000000045f1a95a4d3f3836523f5c83673c797f4d4d263b0000000000000000000000000000000000000000000000000000000000043238"
226061,198993,32,27068,"757c47308bea91bc2f4752c0dd00f9c563effc2ddac3cccf8ce2c5edcfa75cf8"
226093,198993,63,27100,"757c47308bea91bc2f4752c0dd00f9c563effc2ddac3cccf8ce2c5edcfa75cf800000000000000000000000000000000000000000000000000000000000000"
226156,225196,72,960,"c000000000000000000000000000000000000000000000000000000000000002740000000000000000000000004d73adb72bc3dd368966edd0f0b2148401a178e2000000000000c2"
226229,225269,256,960,"006e352d8275aae3e0c2404d9f68f6cee084b5beb3dd00b745f1a95a4d3f3836523f5c83673c797f4d4d263b0000000000000000000000000000000000000000000000000000000000000001000000000000000000000000000000000000000000000000000000000000000d000000000000000000000000000000000000000000000000000000000000000d00000000000000000000000000000000000000000000000000000000000000000000000000000000000000000000000000000000000000000000000000000000000000000000000000000000000000000000000000000021327f97f7978f63850000000000000000000000000000000000000000"
226229,225269,4,960,"006e352d"
226497,209316,27,17181,"000000000000000000000000000000000000000000000000000016"
226528,225892,27,636,"000000000000000000000000000000000000000000000000000003"
226561,173377,58,53184,"00000000000000000000000000000000000000000000000000000000000000000000000000000000000000000000000000000000000000000003"
226619,226555,30,64,"1b3f60f9e8e2000000000000000000000000000000000000000000000000"
226657,225697,96,960,"00000000000000000000000000000000000000000000000000000000000001c000000000000000000000000000000000000000000000000000000000000002000000000000000000000000000000000000000000000000000000000000000014"
226773,197365,112,29408,"000000000000000000000000000000000000000000000000000000000000000000000000000000000000000000000000000000000000000082e708808000000000000000000000000000000000000000000000000000000000000000000000000000000000000000000232f9022f8303"
226887,225927,6,960,"8439f62eb083"
226893,198701,127,28192,"048d9c94cb566e3b6934fa77258d68ea18e931fa75e1aaaa80b902046c459a2800000000000000000000000038de71124f7a447a01d67945a51edce9ff49125100000000000000000000000000000000000000000000000000000000000000800000000000000000000000000000000000000000000000000000000064fada"
227021,198829,100,28192,"00000000000000000000000000000000000000000000000000000000000001400000000000000000000000000000000000000000000000000000000000000084704316e5000000000000000000000000000000000000000000000000000000000000006e"
227153,226721,32,432,"0000000000000000000000000000000000000000000000000000000000000014"
227185,227121,63,64,"f436b249995ea488ecebd71c3a775813d853c2546c13eb383ae0e9dcbaf7f86900000000000000000000000000000000000000000000000000000000000000"
227248,226801,29,447,"0000000000000000000000000000000000000000000000000000000082"
227406,171086,88,56320,"1b00000000000000000000000000000000000000000000000000000000000082e708808000000000000000000000000000000000000000000000000000000000000000000000000000000000000000000232f9022f830306"
227500,226892,128,608,"83048d9c94cb566e3b6934fa77258d68ea18e931fa75e1aaaa80b902046c459a2800000000000000000000000038de71124f7a447a01d67945a51edce9ff49125100000000000000000000000000000000000000000000000000000000000000800000000000000000000000000000000000000000000000000000000064fada"
227629,227021,100,608,"00000000000000000000000000000000000000000000000000000000000001400000000000000000000000000000000000000000000000000000000000000084704316e5000000000000000000000000000000000000000000000000000000000000006e"
227761,227153,32,608,"0000000000000000000000000000000000000000000000000000000000000014"
227793,227729,63,64,"10889cb514fe02e79cef127e94558ba99fce9d952d1b96d8e3efe7414bb12ef700000000000000000000000000000000000000000000000000000000000000"
227856,227409,29,447,"0000000000000000000000000000000000000000000000000000000082"
228003,227883,1,120,"00"
228014,227406,80,608,"1b00000000000000000000000000000000000000000000000000000000000082e70880800000000000000000000000000000000000000000000000000000000000000000000000000000000000000000"
228094,228093,1,1,"00"
228099,185476,6,42623,"8435a4e90083"
228129,217609,19,10520,"80b844095ea7b3000000000000000000000000"
228168,212337,32,15831,"ffffffffffffffffffffffffffffffffffffffffffffffffffffffffffffffff"
228200,222919,55,5281,"82e70880800000000000000000000000000000000000000000000000000000000000000000000000000000000000000000000000000000"
228255,224863,6,3392,"3602f482e708"
228267,228262,5,5,"843521aacd"
228275,186199,21,42076,"94cf68a2721394dcf5dcf66f6265c1819720f24528"
228303,227691,2,612,"0084"
228310,208856,41,19454,"0000000000000000000000000000000000000000000000000000000000000000000000000000000010"
228351,163071,3,65280,"1b02f9"
228355,163075,4,65280,"1782e708"
228410,212121,63,16289,"000000000000000000000000000000000000000000000000000000000000006000000000000000000000000000000000000000000000000000000000000000"
228474,221160,96,7314,"00000000000000000000000000000000000000000000000000000000000000a000000000000000000000000000000000000000000000000000000000000000000000000000000000000000000000000000000000000000000000000000000000"
228570,167936,31,60634,"0000000000000000000000000000000000000000000000000000000000000f"
228606,219506,62,9100,"0000000000000000000000000000000000000000000000000000000000000040000000000000000000000000000000000000000000000000000000000000"
228669,224605,2,4064,"0037"
228702,213043,44,15659,"0000000000000000000000000000000000000000000000000000000000000180000000000000000000000000"
228766,228734,12,32,"000000000000000000000000"
228798,228524,76,274,"00000000000000000000000000000000000000000000000000000000000000000000000000000000000000000000000000000000000000000000000000000000000000000000000000000000"
228894,228862,44,32,"000000000000000000000000e28033a9bd54202d5f2487dd2c8518f48f4f07c2000000000000000000000000"
228938,209681,14,19257,"0000000000000000000000000023"
228956,222184,33,6772,"000000000000000000000000000000000000000000000000000000000000000001"
228990,221930,95,7060,"0000000000000000000000000000000000000000000000000000000000000000000000000000000000000000000000000000000000000000000000000000000000000000000000000000000000000000000000000000000000000000000000"
229102,229057,28,45,"00000000000000000000000000000000000000000000000000000000"
229150,229118,12,32,"000000000000000000000000"
229182,229022,63,160,"000000000000000000000000000000000000000000000000000000000000000000000000000000000000000000000000000000000000000000000000000000"
229246,209216,31,20030,"0000000000000000000000000000000000000000000000000000000000000c"
229282,216627,62,12655,"0000000000000000000000000000000000000000000000000000000000000020000000000000000000000000000000000000000000000000000000000000"
229345,229313,32,32,"2000000000000000000000000000000000000000000000000000000000000001"
229377,213042,45,16335,"600000000000000000000000000000000000000000000000000000000000000180000000000000000000000000"
229422,218751,32,10671,"e5d7c2a44ffddf6b295a15c148167daaaf5cf34f000000000000000000000000"
229474,228926,62,548,"000000000000000000000000000000000000000000000000002386f26fc10000000000000000000000000000000000000000000000000000000000000000"
229536,226303,14,3233,"0001000000000000000000000000"
229570,202745,62,26825,"00000000000000000000000000000000000000000000000000000000000001e0000000000000000000000000000000000000000000000000000000000000"
229632,226057,2,3575,"0004"
229638,228994,91,644,"00000000000000000000000000000000000000000000000000000000000000000000000000000000000000000000000000000000000000000000000000000000000000000000000000000000000000000000000000000000000000"
229730,229685,44,45,"0000000000000000000000000000000000000000000000000000000000000000000000000000000000000000"
229774,218751,50,11023,"e5d7c2a44ffddf6b295a15c148167daaaf5cf34f000000000000000000000000000000000000000000000000000000000000"
229830,229282,58,548,"00000000000000000000000000000000000000000000000000000000000000200000000000000000000000000000000000000000000000000000"
229893,209668,27,20225,"000000000000000000000000000000000000000000000000000023"
229920,229500,18,420,"86f26fc10000000000000000000000000000"
229938,229774,32,164,"e5d7c2a44ffddf6b295a15c148167daaaf5cf34f000000000000000000000000"
229970,228906,32,1064,"e28033a9bd54202d5f2487dd2c8518f48f4f07c2000000000000000000000000"
230022,229990,12,32,"000000000000000000000000"
230054,228894,57,1160,"000000000000000000000000e28033a9bd54202d5f2487dd2c8518f48f4f07c200000000000000000000000000000000000000000000000000"
230111,230110,5,1,"0000000000"
230118,229699,44,419,"0000000000000000000000000000000000000000000000000000000000000200000000000000000000000000"
230162,229454,45,708,"cb28fbe3e9c0fea62e0e63ff3f232cecfe555ad400000000000000000000000000000000000000000000000000"
230207,203891,19,26316,"00000000000260000000000000000000000000"
230226,230002,32,224,"b8f275fbf7a959f4bce59999a2ef122a099e81a8000000000000000000000000"
230258,201765,51,28493,"000000000000000000000000000000000000058000000000000000000000000000000000000000000000000000000000000000"
230310,230054,32,256,"000000000000000000000000e28033a9bd54202d5f2487dd2c8518f48f4f07c2"
230347,229671,71,676,"0000000000000000000000000000000000000000000000000000000000000000000000000000000000000000000000000000000000000000000002000000000000000000000000"
230438,230406,12,32,"000000000000000000000000"
230470,230375,31,95,"00000000000000000000000000000000000000000000000000000000000002"
230506,229474,63,1032,"000000000000000000000000000000000000000000000000002386f26fc1000000000000000000000000000000000000000000000000000000000000000000"
230569,226688,63,3881,"c00000000000000000000000000000000000000000000000000000000000000200000000000000000000000000000000000000000000000000000000000000"
230632,203864,33,26768,"024000000000000000000000000000000000000000000000000000000000000002"
230666,230652,12,14,"000000000000000000000000"
230698,214003,95,16695,"0000000000000000000000000000000000000000000000000000000000000001000000000000000000000000000000000000000000000000000000000000002000000000000000000000000000000000000000000000000000000000000000"
230793,204684,36,26109,"c48f6bdeaa00000000000000000000000000000000000000000000000000000000000000"
230830,230698,57,132,"000000000000000000000000000000000000000000000000000000000000000100000000000000000000000000000000000000000000000000"
230893,223654,27,7239,"000000000000000000000000000000000000000000000000000022"
230926,230666,60,260,"000000000000000000000000b79a4f5828eb55c10d7abf4bfe9a9f5d11aa84e000000000000000000000000000000000000000000000000000000000"
230986,218863,3,12123,"64fa8a"
230990,221966,72,9024,"000000000000000000000000000000000000000000000000000000000000000000000000000000000000000000000000000000000000000000000001000000000000000000000000"
231082,230374,126,708,"00000000000000000000000000000000000000000000000000000000000000020000000000000000000000006ca6fcbd2fe65f0cb7671f5f0638867fdc991462000000000000000000000000e3db9ad5a3c6387bece39fafc26dbb2b594fb7ff000000000000000000000000000000000000000000000000000000000000"
231208,230728,33,480,"000100000000000000000000000000000000000000000000000000000000000000"
231242,186038,59,45204,"0000000000000000000000000000000000000000000000000000000000000000000000000000000000000000000000000000000000000000000004"
231306,230730,57,576,"000000000000000000000000000000000000000000000000000000000000002000000000000000000000000000000000000000000000000000"
231368,230892,28,476,"80000000000000000000000000000000000000000000000000000022"
231402,230926,44,476,"000000000000000000000000b79a4f5828eb55c10d7abf4bfe9a9f5d11aa84e0000000000000000000000000"
231466,231146,62,320,"000000000000000000000000e3db9ad5a3c6387bece39fafc26dbb2b594fb7ff000000000000000000000000000000000000000000000000000000000000"
231530,230762,32,768,"00000000000000000000000000000000000000000000000000000000000000c4"
231562,230054,44,1508,"000000000000000000000000e28033a9bd54202d5f2487dd2c8518f48f4f07c2000000000000000000000000"
231626,231594,12,32,"000000000000000000000000"
231658,230054,62,1604,"000000000000000000000000e28033a9bd54202d5f2487dd2c8518f48f4f07c2000000000000000000000000000000000000000000000000000000000000"
231722,230342,62,1380,"7275626963000000000000000000000000000000000000000000000000000000000000000000000000000000000000000000000000000000000000000000"
231790,191417,13,40373,"000000000000000000000000a9"
231822,231790,12,32,"000000000000000000000000"
231854,212699,44,19155,"000000000000000000000000eeeeeeeeeeeeeeeeeeeeeeeeeeeeeeeeeeeeeeee000000000000000000000000"
231898,231802,32,96,"a9305c3c14757bae2e73ef7f66fe241f5f6bf347000000000000000000000000"
231930,231670,45,260,"e28033a9bd54202d5f2487dd2c8518f48f4f07c200000000000000000000000000000000000000000000000000"
231982,231950,26,32,"0000000000000000000000000000000000000000000000000020"
232014,216659,62,15355,"0000000000000000000000000000000000000000000000000000000000000004000000000000000000000000000000000000000000000000000000000000"
232077,189458,64,42619,"40000000000000000000000000000000000000000000000000000000000000016000000000000000000000000000000000000000000000000000000000000000"
232141,232140,32,1,"0000000000000000000000000000000000000000000000000000000000000000"
232174,211777,26,20397,"00000000000000000000000000000000000000000000006c0000"
232201,209468,3,22733,"00001a"
232204,232006,2,198,"0020"
232210,231834,20,376,"5aea5775959fbc2557cc8789bc1bf90a239d9a91"
232232,231834,21,398,"5aea5775959fbc2557cc8789bc1bf90a239d9a9100"
232258,230537,33,1721,"0000000000000000000000000000000000000000000000000000000000000000c0"
232292,231446,32,846,"6e2b76966cbd9cf4cc2fa0d76d24d5241e0abc2f000000000000000000000000"
232324,232323,10,1,"00000000000000000000"
232338,221898,127,10440,"00000000000000000000000000000000000000000000000000000000000000000000000000000000000000000000000000000000000000000000000000000000000000000000000000000000000000000000000000000000000000000000000000000000000000000000000000000000000000000000000000000000000000"
232465,218954,45,13511,"000000000000000000c00000000000000000000000000000000000000000000000000000000000000000000000"
232510,177182,9,55328,"029402f9029082e708"
232520,212424,11,20096,"843046f89f843046f89f83"
232535,212317,20,20218,"032b241de86a8660f1ae0691a4760b426ea246d7"
232555,177227,4,55328,"80b90264"
232559,199494,131,33065,"ac9650d800000000000000000000000000000000000000000000000000000000000000200000000000000000000000000000000000000000000000000000000000000002000000000000000000000000000000000000000000000000000000000000004000000000000000000000000000000000000000000000000000000000000001"
232690,190162,33,42528,"a00000000000000000000000000000000000000000000000000000000000000124"
232727,232563,63,164,"000000000000000000000000000000000000000000000000000000000000002000000000000000000000000000000000000000000000000000000000000000"
232791,232414,60,377,"000000000000000000000000000000000000000000000000000000000000000000000000000000000000000000000000000000000000000000000000"
232855,195782,25,37073,"00000000000000000000000000000000000000000000000006"
232887,230958,30,1929,"0000000000000000000000000000000000000000000000000000000064fa"
232919,232820,31,99,"00000000000000000000000000000000000000000000000000000000000000"
232951,218719,21,14232,"176211869ca2b568f2a7d4ee941e073a821ee1ff00"
232974,190437,100,42537,"e5d7c2a44ffddf6b295a15c148167daaaf5cf34f0000000000000000000000000000000000000000000000000000000000000000000000000000000000000000000000000000000000000000000000000000000000000000000000000000000000000000"
233074,213714,30,19360,"4449404b7c00000000000000000000000000000000000000000000000000"
233104,232832,20,272,"000000000000000000000000000000000000002d"
233143,213783,72,19360,"00000000000000000000000000000000000000000000000000000000c000000000000000000000000000000000000000000000000000000000000000000000000000000000000003"
233219,232519,6,700,"04843046f89f"
233229,188246,22,44983,"9480e38291e06339d10aab483c65695d004dbd5c6987"
233256,210906,3,22350,"0000b9"
233259,213901,63,19358,"03a42cc4081e000000000000000000000000000000000000000000000000000000000000006000000000000000000000000000000000000000000000000000"
233322,232718,4,604,"00000001"
233329,213971,31,19358,"0000000000000000000000000000000000000000000000000000000064fab4"
233361,188378,153,44983,"000000000000000000000000000000000000000000000000000000000000000100000000000000000000000000000000000000000000000000000000000000200000000000000000000000000000000000000000000000000000000000000060000000000000000000000000000000000000000000000000000000000000000000000000000000000000000000000000000000000000000000"
233514,233251,7,263,"470de4df820000"
233521,214163,108,19358,"000000000000000000000000000000000000000000000000000000000000000200000000000000000000000000000000000000000000000000000000000000400000000000000000000000000000000000000000000000000000000000000160000000000000000000000000"
233629,188614,192,45015,"7f72e0d8e9abf9133a92322b8b50bd8e0f9dcfcb0000000000000000000000000000000000000000000000000000000000000080000000000000000000000000000000000000000000000000000000000000000000000000000000000000000000000000000000000000000000000000000001000000000000000000000000000000000000000000000000000000000000000060000000000000000000000000e5d7c2a44ffddf6b295a15c148167daaaf5cf34f000000000000000000000000"
233821,214271,51,19550,"4cbab02a5448605e95181489b6ec0404e721eb8500000000000000000000000000000000000000000000000000000000000000"
233872,233871,45,1,"000000000000000000000000000000000000000000000000000000000000000000000000000000000000000000"
233917,214271,192,19646,"4cbab02a5448605e95181489b6ec0404e721eb8500000000000000000000000000000000000000000000000000000000000000800000000000000000000000000000000000000000000000000000000000000000000000000000000000000000000000000000000000000000000000000000010000000000000000000000000000000000000000000000000000000000000000600000000000000000000000007d43aabc515c356145049227cee54b608342c0ad000000000000000000000000"
234129,229698,64,4431,"00000000000000000000000000000000000000000000000000000000000000020000000000000000000000000000000000000000000000000000000000000000"
234193,228200,45,5993,"82e708808000000000000000000000000000000000000000000000000000000000000000000000000000000000"
234238,177182,11,57056,"029402f9029082e7080284"
234249,232521,10,1728,"3046f89f843046f89f83"
234262,232534,256,1728,"94032b241de86a8660f1ae0691a4760b426ea246d780b90264ac9650d800000000000000000000000000000000000000000000000000000000000000200000000000000000000000000000000000000000000000000000000000000002000000000000000000000000000000000000000000000000000000000000004000000000000000000000000000000000000000000000000000000000000001a0000000000000000000000000000000000000000000000000000000000000012475ceafe6000000000000000000000000000000000000000000000000000000000000002000000000000000000000000000000000000000000000000000000000000000"
234262,232534,56,1728,"94032b241de86a8660f1ae0691a4760b426ea246d780b90264ac9650d8000000000000000000000000000000000000000000000000000000"
234583,213719,26,20864,"0000000000000000000000000000000000000000000000000069"
234615,232887,31,1728,"0000000000000000000000000000000000000000000000000000000064fa88"
234647,232919,32,1728,"000000000000000000000000000000000000000000000000000000000000002b"
234679,234077,21,602,"7d43aabc515c356145049227cee54b608342c0ad00"
234700,232972,151,1728,"0bb8e5d7c2a44ffddf6b295a15c148167daaaf5cf34f00000000000000000000000000000000000000000000000000000000000000000000000000000000000000000000000000000000000000000000000000000000000000000000000000000000000000004449404b7c0000000000000000000000000000000000000000000000000000000000000000000000000000000000000000"
234851,223048,20,11803,"0da089cdb26d21c74ad2a7cc9f91d4d188d940a7"
234871,214807,219,20064,"00000000000000000000000000000000000000000000000000000000c0000000000000000000000000000000000000000000000000000000000000000000000000000000000000013302f9012f82e70802842eda3283842eda328d827e5494d1a3abf42f9e66be86cfdea8c5c2c74f041c5e1480b901045b7d7482000000000000000000000000000000000000000000000000000000000000004000000000000000000000000000000000000000000000000000000000000000a00000000000000000000000000000000000000000000000000000000000000040"
235097,218508,3,16589,"363431"
235102,188165,4,46937,"38653438"
235107,218587,3,16520,"663562"
235111,179309,3,55802,"393663"
235125,179336,4,55789,"33613237"
235129,175889,3,59240,"643565"
235132,189191,3,45941,"373933"
235144,188028,3,47116,"636535"
235149,218249,3,16900,"663338"
235153,218513,33,16640,"370000000000000000000000000000000000000000000000000000000000000040"
235187,218237,4,16950,"36666364"
235193,218562,3,16631,"323863"
235220,215180,3,20040,"333833"
235223,218489,3,16734,"373037"
235228,219185,3,16043,"653563"
235233,204589,3,30644,"373134"
235239,219273,3,15966,"636665"
235242,219620,3,15622,"653533"
235247,218547,3,16700,"633836"
235250,218258,53,16992,"c000000000000000000000000000000000000000000000000000000000000000000000000000000000000000013302f9012f82e708"
235303,214887,140,20416,"02842eda3283842eda328d827e5494d1a3abf42f9e66be86cfdea8c5c2c74f041c5e1480b901045b7d7482000000000000000000000000000000000000000000000000000000000000004000000000000000000000000000000000000000000000000000000000000000a0000000000000000000000000000000000000000000000000000000000000004030"
235443,219649,3,15794,"656636"
235447,189204,3,46243,"396564"
235451,218484,3,16967,"363565"
235460,188047,3,47413,"373862"
235465,188128,3,47337,"343634"
235468,219749,3,15719,"396133"
235471,177024,3,58447,"613031"
235476,204446,4,31030,"32663330"
235481,219307,3,16174,"353432"
235485,219737,3,15748,"626462"
235490,204466,3,31024,"393333"
235496,204460,3,31036,"336532"
235502,218139,3,17363,"653462"
235506,219122,33,16384,"000000000000000000000000000000000000000000000000000000000000004039"
235554,215157,3,20397,"313137"
235558,189219,3,46339,"303735"
235561,189200,3,46361,"383166"
235566,195300,3,40266,"303937"
235574,218120,3,17454,"663961"
235579,215178,3,20401,"313033"
235582,204540,3,31042,"656464"
235585,189177,3,46408,"626238"
235588,204547,3,31041,"396336"
235592,188146,3,47446,"383533"
235603,234807,44,796,"0000000000000000000000000000000000000000000000000000000000000000000000000000000000000000"
235649,177891,4,57758,"f082e708"
235653,217959,3,17694,"09842e"
235656,235306,9,350,"da3283842eda328d82"
235665,222888,3,12777,"520894"
235676,217410,2,18266,"00f5"
235696,192112,47,43584,"80c0000000000000000000000000000000000000000000000000000000000000000000000000000000000000000001"
235743,228351,3,7392,"1b02f9"
235747,228355,4,7392,"1782e708"
235751,215687,3,20064,"80842e"
235754,215241,9,20513,"da3283842eda328d83"
235766,216022,21,19744,"948731d54e9d02c286767d56ac03e8037c07e01e98"
235795,216050,51,19745,"1eb8e41114cd2a00000000000000000000000000000000000000000000000000000000000000b8000000000000000000000000"
235866,235378,56,488,"00000000000000000000000000000000000000000000000000000000000000a0000000000000000000000000000000000000000000000000"
235929,217853,26,18076,"0000000000000000000000000000000000000000000000000009"
235961,226720,33,9241,"000000000000000000000000000000000000000000000000000000000000000014"
235994,235846,32,148,"2f3006a74b24e91d48fb11d5350619ddd445bbf5000000000000000000000000"
236027,219323,42,16704,"0000000000000000000000000000000000000000000000000000000000000000000000003002ee82e708"
236070,216486,88,19584,"842ed645ff842ed6460983010b3694cce9d3f392c135dc038b147ca73ec496f7f89d938084183ff085c000000000000000000000000000000000000000000000000000000000000000000000000000000000000000000000"
236160,235744,3,416,"02f901"
236164,236066,3,98,"82e708"
236168,218664,12,17504,"842ed645ff842ed646098303"
236182,189974,21,46208,"94678aa4bf4e210cf2166753e054d5b7c31cc7fa86"
236209,211408,3,24801,"8000b9"
236212,176021,37,60191,"01a45ae401dc0000000000000000000000000000000000000000000000000000000064fa87"
236250,176059,226,60191,"00000000000000000000000000000000000000000000000000000000000000400000000000000000000000000000000000000000000000000000000000000001000000000000000000000000000000000000000000000000000000000000002000000000000000000000000000000000000000000000000000000000000000e404e45aaf000000000000000000000000e5d7c2a44ffddf6b295a15c148167daaaf5cf34f000000000000000000000000176211869ca2b568f2a7d4ee941e073a821ee1ff000000000000000000000000000000000000000000000000000000000000"
236476,231240,14,5236,"0064000000000000000000000000"
236510,234549,26,1961,"0000000000000000000000000000000000000000000000000002"
236536,236205,6,331,"6a74d6728000"
236542,229056,30,7486,"000000000000000000000000000000000000000000000000000000000010"
236574,232414,96,4160,"000000000000000000000000000000000000000000000000000000000000000000000000000000000000000000000000000000000000000000000000c00000000000000000000000000000000000000000000000000000000000000000000000"
236670,235294,12,1376,"013302f9012f82e70802842e"
236682,218314,136,18368,"d645ff842ed64609827e5494d1a3abf42f9e66be86cfdea8c5c2c74f041c5e1480b901045b7d7482000000000000000000000000000000000000000000000000000000000000004000000000000000000000000000000000000000000000000000000000000000a00000000000000000000000000000000000000000000000000000000000000040"
236818,235215,3,1603,"363836"
236821,235466,3,1355,"363439"
236827,219616,3,17211,"623163"
236835,215046,3,21789,"663532"
236839,177033,3,59806,"323533"
236842,219654,3,17188,"336363"
236845,219739,3,17106,"626166"
236854,204538,3,32316,"376565"
236860,215141,3,21719,"616432"
236868,235589,4,1279,"63363638"
236875,188125,3,48750,"386538"
236882,236786,32,96,"0000000000000000000000000000000000000000000000000000000000000040"
236916,177022,3,59894,"393361"
236919,219755,3,17164,"343237"
236924,235575,3,1349,"396131"
236932,219602,3,17330,"316534"
236939,219757,3,17182,"376465"
236946,179284,3,57662,"656365"
236949,175765,3,61184,"363537"
236957,189182,3,47775,"313139"
236960,189218,3,47742,"643037"
236966,236938,4,28,"62376465"
236970,219648,3,17322,"376566"
236974,215038,3,21936,"626266"
236978,235250,53,1728,"c000000000000000000000000000000000000000000000000000000000000000000000000000000000000000013302f9012f82e708"
237032,217960,139,19072,"842ed645ff842ed64609827e5494d1a3abf42f9e66be86cfdea8c5c2c74f041c5e1480b901045b7d7482000000000000000000000000000000000000000000000000000000000000004000000000000000000000000000000000000000000000000000000000000000a0000000000000000000000000000000000000000000000000000000000000004064"
237171,188042,3,49129,"633236"
237180,177039,3,60141,"313961"
237184,236861,3,323,"643238"
237188,219305,3,17883,"653035"
237192,235598,3,1594,"346335"
237197,218488,3,18709,"373730"
237200,219630,3,17570,"393262"
237203,219625,3,17578,"613061"
237207,236914,3,293,"616539"
237211,218504,4,18707,"63613862"
237216,236935,4,281,"61383362"
237223,204568,3,32655,"303634"
237227,236851,3,376,"343338"
237234,235154,33,2080,"000000000000000000000000000000000000000000000000000000000000004037"
237272,235218,3,2054,"613233"
237276,177130,3,60146,"396631"
237280,236974,3,306,"626266"
237283,219277,3,18006,"656462"
237287,219632,3,17655,"623930"
237297,235095,3,2202,"643736"
237302,236950,3,352,"353731"
237305,198551,3,38754,"656334"
237308,177115,3,60193,"613938"
237313,219734,3,17579,"356436"
237316,177131,3,60185,"663135"
237326,235574,3,1752,"663961"
237329,218609,46,18720,"63c00000000000000000000000000000000000000000000000000000000000000000000000000000000000000001"
237375,177887,8,59488,"f402f901f082e708"
237383,235751,3,1632,"80842e"
237386,219018,8,18368,"d433b2842ed433bc"
237394,177906,223,59488,"830205aa940872ec4426103482a50f26ffc32acefcec61b3c980b901c4d4dfd6bc00000000000000000000000000000000000000000000000000000000000000000000000000000000000000000000000000000000000000000000000000000000000000000000000000000000000000000000000000000000000000000000000000000000000000000000000000000000000000000000000000000000000000010000000000000000000000000000000000000000000000000000000000000001000000000000000000000000000000000000000000000000000000006522"
237619,222090,160,15529,"00000000000000000000000000000000000000000000000000000000000000000000000000000000000000000000000000000000000000000000000000000005000000000000000000000000000000000000000000000000000000000000000000000000000000000000000000000000000000000000000000000000000001400000000000000000000000000000000000000000000000000000000000000041"
237843,178355,75,59488,"1b00000000000000000000000000000000000000000000000000000000000000c0000000000000000000000000000000000000000000000000000000000000000000000000000000000000"
237918,220990,54,16928,"010df9010a01842aea5400829d78940872ec4426103482a50f26ffc32acefcec61b3c980b8e4f242432a000000000000000000000000"
237972,223488,20,14484,"c44961f9dcce6a6ac1a7eeab8a6a84188792e9ee"
237992,219880,256,18112,"000000000000000000000000aec3cacef9457ff2821d9f85429ce3d90b0014590000000000000000000000000000000000000000000000000000000000000005000000000000000000000000000000000000000000000000000000000000000100000000000000000000000000000000000000000000000000000000000000a00000000000000000000000000000000000000000000000000000000000000000000000000000000000000000000000000000000000000000000000000000000082e708808000000000000000000000000000000000000000000000000000000000000000000000000000000000000000000000000000010df9010a01842aea54"
237992,219880,44,18112,"000000000000000000000000aec3cacef9457ff2821d9f85429ce3d90b001459000000000000000000000000"
238292,223548,20,14744,"553f303d9a1bf355f4f4c2ba3fdb3bccd8660745"
238312,192552,256,45760,"000000000000000000000000aec3cacef9457ff2821d9f85429ce3d90b0014590000000000000000000000000000000000000000000000000000000000000005000000000000000000000000000000000000000000000000000000000000000100000000000000000000000000000000000000000000000000000000000000a00000000000000000000000000000000000000000000000000000000000000000000000000000000000000000000000000000000000000000000000000000000082e70880800000000000000000000000000000000000000000000000000000000000000000000000000000000000000000000000000001eff901ec80842aea54"
238312,192552,225,45760,"000000000000000000000000aec3cacef9457ff2821d9f85429ce3d90b0014590000000000000000000000000000000000000000000000000000000000000005000000000000000000000000000000000000000000000000000000000000000100000000000000000000000000000000000000000000000000000000000000a00000000000000000000000000000000000000000000000000000000000000000000000000000000000000000000000000000000000000000000000000000000082e708808000000000000000000000000000000000000000000000000000000000"
238794,237619,160,1175,"00000000000000000000000000000000000000000000000000000000000000000000000000000000000000000000000000000000000000000000000000000005000000000000000000000000000000000000000000000000000000000000000000000000000000000000000000000000000000000000000000000000000001400000000000000000000000000000000000000000000000000000000000000041"
239018,193258,138,45760,"1c0000000000000000000000000000000000000000000000000000000000000082e70880800000000000000000000000000000000000000000000000000000000000000000000000000000000000000000000000010df9010a01842aea5400829d78940872ec4426103482a50f26ffc32acefcec61b3c980b8e4f242432a000000000000000000000000"
239156,223528,20,15628,"741a8cacb0aea51ddea419f2743cb8634970c183"
239176,221064,256,18112,"000000000000000000000000aec3cacef9457ff2821d9f85429ce3d90b0014590000000000000000000000000000000000000000000000000000000000000005000000000000000000000000000000000000000000000000000000000000000100000000000000000000000000000000000000000000000000000000000000a00000000000000000000000000000000000000000000000000000000000000000000000000000000000000000000000000000000000000000000000000000000082e70880800000000000000000000000000000000000000000000000000000000000000000000000000000000000000000000000000001eff901ec80842aea54"
239176,221064,225,18112,"000000000000000000000000aec3cacef9457ff2821d9f85429ce3d90b0014590000000000000000000000000000000000000000000000000000000000000005000000000000000000000000000000000000000000000000000000000000000100000000000000000000000000000000000000000000000000000000000000a00000000000000000000000000000000000000000000000000000000000000000000000000000000000000000000000000000000000000000000000000000000082e708808000000000000000000000000000000000000000000000000000000000"
239658,238794,160,864,"00000000000000000000000000000000000000000000000000000000000000000000000000000000000000000000000000000000000000000000000000000005000000000000000000000000000000000000000000000000000000000000000000000000000000000000000000000000000000000000000000000000000001400000000000000000000000000000000000000000000000000000000000000041"
239855,233967,2,5888,"0080"
239882,194122,87,45760,"1b0000000000000000000000000000000000000000000000000000000000000082e70880800000000000000000000000000000000000000000000000000000000000000000000000000000000000000000000000002ceb"
239970,222882,9,17088,"842aea540082520894"
239999,207647,66,32352,"865af3107a40008082e70880800000000000000000000000000000000000000000000000000000000000000000000000000000000000000000000000000000002ceb"
240065,222881,10,17184,"56842aea540082520894"
240095,239999,66,96,"865af3107a40008082e70880800000000000000000000000000000000000000000000000000000000000000000000000000000000000000000000000000000002ceb"
240162,240066,9,96,"842aea540082520894"
240191,207743,77,32448,"865af3107a40008082e7088080000000000000000000000000000000000000000000000000000000000000000000000000000000000000000000000000000001eff901ec80842aea5400830159"
240269,237398,220,2871,"940872ec4426103482a50f26ffc32acefcec61b3c980b901c4d4dfd6bc0000000000000000000000000000000000000000000000000000000000000000000000000000000000000000000000000000000000000000000000000000000000000000000000000000000000000000000000000000000000000000000000000000000000000000000000000000000000000000000000000000000000000001000000000000000000000000000000000000000000000000000000000000000100000000000000000000000000000000000000000000000000000000652212"
240490,239658,160,832,"00000000000000000000000000000000000000000000000000000000000000000000000000000000000000000000000000000000000000000000000000000005000000000000000000000000000000000000000000000000000000000000000000000000000000000000000000000000000000000000000000000000000001400000000000000000000000000000000000000000000000000000000000000041"
240714,207434,85,33280,"1c0000000000000000000000000000000000000000000000000000000000000082e7088080000000000000000000000000000000000000000000000000000000000000000000000000000000000000000000000000"
240799,182271,33,58528,"000000000000000000000000000000000000000000000000000000000000000244"
240832,235668,20,5164,"45a318273749d6eb00f5f6ca3bc7cd3de26d642a"
240852,208384,80,32468,"e93685f3bba03016f02bd1828badd6195988d950e93685f3bba03016f02bd1828badd6195988d950b8ff877ed78ba520ece21b1de7843a8a57ca47cbb8ff877ed78ba520ece21b1de7843a8a57ca47cb"
240972,231930,20,9042,"e28033a9bd54202d5f2487dd2c8518f48f4f07c2"
240992,233123,20,7869,"2d318c186f321ff6e9e60fc3ec8798762c5cd76d"
241012,234109,20,6903,"c9eee68292a3f290b4b33e58b1b1dba695665d9f"
241032,234851,20,6181,"0da089cdb26d21c74ad2a7cc9f91d4d188d940a7"
241092,186498,20,54594,"c9238f914049a6f0e0799acd76557b627d614bf1"
241112,235994,20,5118,"2f3006a74b24e91d48fb11d5350619ddd445bbf5"
241139,225529,2,15610,"0033"
241152,236490,20,4662,"88457c59fefb2f7c30ae33f31341a9654775d772"
241232,237972,20,3260,"c44961f9dcce6a6ac1a7eeab8a6a84188792e9ee"
241252,238292,20,2960,"553f303d9a1bf355f4f4c2ba3fdb3bccd8660745"
241272,222891,20,18381,"a8120021a72004628280671d99689be832e368d9"
241292,239156,20,2136,"741a8cacb0aea51ddea419f2743cb8634970c183"
241312,222699,20,18613,"d17067eccd98d840778ab38a96429da51b679935"
241332,182784,60,58548,"161dbc3f770dc97288eed3c864daba618a209a24b268e06dd9826e7c47c4b6bbc9f16df2d3bdc9ae50ee2a1789f78174bf7fad3a2e9b21dec8ed0eb7"
241392,222797,20,18595,"73626556edee605c78d8951fc20864bfbc591985"
241412,182884,154,58528,"00000000000000000000000000000000000000000000000000000000000000000000000000000000000000000000000000000000000000000000000000000000000000000000000000000000000000000000000000000000000000040000000000000000000000000000000000000000000000000000000000000080000000000000000000000000000000000000000000000000000000000000"
241568,240716,31,852,"00000000000000000000000000000000000000000000000000000000000082"
241600,241568,30,32,"000000000000000000000000000000000000000000000000000000000000"
241664,208928,31,32736,"0000000000000000000000000000000000000000000000000000000064fa85"
241696,237844,62,3852,"00000000000000000000000000000000000000000000000000000000000000c0000000000000000000000000000000000000000000000000000000000000"
241760,203464,31,38296,"00000000000000000000000000000000000000000000000000000000000046"
241791,241696,31,95,"00000000000000000000000000000000000000000000000000000000000000"
241824,223649,32,18175,"0000000000000000000000000000000000000000000000000000000000000022"
241856,241473,31,383,"00000000000000000000000000000000000000000000000000000000000004"
241887,200504,32,41383,"4000000000000000000000000000000000000000000000000000000000000005"
241920,195776,31,46144,"00000000000000000000000000000000000000000000000000000000000006"
241952,209152,31,32800,"00000000000000000000000000000000000000000000000000000000000008"
241984,217848,31,24136,"00000000000000000000000000000000000000000000000000000000000009"
242016,224000,31,18016,"0000000000000000000000000000000000000000000000000000000000000b"
242048,225629,31,16419,"0000000000000000000000000000000000000000000000000000000000000e"
242079,225628,32,16451,"000000000000000000000000000000000000000000000000000000000000000e"
242112,209376,31,32736,"00000000000000000000000000000000000000000000000000000000000018"
242144,209408,31,32736,"00000000000000000000000000000000000000000000000000000000000019"
242176,211482,31,30694,"0000000000000000000000000000000000000000000000000000000000001c"
242208,209824,31,32384,"00000000000000000000000000000000000000000000000000000000000029"
242239,184095,32,58144,"600000000000000000000000000000000000000000000000000000000000002a"
242271,234647,32,7624,"000000000000000000000000000000000000000000000000000000000000002b"
242304,224352,62,17952,"0000000000000000000000000000000000000000000000000000000000002e20000000000000000000000000000000000000000000000000000000000000"
242368,242336,31,32,"0000000000000000000000000000000000000000000000000000000000002e"
242400,236033,31,6367,"00000000000000000000000000000000000000000000000000000000000030"
242432,242400,31,32,"00000000000000000000000000000000000000000000000000000000000030"
242464,224480,62,17984,"0000000000000000000000000000000000000000000000000000000000003320000000000000000000000000000000000000000000000000000000000000"
242528,210112,31,32416,"00000000000000000000000000000000000000000000000000000000000035"
242560,228225,31,14335,"00000000000000000000000000000000000000000000000000000000000036"
242592,224576,62,18016,"00000000000000000000000000000000000000000000000000000000000037e0000000000000000000000000000000000000000000000000000000000000"
242656,224608,31,18048,"00000000000000000000000000000000000000000000000000000000000039"
242688,224640,31,18048,"0000000000000000000000000000000000000000000000000000000000003b"
242720,242688,30,32,"000000000000000000000000000000000000000000000000000000000000"
242752,224704,31,18048,"0000000000000000000000000000000000000000000000000000000000003e"
242784,237235,31,5549,"00000000000000000000000000000000000000000000000000000000000040"
242816,223776,62,19040,"00000000000000000000000000000000000000000000000000000000000042c0000000000000000000000000000000000000000000000000000000000000"
242880,234772,31,8108,"00000000000000000000000000000000000000000000000000000000000044"
242912,242880,31,32,"00000000000000000000000000000000000000000000000000000000000044"
242944,203675,32,39269,"00000000000000000000000000000000000000000000000000000000000000b4"
242979,224866,4,18113,"82e70882"
242989,228303,2,14686,"0084"
242991,242986,3,5,"3b9aca"
243027,236314,63,6713,"000000000000000000000000000000000000000000000000000000000000002000000000000000000000000000000000000000000000000000000000000000"
243091,214531,29,28560,"000000000000000000000000000000000000000000000000000000005e"
243123,241664,31,1459,"0000000000000000000000000000000000000000000000000000000064fa85"
243156,241460,43,1696,"00000000000000000000000000000000000000000000000000000000000000000000000000000000000000"
243203,242979,4,224,"82e70882"
243209,242985,12,224,"843b9aca00843b9aca0e8301"
243223,242999,23,224,"9445779134e5091756601cb5ba389f9c76b914e52080b8"
243251,243187,12,64,"000000000000000000000000"
243283,236250,76,7033,"00000000000000000000000000000000000000000000000000000000000000400000000000000000000000000000000000000000000000000000000000000001000000000000000000000000"
243379,243315,32,64,"0000000000000000000000000000000000000000000000000000000000000001"
243411,189907,44,53504,"c000000000000000000000000000000000000000000000000000000000000000000000000000000000000002"
243455,199455,4,44000,"6ff9026c"
243460,228099,6,15361,"8435a4e90083"
243469,189974,24,53495,"94678aa4bf4e210cf2166753e054d5b7c31cc7fa8680b902"
243493,189326,36,54167,"445ae401dc0000000000000000000000000000000000000000000000000000000064fa86"
243530,189363,176,54167,"000000000000000000000000000000000000000000000000000000000000004000000000000000000000000000000000000000000000000000000000000000020000000000000000000000000000000000000000000000000000000000000040000000000000000000000000000000000000000000000000000000000000016000000000000000000000000000000000000000000000000000000000000000e404e45aaf000000000000000000000000"
243706,218719,83,24987,"176211869ca2b568f2a7d4ee941e073a821ee1ff000000000000000000000000e5d7c2a44ffddf6b295a15c148167daaaf5cf34f00000000000000000000000000000000000000000000000000000000000000"
243789,213526,57,30263,"640000000000000000000000000000000000000000000000000000000000000002000000000000000000000000000000000000000000000000"
243846,243652,5,194,"0000000001"
243854,242501,26,1353,"0000000000000000000000000000000000000000000000000033"
243886,213623,121,30263,"000000000000000000000000000000000000000000000000000000000000000000000000000000000000000000000000000000000000000000000000000000000000000000000000000000000000000000000000000000000000004449404b7c00000000000000000000000000000000000000000000000000"
244007,243879,19,128,"330f7e13cf4ce3000000000000000000000000"
244026,185985,48,58041,"3d391afffed2255a2dd00325c3a96a5a8e023ff800000000000000000000000000000000000000000000000000000000"
244074,240746,53,3328,"82e7088080000000000000000000000000000000000000000000000000000000000000000000000000000000000000000000000000"
244127,217567,7,26560,"7102f86e82e708"
244148,212277,40,31871,"947d43aabc515c356145049227cee54b608342c0ad80b844095ea7b3000000000000000000000000"
244188,228375,20,15813,"3335733c454805df6a77f825f266e136fb4a3333"
244208,243827,24,381,"000000000000000000000000000000000000000000000001"
244240,199408,47,44832,"c000000000000000000000000000000000000000000000000000000000000000000000000000000000000000000002"
244288,234240,3,10048,"02f902"
244292,244131,3,161,"82e708"
244301,244296,5,5,"8430659a7d"
244310,234262,21,10048,"94032b241de86a8660f1ae0691a4760b426ea246d7"
244338,233256,3,11082,"0000b9"
244343,234287,244,10056,"ac9650d800000000000000000000000000000000000000000000000000000000000000200000000000000000000000000000000000000000000000000000000000000002000000000000000000000000000000000000000000000000000000000000004000000000000000000000000000000000000000000000000000000000000001a0000000000000000000000000000000000000000000000000000000000000012475ceafe6000000000000000000000000000000000000000000000000000000000000002000000000000000000000000000000000000000000000000000000000000000a0000000000000000000000000"
244587,182664,20,61923,"8a8c879d39a74fce0593714956bb7ed048a5c1bf"
244607,233190,25,11417,"00000000000000000000000000000000000000000000000003"
244632,244333,7,299,"9bb49f599a0000"
244639,242146,29,2493,"0000000000000000000000000000000000000000000000000000000019"
244671,234615,31,10056,"0000000000000000000000000000000000000000000000000000000064fa88"
244703,242271,32,2432,"000000000000000000000000000000000000000000000000000000000000002b"
244735,243738,21,997,"e5d7c2a44ffddf6b295a15c148167daaaf5cf34f00"
244758,200741,83,44017,"176211869ca2b568f2a7d4ee941e073a821ee1ff000000000000000000000000000000000000000000000000000000000000000000000000000000000000000000000000000000000000000000000000000000"
244841,186079,50,58762,"00000000000000000000000000000000000412210e8a00000000000000000000000000000000000000000000000000000000"
244892,237340,45,7552,"0000000000000000000000000000000000000000000000000000000000000000000001f402f901f082e7088084"
244941,244936,4,5,"84305974"
244946,240265,224,4681,"8301591c940872ec4426103482a50f26ffc32acefcec61b3c980b901c4d4dfd6bc0000000000000000000000000000000000000000000000000000000000000000000000000000000000000000000000000000000000000000000000000000000000000000000000000000000000000000000000000000000000000000000000000000000000000000000000000000000000000000000000000000000000000001000000000000000000000000000000000000000000000000000000000000000100000000000000000000000000000000000000000000000000000000652212"
245171,240490,160,4681,"00000000000000000000000000000000000000000000000000000000000000000000000000000000000000000000000000000000000000000000000000000005000000000000000000000000000000000000000000000000000000000000000000000000000000000000000000000000000000000000000000000000000001400000000000000000000000000000000000000000000000000000000000000041"
245396,202105,75,43291,"00000000000000000000000000000000000000000000000000000000000000c000000000000000000000000000000000000000000000000000000000000000000000000000000000000000"
245473,210178,3,35295,"728084"
245476,244942,3,534,"305974"
245511,216368,4,29143,"0000b844"
245519,229264,13,16255,"0000000000000000000000000c"
245551,245266,32,285,"0000000000000000000000000000000000000000000000000000000000000001"
245583,244074,47,1509,"82e7088080000000000000000000000000000000000000000000000000000000000000000000000000000000000000"
245631,236159,3,9472,"db02f9"
245635,236163,4,9472,"d782e708"
245640,245475,5,165,"8430597419"
245645,245475,6,170,"843059741983"
245655,192061,20,53594,"6352a56caadc4f1e25cd6c75970fa768a3304e64"
245681,236209,3,9472,"8000b9"
245690,244722,13,968,"0000000000000000000000002b"
245722,213011,63,32711,"000000000000000000000000000000000000000000000000000000000000006000000000000000000000000000000000000000000000000000000000000001"
245786,231854,44,13932,"000000000000000000000000eeeeeeeeeeeeeeeeeeeeeeeeeeeeeeeeeeeeeeee000000000000000000000000"
245830,244758,32,1072,"176211869ca2b568f2a7d4ee941e073a821ee1ff000000000000000000000000"
245862,245702,32,160,"2b5f704ab7061fb4dbfc5876b024f4bdb2f5e8b6000000000000000000000000"
245914,242117,26,3797,"0000000000000000000000000000000000000000000000000018"
245940,245677,6,263,"de76816d8000"
245946,245945,29,1,"0000000000000000000000000000000000000000000000000000000000"
245978,245946,29,32,"0000000000000000000000000000000000000000000000000000000000"
246010,245253,44,757,"0000000000000000000000000000000000000000000000000000000000000000000000000000000000000000"
246074,245267,63,807,"000000000000000000000000000000000000000000000000000000000000014000000000000000000000000000000000000000000000000000000000000000"
246137,241471,95,4666,"0000000000000000000000000000000000000000000000000000000000000000040000000000000000000000000000000000000000000000000000000000000080000000000000000000000000000000000000000000000000000000000000"
246234,241856,63,4378,"000000000000000000000000000000000000000000000000000000000000044000000000000000000000000000000000000000000000000000000000000005"
246297,233776,45,12521,"60000000000000000000000000e5d7c2a44ffddf6b295a15c148167daaaf5cf34f000000000000000000000000"
246342,246341,45,1,"000000000000000000000000000000000000000000000000000000000000000000000000000000000000000000"
246387,245939,36,448,"18de76816d80000000000000000000000000000000000000000000000000000000000000"
246423,233966,34,12457,"00008000000000000000000000000000000000000000000000000000000000000000"
246457,229633,96,16824,"04d0e30db000000000000000000000000000000000000000000000000000000000000000000000000000000000000000000000000000000000000000000000000000000000000000000000000000000000000000000000000000000000000000"
246553,246552,64,1,"00000000000000000000000000000000000000000000000000000000000000000000000000000000000000000000000000000000000000000000000000000000"
246617,213074,32,33543,"8000000000000000000000000000000000000000000000000000000000000002"
246654,246298,47,356,"000000000000000000000000e5d7c2a44ffddf6b295a15c148167daaaf5cf34f000000000000000000000000000000"
246702,245091,47,1611,"0000000000000000000000000000000100000000000000000000000000000000000000000000000000000000000000"
246750,243946,32,2804,"0000000000000000000000000000000000000000000000000000000000000044"
246782,246490,158,292,"0000000000000000000000000000000000000000000000000000000000000000000000000000000000000000000000000000000000000000000000000000000000000000000000000000000000000000000000000000000000000000000000000000000000000000000000000000000000000000000000000000000000000080000000000000000000000000000000000000000000000000000000000000"
246946,246928,12,18,"000000000000000000000000"
246978,245043,76,1935,"00000000000000000000000000000000000000000000000000000000000000000000000000000000000000000000000000000000000000000000000000000001000000000000000000000000"
247054,245702,51,1352,"2b5f704ab7061fb4dbfc5876b024f4bdb2f5e8b600000000000000000000000000000000000000000000000000000000000000"
247106,222752,32,24354,"000000000000000000000000000000000000000000000000000000000000002e"
247138,246666,22,472,"e5d7c2a44ffddf6b295a15c148167daaaf5cf34f0000"
247161,245830,22,1331,"176211869ca2b568f2a7d4ee941e073a821ee1ff0000"
247184,246462,155,722,"0000000000000000000000000000000000000000000000000000000000000000000000000000000000000000000000000000000000000000000000000000000000000000000000000000000000000000000000000000000000000000000000000000000000000000000000000000000000000000000000000000000000000000000000000000000000000000000000000000000000000000000000"
247339,246863,77,476,"0000000000000000000000000000000000000000000000000000000000000000000000000000000000000000000080000000000000000000000000000000000000000000000000000000000000"
247416,244698,2,2718,"0064"
247422,245818,44,1604,"000000000000000000000000176211869ca2b568f2a7d4ee941e073a821ee1ff000000000000000000000000"
247488,245980,74,1508,"000000000000000000000000000000000000000000000000000000afb72e0000000000000000000000000000000000000000000000000000000000000000000000000000000000000000"
247562,246798,143,764,"0000000000000000000000000000000000000000000000000000000000000000000000000000000000000000000000000000000000000000000000000000000000000000000000000000000000000000000000000000000000000000000000000000000000000000000000000000008000000000000000000000000000000000000000000000000000000000000001"
247706,246650,16,1056,"9f865422000000000000000000000000"
247722,244758,35,2964,"176211869ca2b568f2a7d4ee941e073a821ee1ff000000000000000000000000000000"
247757,246701,239,1056,"0100000000000000000000000000000001000000000000000000000000000000000000000000000000000000000000008000000000000000000000000000000000000000000000000000000000000000440000000000000000000000000000000000000000000000000000000000000000000000000000000000000000000000000000000000000000000000000000000000000000000000000000000000000000000000000000000000000000000000000000000000000000000000000000000000000000000000000000000000000080000000000000000000000000000000000000000000000000000000000000"
247996,247416,2,580,"0064"
248002,247710,44,292,"000000000000000000000000176211869ca2b568f2a7d4ee941e073a821ee1ff000000000000000000000000"
248046,245894,45,2152,"622fffe61d52ca3cd9df1416c553e511e48eaeca00000000000000000000000000000000000000000000000000"
248091,211441,63,36650,"000000000000010000000000000000000000000000000000000000000000000000000000000000000000000000000000000000000000000000000000000000"
248155,245435,42,2720,"00000000000000000000000000000000000000000000000000000000000000000000000074f872808430"
248200,245480,26,2720,"83016a1194629d74d459f072914f0b2aab9f7232fa36c1baed87"
248231,245511,20,2720,"0000b8447648ce45000000000000000000000000"
248271,245551,79,2720,"000000000000000000000000000000000000000000000000000000000000000182e7088080000000000000000000000000000000000000000000000000000000000000000000000000000000000000"
248360,186356,3,62004,"008304"
248393,233256,4,15137,"0000b903"
248402,233425,63,14977,"000000000000000000000000000000000000000000000000000000000000006000000000000000000000000000000000000000000000000000000000000000"
248465,197708,32,50757,"c000000000000000000000000000000000000000000000000000000000000001"
248497,244378,45,4119,"200000000000000000000000000000000000000000000000000000000000000002000000000000000000000000"
248542,247138,20,1404,"e5d7c2a44ffddf6b295a15c148167daaaf5cf34f"
248562,245798,20,2764,"eeeeeeeeeeeeeeeeeeeeeeeeeeeeeeeeeeeeeeee"
248582,211821,37,36761,"eeeeeeeeeeeeeeeeeeeeeeee00000000000000000000000000000000000000000000000000"
248619,210697,67,37922,"00000000000002000000000000000000000000000000000000000000000000000000000000000000000000000000000000000000000000000000000000000000000000"
248686,229694,67,18992,"00000000000000000000000000000000000000000000000000000000000000000000000200000000000000000000000000000000000000000000000000000000000000"
248753,244442,32,4311,"4000000000000000000000000000000000000000000000000000000000000001"
248787,209715,12,39072,"000000000000000000000025"
248818,248402,94,416,"000000000000000000000000000000000000000000000000000000000000006000000000000000000000000000000000000000000000000000000000000000c0000000000000000000000000000000000000000000000000000000000000"
248912,248720,18,192,"000200000000000000000000000000000000"
248931,228185,15,20746,"ffffffffffffffffffffffffffffff"
248947,242183,24,6764,"00000000000000000000000000000000000000000000001c"
248971,248388,7,583,"fa10eff3040000"
248978,245202,95,3776,"0000000000000000000000000000000000000000000000000000000000000000050000000000000000000000000000000000000000000000000000000000000000000000000000000000000000000000000000000000000000000000000000"
249074,247074,63,2000,"00000000000000000000000000000000000000000000000000000000000000a000000000000000000000000000000000000000000000000000000000000000"
249138,248096,16,1042,"00010000000000000000000000000000"
249154,248938,8,216,"ffffffffffffffff"
249168,239334,78,9834,"0000000000000000000000000000000000000000000000000000000000000000000082e7088080000000000000000000000000000000000000000000000000000000000000000000000000000000"
249252,215364,5,33888,"82e7081184"
249261,249256,4,5,"842f0864"
249271,229130,20,20141,"ce8f24a58d85ed5c5a6824f7be1f8d4711a0eb4c"
249298,248393,3,905,"0000b9"
249301,229276,222,20025,"0c44a11b11980000000000000000000000000000000000000000000000000000000000000020000000000000000000000000000000000000000000000000000000000000012000000000000000000000000000000000000000000000000000000000000001600000000000000000000000000000000000000000000000000000000000000180000000000000000000000000e5d7c2a44ffddf6b295a15c148167daaaf5cf34f000000000000000000000000cb28fbe3e9c0fea62e0e63ff3f232cecfe555ad4000000000000000000000000000000000000000000000000"
249523,249292,8,231,"016345785d8a0000"
249531,229506,256,20025,"0000000000000000000000000000000000000000000000000000000000000001000000000000000000000000292fc50e4eb66c3f6514b9e402dbc25961824d6200000000000000000000000000000000000000000000000000000000000001e00000000000000000000000000000000000000000000000000000000000000004d0e30db000000000000000000000000000000000000000000000000000000000000000000000000000000000000000000000000000000000000000000000000000000000000000000000000000000000000000000000000000000000000000020000000000000000000000000000000000000000000000000000000000000000"
249531,229506,156,20025,"0000000000000000000000000000000000000000000000000000000000000001000000000000000000000000292fc50e4eb66c3f6514b9e402dbc25961824d6200000000000000000000000000000000000000000000000000000000000001e00000000000000000000000000000000000000000000000000000000000000004d0e30db0000000000000000000000000000000000000000000000000"
249943,249523,20,420,"016345785d8a0000000000000000000000000000"
249963,249799,32,164,"e5d7c2a44ffddf6b295a15c148167daaaf5cf34f000000000000000000000000"
250015,229990,76,20025,"000000000000000000000000b8f275fbf7a959f4bce59999a2ef122a099e81a80000000000000000000000005523985926aa12ba58dc5ad00ddca99678d7227e000000000000000000000000"
250091,249995,32,96,"58c45a80ce70cb14824ead2c395bed7207b58f52000000000000000000000000"
250123,230098,224,20025,"000000000000000000000000000000000000dbe00000000000000000000000000000000000000000000000000000000000000200000000000000000000000000cb28fbe3e9c0fea62e0e63ff3f232cecfe555ad40000000000000000000000000000000000000000000000000000000000000260000000000000000000000000b8f275fbf7a959f4bce59999a2ef122a099e81a800000000000000000000000000000000000000000000000000000000000005800000000000000000000000000000000000000000000000000000000000000064000000000000000000000000"
250347,250091,20,256,"58c45a80ce70cb14824ead2c395bed7207b58f52"
250367,229093,9,21274,"73796d62696f736973"
250380,230355,175,20025,"0000000000000000000000000000000000000000000000000000000000000000000000000000000000000000000000000000020000000000000000000000006ca6fcbd2fe65f0cb7671f5f0638867fdc991462000000000000000000000000e3db9ad5a3c6387bece39fafc26dbb2b594fb7ff00000000000000000000000000000000000000000000000000000000000002e41e859a05000000000000000000000000000000000000000000000000"
250555,249523,39,1032,"016345785d8a000000000000000000000000000000000000000000000000000000000000000000"
250594,230569,256,20025,"c00000000000000000000000000000000000000000000000000000000000000200000000000000000000000000000000000000000000000000000000000000024000000000000000000000000000000000000000000000000000000000000002a0000000000000000000000000b79a4f5828eb55c10d7abf4bfe9a9f5d11aa84e00000000000000000000000000000000000000000000000000000000000000001000000000000000000000000000000000000000000000000000000000000002000000000000000000000000000000000000000000000000000000000000000c48f6bdeaa000000000000000000000000000000000000000000000000000000"
250594,230569,61,20025,"c0000000000000000000000000000000000000000000000000000000000000020000000000000000000000000000000000000000000000000000000000"
250917,249917,27,1000,"800000000000000000000000000000000000000000000000000001"
250951,230926,61,20025,"000000000000000000000000b79a4f5828eb55c10d7abf4bfe9a9f5d11aa84e00000000000000000000000000000000000000000000000000000000064"
251015,230990,256,20025,"000000000000000000000000000000000000000000000000000000000000000000000000000000000000000000000000000000000000000000000001000000000000000000000000bcc2637dfa64999f75abb53a7265b5b4932e40eb00000000000000000000000000000000000000000000000000000000000000020000000000000000000000006ca6fcbd2fe65f0cb7671f5f0638867fdc991462000000000000000000000000e3db9ad5a3c6387bece39fafc26dbb2b594fb7ff0000000000000000000000000000000000000000000000000000000000000001000000000000000000000000000000000000000000000000000000000000006400000000"
251015,230990,148,20025,"000000000000000000000000000000000000000000000000000000000000000000000000000000000000000000000000000000000000000000000001000000000000000000000000bcc2637dfa64999f75abb53a7265b5b4932e40eb00000000000000000000000000000000000000000000000000000000000000020000000000000000000000006ca6fcbd2fe65f0cb7671f5f"
251427,231402,172,20025,"000000000000000000000000b79a4f5828eb55c10d7abf4bfe9a9f5d11aa84e00000000000000000000000006e2b76966cbd9cf4cc2fa0d76d24d5241e0abc2f000000000000000000000000e3db9ad5a3c6387bece39fafc26dbb2b594fb7ff00000000000000000000000000000000000000000000000000000000000001a000000000000000000000000000000000000000000000000000000000000000c4000000000000000000000000"
251599,250091,32,1508,"58c45a80ce70cb14824ead2c395bed7207b58f52000000000000000000000000"
251631,231606,64,20025,"39de19c9ff25693a2311aad1dc5c790194084a39000000000000000000000000b0d30ad9c1a7b303977db7ea073a4329d930d94c000000000000000000000000"
251695,250091,50,1604,"58c45a80ce70cb14824ead2c395bed7207b58f52000000000000000000000000000000000000000000000000000000000000"
251747,250367,62,1380,"73796d62696f7369732d61707000000000000000000000000000000000000000000000000000000000000000000000000000000000000000000000000000"
251809,231784,146,20025,"022812aa3caf000000000000000000000000a9305c3c14757bae2e73ef7f66fe241f5f6bf3470000000000000000000000005aea5775959fbc2557cc8789bc1bf90a239d9a91000000000000000000000000eeeeeeeeeeeeeeeeeeeeeeeeeeeeeeeeeeeeeeee000000000000000000000000a9305c3c14757bae2e73ef7f66fe241f5f6bf347000000000000000000000000"
251955,251695,44,260,"58c45a80ce70cb14824ead2c395bed7207b58f52000000000000000000000000000000000000000000000000"
252007,251975,25,32,"00000000000000000000000000000000000000000000000001"
252039,232014,256,20025,"0000000000000000000000000000000000000000000000000000000000000004000000000000000000000000000000000000000000000000000000000000014000000000000000000000000000000000000000000000000000000000000001600000000000000000000000000000000000000000000000000000000000000000000000000000000000000000000000000000000000000000000000000000008a00000000000000000000000000000000000000000000006c00005600001a0020d6bdbf785aea5775959fbc2557cc8789bc1bf90a239d9a9141215aea5775959fbc2557cc8789bc1bf90a239d9a9100042e1a7d4d000000000000000000000000"
252039,232014,148,20025,"00000000000000000000000000000000000000000000000000000000000000040000000000000000000000000000000000000000000000000000000000000140000000000000000000000000000000000000000000000000000000000000016000000000000000000000000000000000000000000000000000000000000000000000000000000000000000000000000000000000"
252444,212220,42,40224,"00000000000000000000000000000000000000000000000000000000000000000000007202f86f82e708"
252487,249256,11,3231,"842f0864eb842f0864f583"
252499,234076,2,18423,"007d"
252501,204149,40,48352,"94009a0b7c38b542208936f1179151cd08e294383380b844830cbbbd000000000000000000000000"
252541,216388,46,36153,"c7d8489dae3d2ebef075b1db2257e2c231c9d2310000000000000000000000000000000000000000000000000007"
252593,204241,54,48352,"c00000000000000000000000000000000000000000000000000000000000000000000000000000000000000000013302f9012f82e708"
252648,252487,10,161,"842f0864eb842f0864f5"
252658,219026,129,33632,"827e5494d1a3abf42f9e66be86cfdea8c5c2c74f041c5e1480b901045b7d7482000000000000000000000000000000000000000000000000000000000000004000000000000000000000000000000000000000000000000000000000000000a0000000000000000000000000000000000000000000000000000000000000004039"
252790,201702,3,51088,"323061"
252799,235547,3,17252,"366138"
252804,204493,3,48311,"373935"
252814,189180,3,63634,"363231"
252817,218108,3,34709,"643435"
252820,219728,3,33092,"626434"
252825,236915,3,15910,"653933"
252829,218253,4,34576,"65613863"
252837,237212,3,15625,"613862"
252844,219310,3,33534,"633539"
252850,235410,33,17440,"000000000000000000000000000000000000000000000000000000000000004030"
252892,204475,3,48417,"623962"
252895,215125,3,37770,"366661"
252899,219604,3,33295,"343931"
252903,188116,4,64787,"34626636"
252908,235554,3,17354,"313137"
252921,218548,3,34373,"383639"
252925,236877,3,16048,"383938"
252928,235189,3,17739,"636461"
252936,218580,3,34356,"396661"
252941,218454,3,34487,"356635"
252944,215184,46,37760,"3539c000000000000000000000000000000000000000000000000000000000000000000000000000000000000000"
252990,234238,9,18752,"029402f9029082e708"
253000,252487,11,513,"842f0864eb842f0864f583"
253014,232534,256,20480,"94032b241de86a8660f1ae0691a4760b426ea246d780b90264ac9650d800000000000000000000000000000000000000000000000000000000000000200000000000000000000000000000000000000000000000000000000000000002000000000000000000000000000000000000000000000000000000000000004000000000000000000000000000000000000000000000000000000000000001a0000000000000000000000000000000000000000000000000000000000000012475ceafe6000000000000000000000000000000000000000000000000000000000000002000000000000000000000000000000000000000000000000000000000000000"
253014,232534,61,20480,"94032b241de86a8660f1ae0691a4760b426ea246d780b90264ac9650d80000000000000000000000000000000000000000000000000000000000000020"
253335,253177,25,158,"00000000000000000000000000000000000000000000000001"
253366,227596,31,25770,"800000000000000000000000000000000000000000000000000000000064fa"
253399,232919,53,20480,"000000000000000000000000000000000000000000000000000000000000002b176211869ca2b568f2a7d4ee941e073a821ee1ff00"
253452,190435,102,63017,"01f4e5d7c2a44ffddf6b295a15c148167daaaf5cf34f0000000000000000000000000000000000000000000000000000000000000000000000000000000000000000000000000000000000000000000000000000000000000000000000000000000000000000"
253554,234802,49,18752,"4449404b7c0000000000000000000000000000000000000000000000000000000000000000000000000000000000000000"
253623,245399,72,8224,"00000000000000000000000000000000000000000000000000000000c000000000000000000000000000000000000000000000000000000000000000000000000000000000000000"
253695,235647,6,18048,"3202f082e708"
253702,252648,11,1054,"842f0864eb842f0864f582"
253713,240168,3,13545,"520894"
253746,188486,46,65260,"00000000000000000000000000000000000000000000000000000000000000000000000000000000000000000030"
253792,236064,5,17728,"02ee82e708"
253798,253000,11,798,"842f0864eb842f0864f583"
253809,236081,78,17728,"010b3694cce9d3f392c135dc038b147ca73ec496f7f89d938084183ff085c00000000000000000000000000000000000000000000000000000000000000000000000000000000000000000000001"
253888,252640,3,1248,"02f901"
253892,253794,3,98,"82e708"
253896,249256,12,4640,"842f0864eb842f0864f58304"
253910,218678,21,35232,"94272e156df8da513c69cb41cc7a99185d53f926bb"
253938,249298,3,4640,"0000b9"
253941,218701,18,35240,"0104a8c9ed67000000000000000000000000"
253959,236394,83,17565,"e5d7c2a44ffddf6b295a15c148167daaaf5cf34f000000000000000000000000176211869ca2b568f2a7d4ee941e073a821ee1ff00000000000000000000000000000000000000000000000000000000000000"
254042,218802,64,35240,"280000000000000000000000000b652eff5070c4c2251a3309ef0f90cee17161f20000000000000000000000000000000000000000000000000000000064fa8a"
254107,253082,25,1025,"00000000000000000000000000000000000000000000000002"
254132,253933,7,199,"7f7d0bdb920000"
254139,224130,29,30009,"0000000000000000000000000000000000000000000000000000000011"
254171,252411,68,1760,"0000000000000000000000000000000000000000000000000000000000000000c00000000000000000000000000000000000000000000000000000000000000000000000"
254239,244127,7,10112,"7102f86e82e708"
254252,254247,4,5,"842ef1ea"
254257,204945,43,49312,"82eb8694176211869ca2b568f2a7d4ee941e073a821ee1ff80b844095ea7b3000000000000000000000000"
254320,251237,30,3083,"000000000000000000000000000000000000000000000000000000000064"
254352,244240,47,10112,"c000000000000000000000000000000000000000000000000000000000000000000000000000000000000000000002"
254400,252992,3,1408,"02f902"
254404,216482,6,37922,"82e7082c842e"
254410,254249,8,161,"f1ea4f842ef1ea59"
254422,243469,21,10953,"94678aa4bf4e210cf2166753e054d5b7c31cc7fa86"
254450,236209,4,18241,"8000b901"
254455,243494,35,10961,"5ae401dc0000000000000000000000000000000000000000000000000000000064fa86"
254491,236250,126,18241,"000000000000000000000000000000000000000000000000000000000000004000000000000000000000000000000000000000000000000000000000000000010000000000000000000000000000000000000000000000000000000000000020000000000000000000000000000000000000000000000000000000000000"
254617,190193,82,64424,"0124b858183f00000000000000000000000000000000000000000000000000000000000000200000000000000000000000000000000000000000000000000000000000000080000000000000000000000000"
254719,254374,25,345,"00000000000000000000000000000000000000000000000002"
254744,254445,7,299,"9f767fa68c8000"
254751,209282,29,45469,"0000000000000000000000000000000000000000000000000000000012"
254783,190359,32,64424,"0000000000000000000000000000000000000000000000000000000000000042"
254815,253959,21,856,"e5d7c2a44ffddf6b295a15c148167daaaf5cf34f00"
254838,253991,22,847,"176211869ca2b568f2a7d4ee941e073a821ee1ff0000"
254881,252385,94,2496,"00000000000000000000000000000000000000000000000000000000000000000000000000000000000000000000000000000000000000000000c00000000000000000000000000000000000000000000000000000000000000000000000"
254975,254239,7,736,"7102f86e82e708"
254982,217734,3,37248,"05842e"
254985,254249,9,736,"f1ea4f842ef1ea5982"
254996,254260,40,736,"94176211869ca2b568f2a7d4ee941e073a821ee1ff80b844095ea7b3000000000000000000000000"
255036,204189,49,50847,"2ad69a0cf272b9941c7ddcada7b0273e9046c4b00000000000000000000000000000000000000000000000000000000052"
255088,215312,47,39776,"c000000000000000000000000000000000000000000000000000000000000000000000000000000000000000000001"
255135,252639,8,2496,"3302f9012f82e708"
255144,254983,11,161,"842ef1ea4f842ef1ea5982"
255155,252659,127,2496,"7e5494d1a3abf42f9e66be86cfdea8c5c2c74f041c5e1480b901045b7d7482000000000000000000000000000000000000000000000000000000000000004000000000000000000000000000000000000000000000000000000000000000a00000000000000000000000000000000000000000000000000000000000000040"
255302,236953,3,18349,"643466"
255307,237174,3,18133,"626563"
255311,237282,3,18029,"666564"
255318,204437,3,50881,"373532"
255321,236822,3,18499,"343934"
255324,237300,3,18024,"316435"
255329,236932,4,18397,"31653461"
255336,236962,3,18374,"376662"
255340,219744,4,35596,"61353739"
255345,204497,33,50848,"640000000000000000000000000000000000000000000000000000000000000040"
255385,235138,3,20247,"316233"
255388,235148,3,20240,"656633"
255391,255292,3,99,"343537"
255394,219303,3,36091,"616665"
255398,219731,3,35667,"316334"
255410,219269,3,36141,"653366"
255437,255321,3,116,"343934"
255441,218257,46,37184,"31c00000000000000000000000000000000000000000000000000000000000000000000000000000000000000001"
255487,218655,8,36832,"3402f9013082e708"
255502,255497,3,5,"842eeb"
255507,255154,128,353,"827e5494d1a3abf42f9e66be86cfdea8c5c2c74f041c5e1480b901045b7d7482000000000000000000000000000000000000000000000000000000000000004000000000000000000000000000000000000000000000000000000000000000a00000000000000000000000000000000000000000000000000000000000000040"
255635,219289,3,36346,"623338"
255639,219610,3,36029,"333935"
255642,255400,3,242,"343433"
255648,252821,3,2827,"643438"
255655,252900,3,2755,"393134"
255660,252790,3,2870,"323061"
255665,237295,3,18370,"666464"
255671,219291,3,36380,"383835"
255674,235457,3,20217,"323236"
255678,218199,3,37479,"306266"
255681,255286,3,395,"353237"
255687,219166,3,36521,"353537"
255699,237234,33,18465,"000000000000000000000000000000000000000000000000000000000000004037"
255732,235207,3,20525,"353637"
255735,218235,3,37500,"323936"
255741,218559,3,37182,"636662"
255746,218215,3,37531,"633738"
255751,204495,3,51256,"356664"
255765,237322,3,18443,"383435"
255772,215175,5,40597,"3432613130"
255780,218210,3,37570,"306633"
255783,255652,3,131,"346332"
255786,236963,3,18823,"666237"
255795,234899,52,20896,"c0000000000000000000000000000000000000000000000000000000000000000000000000000000000000013302f9012f82e708"
255848,255497,138,351,"842eebaff8842eebb002827e5494d1a3abf42f9e66be86cfdea8c5c2c74f041c5e1480b901045b7d7482000000000000000000000000000000000000000000000000000000000000004000000000000000000000000000000000000000000000000000000000000000a00000000000000000000000000000000000000000000000000000000000000040"
255996,255774,3,222,"613130"
255999,236829,3,19170,"633532"
256002,235564,3,20438,"633730"
256009,237317,3,18692,"313534"
256012,219171,4,36841,"37323539"
256019,255740,3,279,"636366"
256026,218098,3,37928,"646237"
256031,236855,3,19176,"656539"
256034,252813,3,3221,"643632"
256038,235204,3,20834,"663336"
256043,215135,3,40908,"363666"
256049,235153,33,20896,"370000000000000000000000000000000000000000000000000000000000000040"
256083,204544,3,51539,"323065"
256088,255672,3,416,"383532"
256091,256015,3,76,"393666"
256096,218233,3,37863,"646432"
256100,237327,3,18773,"396163"
256116,252903,3,3213,"346266"
256120,235220,3,20900,"333833"
256125,255645,3,480,"396432"
256129,235124,3,21005,"313361"
256133,255407,3,726,"656438"
256137,219643,3,36494,"353132"
256140,236859,3,19281,"356164"
256147,255090,44,1057,"0000000000000000000000000000000000000000000000000000000000000000000000000000000000000000"
256195,255844,3,351,"82e708"
256204,256199,4,5,"842d72ce"
256213,252501,23,3712,"94009a0b7c38b542208936f1179151cd08e294383380b8"
256241,243027,76,13214,"00000000000000000000000000000000000000000000000000000000000000200000000000000000000000000000000000000000000000000000000000000001000000000000000000000000"
256317,252541,20,3776,"c7d8489dae3d2ebef075b1db2257e2c231c9d231"
256337,192113,99,64224,"c00000000000000000000000000000000000000000000000000000000000000000000000000000000000000000010df9010a01842aea5400829d78940872ec4426103482a50f26ffc32acefcec61b3c980b8e4f242432a000000000000000000000000"
256438,208233,2,48205,"005b"
256455,238311,248,18144,"45000000000000000000000000aec3cacef9457ff2821d9f85429ce3d90b0014590000000000000000000000000000000000000000000000000000000000000005000000000000000000000000000000000000000000000000000000000000000100000000000000000000000000000000000000000000000000000000000000a00000000000000000000000000000000000000000000000000000000000000000000000000000000000000000000000000000000000000000000000000000000082e70880800000000000000000000000000000000000000000000000000000000000000000000000000000000000000000000000000001"
256703,256383,53,320,"0df9010a01842aea5400829d78940872ec4426103482a50f26ffc32acefcec61b3c980b8e4f242432a000000000000000000000000"
256776,239176,256,17600,"000000000000000000000000aec3cacef9457ff2821d9f85429ce3d90b0014590000000000000000000000000000000000000000000000000000000000000005000000000000000000000000000000000000000000000000000000000000000100000000000000000000000000000000000000000000000000000000000000a00000000000000000000000000000000000000000000000000000000000000000000000000000000000000000000000000000000000000000000000000000000082e70880800000000000000000000000000000000000000000000000000000000000000000000000000000000000000000000000000001eff901ec80842aea54"
256776,239176,224,17600,"000000000000000000000000aec3cacef9457ff2821d9f85429ce3d90b0014590000000000000000000000000000000000000000000000000000000000000005000000000000000000000000000000000000000000000000000000000000000100000000000000000000000000000000000000000000000000000000000000a00000000000000000000000000000000000000000000000000000000000000000000000000000000000000000000000000000000000000000000000000000000082e7088080000000000000000000000000000000000000000000000000000000"
257258,245171,160,12087,"00000000000000000000000000000000000000000000000000000000000000000000000000000000000000000000000000000000000000000000000000000005000000000000000000000000000000000000000000000000000000000000000000000000000000000000000000000000000000000000000000000000000001400000000000000000000000000000000000000000000000000000000000000041"
257457,254974,2,2483,"0071"
257482,220906,138,36576,"1b0000000000000000000000000000000000000000000000000000000000000082e70880800000000000000000000000000000000000000000000000000000000000000000000000000000000000000000000000010df9010a01842aea5400829d78940872ec4426103482a50f26ffc32acefcec61b3c980b8e4f242432a000000000000000000000000"
257638,251890,2,5748,"00ee"
257640,220200,256,37440,"000000000000000000000000aec3cacef9457ff2821d9f85429ce3d90b0014590000000000000000000000000000000000000000000000000000000000000005000000000000000000000000000000000000000000000000000000000000000100000000000000000000000000000000000000000000000000000000000000a00000000000000000000000000000000000000000000000000000000000000000000000000000000000000000000000000000000000000000000000000000000082e70880800000000000000000000000000000000000000000000000000000000000000000000000000000000000000000000000000001eff901ec80842aea54"
257640,220200,225,37440,"000000000000000000000000aec3cacef9457ff2821d9f85429ce3d90b0014590000000000000000000000000000000000000000000000000000000000000005000000000000000000000000000000000000000000000000000000000000000100000000000000000000000000000000000000000000000000000000000000a00000000000000000000000000000000000000000000000000000000000000000000000000000000000000000000000000000000000000000000000000000000082e708808000000000000000000000000000000000000000000000000000000000"
258122,257258,160,864,"00000000000000000000000000000000000000000000000000000000000000000000000000000000000000000000000000000000000000000000000000000005000000000000000000000000000000000000000000000000000000000000000000000000000000000000000000000000000000000000000000000000000001400000000000000000000000000000000000000000000000000000000000000041"
258346,221770,256,36576,"1c0000000000000000000000000000000000000000000000000000000000000082e7088080000000000000000000000000000000000000000000000000000000000000000000000000000000000000000000000001eff901ec80842aea540083015f90940872ec4426103482a50f26ffc32acefcec61b3c980b901c4d4dfd6bc0000000000000000000000000000000000000000000000000000000000000000000000000000000000000000000000000000000000000000000000000000000000000000000000000000000000000000000000000000000000000000000000000000000000000000000000000000000000000000000000000000000000000001"
258346,221770,62,36576,"1c0000000000000000000000000000000000000000000000000000000000000082e708808000000000000000000000000000000000000000000000000000"
258666,258122,160,544,"00000000000000000000000000000000000000000000000000000000000000000000000000000000000000000000000000000000000000000000000000000005000000000000000000000000000000000000000000000000000000000000000000000000000000000000000000000000000000000000000000000000000001400000000000000000000000000000000000000000000000000000000000000041"
258890,222314,137,36576,"1b0000000000000000000000000000000000000000000000000000000000000082e7088080000000000000000000000000000000000000000000000000000000000000000000000000000000000000000000000000ecf8ea01842aea5400829b28940872ec4426103482a50f26ffc32acefcec61b3c980b8c4f242432a000000000000000000000000"
259047,194375,228,64672,"00000000000000000000000001e4a663fffaf1430d3a36588b2c14b72231d8b40000000000000000000000000000000000000000000000000000000000000005000000000000000000000000000000000000000000000000000000000000000100000000000000000000000000000000000000000000000000000000000000a0000000000000000000000000000000000000000000000000000000000000000082e70880800000000000000000000000000000000000000000000000000000000000000000000000000000000000000000000000000000002ceb55842aea540082520894"
259295,222719,68,36576,"865af3107a40008082e70880800000000000000000000000000000000000000000000000000000000000000000000000000000000000000000000000000000002eed8202"
259364,259266,9,98,"842aea540082520894"
259393,222817,64,36576,"8654953ff6d0008082e7088080000000000000000000000000000000000000000000000000000000000000000000000000000000000000000000000000002ceb"
259457,240161,10,19296,"54842aea540082520894"
259487,222911,96,36576,"865af3107a40008082e70880800000000000000000000000000000000000000000000000000000000000000000000000000000000000000000000000000000000000000000000000000000000000000000000000000000000000000000000002"
259624,244026,20,15598,"3d391afffed2255a2dd00325c3a96a5a8e023ff8"
259644,240972,20,18672,"e28033a9bd54202d5f2487dd2c8518f48f4f07c2"
259664,244587,20,15077,"8a8c879d39a74fce0593714956bb7ed048a5c1bf"
259704,245531,20,14173,"0c4cf64741bf6022f21fd4ed8ae947531e5c98fa"
259724,248046,20,11678,"622fffe61d52ca3cd9df1416c553e511e48eaeca"
259744,248251,20,11493,"34af47a8b0dd8d8e5a7947572dccf4e47e89431d"
259784,251955,20,7829,"58c45a80ce70cb14824ead2c395bed7207b58f52"
259844,253603,20,6241,"596758cbbf0b118da13bcf95a69eed050ab97a0d"
259892,259581,1,311,"00"
259904,254055,20,5849,"0b652eff5070c4c2251a3309ef0f90cee17161f2"
259924,208504,20,51420,"10103d79ac194eb0c4cc75742bda65c18dff335b"
259944,254699,20,5245,"59abe1e264f657d70c3ab5109d424f7f01a8729c"
259964,208564,20,51400,"42601170d8cb28522671979bd89a708b93ac11b1"
260044,208644,20,51400,"8e07475701065b2a7dfdd8ffa03823d83bfbb361"
260064,256436,20,3628,"b4ec005be8a1f1460973450d1a25286670972545"
260084,256756,20,3328,"fa6b399edcaf993cf4668f54e690f2635ed01cbd"
260124,257620,20,2504,"5288a5414b642b75acf5405aa9e7b2fcfa2f00ee"
260184,259027,20,1157,"bf71745e89f8dd304961bf1369d635d83c310934"
260204,223588,92,36616,"9dbad420963e53775a51ea9aad4afa3af6e5d75301e4a663fffaf1430d3a36588b2c14b72231d8b4f6f8b5bc021ff67a9932346447dd7e78aa6742240000000000000000000000000000000000000000000000000000000000000000"
260296,234827,25,25469,"0000000000000000000000000000000000000000000000000d"
260352,243123,31,17229,"0000000000000000000000000000000000000000000000000000000064fa85"
260384,208960,63,51424,"00000000000000000000000000000000000000000000000000000000000000c000000000000000000000000000000000000000000000000000000000000036"
260447,224543,63,35904,"8000000000000000000000000000000000000000000000000000000000000036a0000000000000000000000000000000000000000000000000000000000000"
260512,260384,31,128,"00000000000000000000000000000000000000000000000000000000000000"
260544,248320,31,12224,"00000000000000000000000000000000000000000000000000000000000003"
260576,242016,31,18560,"0000000000000000000000000000000000000000000000000000000000000b"
260607,209183,32,51424,"a00000000000000000000000000000000000000000000000000000000000000c"
260639,224095,32,36544,"4000000000000000000000000000000000000000000000000000000000000010"
260672,260640,30,32,"000000000000000000000000000000000000000000000000000000000000"
260704,209312,31,51392,"00000000000000000000000000000000000000000000000000000000000016"
260735,209407,32,51328,"4000000000000000000000000000000000000000000000000000000000000019"
260768,209440,31,51328,"0000000000000000000000000000000000000000000000000000000000001a"
260800,209440,62,51360,"0000000000000000000000000000000000000000000000000000000000001ac0000000000000000000000000000000000000000000000000000000000000"
260864,223873,31,36991,"0000000000000000000000000000000000000000000000000000000000001d"
260896,260864,30,32,"000000000000000000000000000000000000000000000000000000000000"
260928,196032,62,64896,"00000000000000000000000000000000000000000000000000000000000020a0000000000000000000000000000000000000000000000000000000000000"
260992,209760,31,51232,"00000000000000000000000000000000000000000000000000000000000027"
261024,242240,62,18784,"0000000000000000000000000000000000000000000000000000000000002a00000000000000000000000000000000000000000000000000000000000000"
261088,253400,31,7688,"0000000000000000000000000000000000000000000000000000000000002b"
261120,259425,31,1695,"0000000000000000000000000000000000000000000000000000000000002c"
261151,196383,32,64768,"e00000000000000000000000000000000000000000000000000000000000002e"
261184,242400,62,18784,"0000000000000000000000000000000000000000000000000000000000003040000000000000000000000000000000000000000000000000000000000000"
261248,261216,31,32,"00000000000000000000000000000000000000000000000000000000000032"
261279,224479,63,36800,"c00000000000000000000000000000000000000000000000000000000000003320000000000000000000000000000000000000000000000000000000000000"
261344,241952,31,19392,"00000000000000000000000000000000000000000000000000000000000008"
261380,259495,3,1885,"82e708"
261389,261384,5,5,"8432a9f880"
261394,248361,3,13033,"830474"
261399,228148,20,33251,"6131b5fae19ea4f9d964eac0408e4408b66337b5"
261427,256241,44,5186,"0000000000000000000000000000000000000000000000000000000000000020000000000000000000000000"
261491,202681,94,58810,"000000000000000000000000000000000000000000000000000000000000000000000000000000000000000000000000000000000000000000000000000000a0000000000000000000000000000000000000000000000000000000000000"
261587,259080,31,2507,"00000000000000000000000000000000000000000000000000000000000005"
261618,250142,32,11476,"e000000000000000000000000000000000000000000000000000000000000002"
261651,256241,63,5410,"000000000000000000000000000000000000000000000000000000000000002000000000000000000000000000000000000000000000000000000000000000"
261715,261702,12,13,"000000000000000000000000"
261745,261726,1,19,"00"
261747,253979,44,7768,"000000000000000000000000176211869ca2b568f2a7d4ee941e073a821ee1ff000000000000000000000000"
261811,254075,31,7736,"0000000000000000000000000000000000000000000000000000000064fa8a"
261843,222976,32,38867,"0000000000000000000000000000000000000000000000000000000000000280"
261875,250723,95,11152,"0000000000000000000000000000000000000000000000000000000000000001000000000000000000000000000000000000000000000000000000000000002000000000000000000000000000000000000000000000000000000000000000"
261970,261906,64,64,"01000000000000000000000000000000000000000000000000000000000000002000000000000000000000000000000000000000000000000000000000000000"
262039,253079,59,8960,"0000000000000000000000000000000000000000000000000000000200000000000000000000000000000000000000000000000000000000000000"
262099,261459,44,640,"000000000000000000000000d1b47490209ccb7a806e8a45d9479490c040abf4000000000000000000000000"
262163,261715,76,448,"0000000000000000000000004af15ec2a0bd43db75dd04e62faa3b8ef36b00d5000000000000000000000000176211869ca2b568f2a7d4ee941e073a821ee1ff000000000000000000000000"
262239,231918,13,30321,"000000000000000000000000e2"
262259,258506,95,3753,"0000000000000000000000000000000000000000000000000000000000000000000000000000000000000000000000000000000000000000000000000000000000000000000000000000000000000000000000000000000000000000000000"
262355,260655,16,1700,"00000000000000000000000000000010"
262371,262357,13,14,"00000000000000000000000000"
262387,262163,88,224,"0000000000000000000000004af15ec2a0bd43db75dd04e62faa3b8ef36b00d5000000000000000000000000176211869ca2b568f2a7d4ee941e073a821ee1ff000000000000000000000000000000000000000000000000"
262475,249395,39,13080,"000000000000016000000000000000000000000000000000000000000000000000000000000001"
262514,202744,63,59770,"a000000000000000000000000000000000000000000000000000000000000001e0000000000000000000000000000000000000000000000000000000000000"
262578,228587,14,33991,"000000000000000000000000000f"
262592,261792,43,800,"e7561bc2a17115c5ad8284f29995c07c54e973000000000000000000000000000000000000000000000000"
262635,262251,37,384,"e239959decb156e80000000000000000000000000000000000000000000000000000000000"
262675,259520,63,3155,"000000000000000000000000000000000000000000000000000000000000000000000000000000000000000000000000000000000000000000000000000002"
262738,261938,45,800,"200000000000000000000000000000000000000000000000000000000000000001000000000000000000000000"
262783,261471,51,1312,"d1b47490209ccb7a806e8a45d9479490c040abf400000000000000000000000000000000000000000000000000000000000000"
262835,262227,127,608,"000000000000000000000000000000000000000000000000e239959decb156e80000000000000000000000000000000000000000000000000000000000000000000000000000000000000000000000000000000000000000000000000000000000000000000000000000000000000000000000000000000000000000000000"
262962,262803,32,159,"0000000000000000000000000000000000000000000000000000000000000001"
263026,201564,3,61462,"555344"
263029,263003,3,26,"223a22"
263036,236820,3,26216,"363634"
263042,235578,3,27464,"333130"
263045,236871,3,26174,"383437"
263048,263015,9,33,"222c22416d6f756e74"
263060,263026,10,34,"555344223a2231362e33"
263071,236838,3,26233,"343235"
263075,235478,3,27597,"333036"
263078,263048,3,30,"222c22"
263089,263063,3,26,"223a22"
263092,263078,3,14,"222c22"
263126,263062,5,64,"44223a2231"
263131,263092,3,39,"222c22"
263137,229086,3,34051,"6e6174"
263142,263002,4,140,"65223a22"
263162,218571,3,44591,"656434"
263414,263196,3,218,"567734"
263493,253637,58,9856,"0000000000000000000000000000c000000000000000000000000000000000000000000000000000000000000000000000000000000000000000"
263551,252479,7,11072,"7202f86f82e708"
263564,263559,4,5,"84305f2e"
263594,255017,3,8577,"80b844"
263601,199344,57,64257,"0000000000000000000000000cab6977a9c70e04458b740476b498b21401964100000000000000000000000000000000000000000000000000"
263658,243404,50,20254,"00000000000001c0000000000000000000000000000000000000000000000000000000000000000000000000000000000000"
263708,252068,3,11640,"000004"
263711,235743,3,27968,"1b02f9"
263715,235747,4,27968,"1782e708"
263720,248195,5,15525,"8430558cfe"
263725,248195,6,15530,"8430558cfe83"
263734,248365,21,15369,"941d0188c4b276a09366d05d6be06af61a73bc7535"
263766,248398,66,15368,"d3115a8a0000000000000000000000000000000000000000000000000000000000000060000000000000000000000000000000000000000000000000000000000000"
263832,258601,33,5231,"010000000000000000000000000000000000000000000000000000000000000001"
263866,252039,44,11827,"0000000000000000000000000000000000000000000000000000000000000004000000000000000000000000"
263910,262431,32,1479,"176211869ca2b568f2a7d4ee941e073a821ee1ff000000000000000000000000"
263962,262847,13,1115,"000000000000000000000000e2"
263994,248562,63,15432,"eeeeeeeeeeeeeeeeeeeeeeeeeeeeeeeeeeeeeeeeeeeeeeeeeeeeeeeeeeeeeeee00000000000000000000000000000000000000000000000000000000000000"
264058,247226,159,16832,"000000000000000000000000000000000000000000000000000000000000000000000000000000000000000000000000000000000000000000000000000000000000000000000000000000000000000000000000000000000000000000000000000000000000000000000000000000000000000000000000000000000000000000000000000000000000000000000000000000000000000000000000000000"
264217,253106,64,11111,"02000000000000000000000000000000000000000000000000000000000000004000000000000000000000000000000000000000000000000000000000000001"
264282,263962,32,320,"000000000000000000000000e2c67a9b15e9e7ff8a9cb0dfb8fee5609923e5db"
264314,249042,63,15272,"000000000000000000000000000000000000000000000000000000000000006000000000000000000000000000000000000000000000000000000000000000"
264377,201976,62,62401,"e000000000000000000000000000000000000000000000000000000000000000030000000000000000000000000000000000000000000000000000000000"
264443,249139,23,15304,"010000000000000000000000000000ffffffffffffffff"
264466,264465,3,1,"ffffff"
264475,253307,25,11168,"0000000000000000000000000000000000000000000000000e"
264500,263757,6,743,"17961b6efc07"
264506,258569,44,5937,"0000000000000000000000000000000000000000000000000000000000000000010000000000000000000000"
264550,264294,83,256,"e2c67a9b15e9e7ff8a9cb0dfb8fee5609923e5db000000000000000000000000000000000000000000000000000000000000006000000000000000000000000000000000000000000000000000000000000000"
264633,248881,33,15752,"c00000000000000000000000000000000000000000000000000000000000000002"
264668,264635,31,33,"00000000000000000000000000000000000000000000000000000000000002"
264700,248916,30,15784,"00000000000000000000000000007fffffffffffffffffffffffffffffff"
264730,232442,69,32288,"0000000000000000000000000000000000000000000000000000000000000000c0000000000000000000000000000000000000000000000000000000000000000000000002"
264799,213855,3,50944,"d402f9"
264803,213859,4,50944,"d082e708"
264808,263720,12,1088,"8430558cfe8430558cfe8304"
264829,210357,2,54472,"0090"
264836,263377,3,1459,"626e79"
264843,253035,3,11808,"80b902"
264851,264769,30,82,"000000000000000000000000000000000000000000000000000000000002"
264883,203482,62,61401,"000000000000000000000000469358b4724ba9581282605f800922bf543c1d45000000000000000000000000000000000000000000000000000000000000"
264945,202743,33,62202,"00a000000000000000000000000000000000000000000000000000000000000001"
264978,216754,63,48224,"600000000000000000000000000000000000000000000000000000000000000220000000000000000000000000000000000000000000000000000000000000"
265041,259109,30,5932,"000500000000000000000000000000000000000000000000000000000000"
265075,265043,31,32,"000000000000000000000000000000000000000000000000000000000c1d06"
265107,265075,31,32,"000000000000000000000000000000000000000000000000000000000c1d06"
265139,265107,31,32,"000000000000000000000000000000000000000000000000000000000c1d06"
265171,265139,31,32,"000000000000000000000000000000000000000000000000000000000c1d06"
265203,259079,61,6124,"00000000000000000000000000000000000000000000000000000000000000050000000000000000000000000000000000000000000000000000000000"
265264,264880,15,384,"02a16d000000000000000000000000"
265279,265247,145,32,"000000000000000000000000000000000002a16d000000000000000000000000000000000000000000000000000000000002a16d000000000000000000000000000000000000000000000000000000000002a16d000000000000000000000000000000000000000000000000000000000002a16d0000000000000000000000000000000000000000000000000000000000"
265424,258823,3,6601,"000041"
265491,245395,75,20096,"1c00000000000000000000000000000000000000000000000000000000000000c0000000000000000000000000000000000000000000000000000000000000000000000000000000000000"
265571,234247,3,31324,"028430"
265574,248197,5,17377,"558cfe8301"
265581,233229,30,32352,"9480e38291e06339d10aab483c65695d004dbd5c6987470de4df820000b9"
265613,233261,59,32352,"2cc4081e00000000000000000000000000000000000000000000000000000000000000600000000000000000000000000000000000000000000000"
265680,215512,31,50168,"e50000000000000000000000000000000000000000000000000000000064fa"
265713,233361,191,32352,"000000000000000000000000000000000000000000000000000000000000000100000000000000000000000000000000000000000000000000000000000000200000000000000000000000000000000000000000000000000000000000000060000000000000000000000000000000000000000000000000000000000000000000000000000000000000000000000000000000000000000000470de4df82000000000000000000000000000000000000000000000000000000000000000000"
265904,265744,45,160,"010000000000000000000000000000000000000000000000000000000000000020000000000000000000000000"
265949,233629,192,32320,"7f72e0d8e9abf9133a92322b8b50bd8e0f9dcfcb0000000000000000000000000000000000000000000000000000000000000080000000000000000000000000000000000000000000000000000000000000000000000000000000000000000000000000000000000000000000000000000001000000000000000000000000000000000000000000000000000000000000000060000000000000000000000000e5d7c2a44ffddf6b295a15c148167daaaf5cf34f000000000000000000000000"
266141,234109,129,32032,"c9eee68292a3f290b4b33e58b1b1dba695665d9f0000000000000000000000000000000000000000000000000000000000000002000000000000000000000000000000000000000000000000000000000000000082e708808000000000000000000000000000000000000000000000000000000000000000000000000000000000"
266271,261375,3,4896,"5402f9"
266275,261379,4,4896,"5082e708"
266279,233219,3,33060,"048430"
266282,264810,9,1472,"558cfe8430558cfe83"
266294,263734,21,2560,"941d0188c4b276a09366d05d6be06af61a73bc7535"
266315,225957,3,40358,"80b903"
266318,248397,145,17921,"24d3115a8a000000000000000000000000000000000000000000000000000000000000006000000000000000000000000000000000000000000000000000000000000000c000000000000000000000000000000000000000000000000000000000000001200000000000000000000000000000000000000000000000000000000000000002000000000000000000000000"
266463,263910,20,2553,"176211869ca2b568f2a7d4ee941e073a821ee1ff"
266483,248562,92,17921,"eeeeeeeeeeeeeeeeeeeeeeeeeeeeeeeeeeeeeeeeeeeeeeeeeeeeeeeeeeeeeeee000000000000000000000000000000000000000000000000000000000000000200000000000000000000000000000000000000000000000000000000"
266579,248658,128,17921,"0000000000000000000000000000000000000000000000000000000000000000000000000000000000000000000000000000000000000000000000000000000200000000000000000000000000000000000000000000000000000000000000400000000000000000000000000000000000000000000000000000000000000120"
266707,264282,95,2425,"000000000000000000000000e2c67a9b15e9e7ff8a9cb0dfb8fee5609923e5db000000000000000000000000000000000000000000000000000000000000006000000000000000000000000000000000000000000000000000000000000000"
266802,248881,34,17921,"c0000000000000000000000000000000000000000000000000000000000000000200"
266836,264699,31,2137,"0200000000000000000000000000007fffffffffffffffffffffffffffffff"
266869,264700,62,2169,"00000000000000000000000000007fffffffffffffffffffffffffffffff0000000000000000000000000000000000000000000000000000000000000000"
266931,249010,128,17921,"0500000000000000000000000000000000000000000000000000000000000000000000000000000000000000000000000000000000000000000000000000006000000000000000000000000000000000000000000000000000000000000000a00000000000000000000000000000000000000000000000000000000000000001"
267060,264443,24,2617,"010000000000000000000000000000ffffffffffffffffff"
267091,218931,75,48160,"0000000000000000000000000000000000000000000000000000000000000000c0000000000000000000000000000000000000000000000000000000000000000000000000000000000000"
267166,252478,112,14688,"007202f86f82e70802842f0864eb842f0864f58305007d94009a0b7c38b542208936f1179151cd08e294383380b844830cbbbd000000000000000000000000c7d8489dae3d2ebef075b1db2257e2c231c9d231000000000000000000000000000000000000000000000000000712efaf"
267281,253745,52,13536,"c00000000000000000000000000000000000000000000000000000000000000000000000000000000000000000003002ee82e708"
267334,254408,11,12926,"842ef1ea4f842ef1ea5983"
267345,253809,77,13536,"010b3694cce9d3f392c135dc038b147ca73ec496f7f89d938084183ff085c000000000000000000000000000000000000000000000000000000000000000000000000000000000000000000000"
267422,267326,7,96,"003002ee82e708"
267429,254982,11,12447,"05842ef1ea4f842ef1ea59"
267440,267344,78,96,"83010b3694cce9d3f392c135dc038b147ca73ec496f7f89d938084183ff085c000000000000000000000000000000000000000000000000000000000000000000000000000000000000000000000"
267520,264800,3,2720,"02f902"
267524,267426,3,98,"82e708"
267528,255848,10,11680,"842eebaff8842eebb002"
267570,253036,134,14534,"b90264ac9650d800000000000000000000000000000000000000000000000000000000000000200000000000000000000000000000000000000000000000000000000000000002000000000000000000000000000000000000000000000000000000000000004000000000000000000000000000000000000000000000000000000000000001"
267704,202776,32,64928,"e000000000000000000000000000000000000000000000000000000000000001"
267741,213431,94,54310,"0000000000000000000000007d43aabc515c356145049227cee54b608342c0ad000000000000000000000000e5d7c2a44ffddf6b295a15c148167daaaf5cf34f000000000000000000000000000000000000000000000000000000000000"
267837,228171,29,39666,"ffffffffffffffffffffffffffffffffffffffffffffffffffffffffff"
267869,267837,30,32,"fffffffffffffffffffffffffffffffffffffffffffffffffffffffffffe"
267901,250531,29,17370,"000000000000000000000000000000000000000000000000016345785d"
267933,261316,27,6617,"000000000000000000000000000000000000000000000000000035"
267960,267565,5,395,"64ae1d40b6"
267965,267901,25,64,"00000000000000000000000000000000000000000000000001"
267997,261252,27,6745,"000000000000000000000000000000000000000000000000000032"
268029,213751,60,54278,"0000000000000000000000009344dc76389a6f8aa2cdbf0ff21240282d3bc1e900000000000000000000000000000000000000000000000000000000"
268089,254487,3,13602,"64fa86"
268093,244799,127,23294,"00000000000000000000000000000000000000000000000000000000000000000000000000000000000000000000000000000000000000000000000412210e8a00000000000000000000000000000000000000000000000000000000c000000000000000000000000000000000000000000000000000000000000000000000"
268220,255836,11,12384,"0000013302f9012f82e708"
268232,255848,138,12384,"842eebaff8842eebb002827e5494d1a3abf42f9e66be86cfdea8c5c2c74f041c5e1480b901045b7d7482000000000000000000000000000000000000000000000000000000000000004000000000000000000000000000000000000000000000000000000000000000a00000000000000000000000000000000000000000000000000000000000000040"
268373,255430,3,12943,"613030"
268382,218195,3,50187,"376431"
268385,255995,3,12390,"336131"
268392,252928,3,15464,"636461"
268400,215173,4,53227,"30313432"
268407,236941,3,31466,"653365"
268411,255639,3,12772,"333935"
268416,256105,3,12311,"626666"
268419,235147,3,33272,"316566"
268429,256100,4,12329,"39616364"
268433,237233,33,31200,"660000000000000000000000000000000000000000000000000000000000000040"
268470,219284,3,49186,"623861"
268473,237324,3,31149,"353366"
268476,256141,3,12335,"616437"
268485,237321,3,31164,"643834"
268488,236960,3,31528,"643037"
268491,204530,3,63961,"653162"
268497,252919,3,15578,"633038"
268501,235117,3,33384,"643333"
268504,215164,3,53340,"646135"
268507,215124,3,53383,"613666"
268510,237197,3,31313,"373730"
268513,252906,3,15607,"366531"
268523,215076,3,53447,"643732"
268530,235250,56,33280,"c000000000000000000000000000000000000000000000000000000000000000000000000000000000000000013302f9012f82e70802842e"
268586,268234,136,352,"ebaff8842eebb002827e5494d1a3abf42f9e66be86cfdea8c5c2c74f041c5e1480b901045b7d7482000000000000000000000000000000000000000000000000000000000000004000000000000000000000000000000000000000000000000000000000000000a00000000000000000000000000000000000000000000000000000000000000040"
268724,215074,3,53650,"323564"
268729,268389,3,340,"616532"
268732,235461,3,33271,"386239"
268735,268482,3,253,"336438"
268738,235444,3,33294,"663637"
268747,252789,3,15958,"613230"
268751,215042,3,53709,"656532"
268754,237297,3,31457,"643736"
268757,236868,3,31889,"633636"
268765,219629,4,49136,"31393262"
268770,252927,3,15843,"386364"
268774,252898,3,15876,"383439"
268782,215139,3,53643,"656661"
268785,252849,33,15936,"630000000000000000000000000000000000000000000000000000000000000040"
268818,218493,3,50325,"383336"
268824,235483,4,33341,"32396264"
268835,256006,3,12829,"343762"
268838,235226,3,33612,"633765"
268841,252917,3,15924,"646163"
268845,236947,3,31898,"636536"
268862,255383,4,13479,"35623162"
268866,219708,3,49158,"376266"
268869,263043,4,5826,"31303834"
268873,268743,3,130,"336439"
268878,268730,3,148,"653238"
268883,226575,44,42308,"0000000000000000000000000000000000000000000000000000000000000000000000000000000000000003"
268927,252991,3,15936,"9402f9"
268931,234243,6,34688,"9082e7080284"
268937,267529,10,1408,"2eebaff8842eebb00283"
268971,225957,4,43014,"80b90364"
268979,263898,44,5081,"000000000000000000000000176211869ca2b568f2a7d4ee941e073a821ee1ff000000000000000000000000"
269023,266495,48,2528,"eeeeeeeeeeeeeeeeeeeeeeeeeeeeeeeeeeeeeeee00000000000000000000000000000000000000000000000000000000"
269075,269046,25,29,"00000000000000000000000000000000000000000000000000"
269107,262451,126,6656,"000000000000000000000000000000000000000000000000000000000000016000000000000000000000000000000000000000000000000000000000000001a000000000000000000000000000000000000000000000000000000000000001e0000000000000000000000000000000000000000000000000000000000000"
269233,266062,32,3171,"0001000000000000000000000000000000000000000000000000000000000000"
269267,264379,60,4888,"000000000000000000000000000000000000000000000000000000000000030000000000000000000000000000000000000000000000000000000000"
269327,261839,3,7488,"64fa8a"
269331,269203,44,128,"0000000000000000000000000000000000000000000000000000000000000001000000000000000000000000"
269395,269331,44,64,"0000000000000000000000000000000000000000000000000000000000000001000000000000000000000000"
269459,267609,44,1850,"0000000000000000000000000000000000000000000000000000000000000002000000000000000000000000"
269503,269439,32,64,"f5d215d9c84778f85746d15762daf39b9e83a2d6000000000000000000000000"
269535,268951,20,584,"03e89fc55a5ad0531576e5a502c4ca52c8bf391b"
269555,265713,108,3842,"000000000000000000000000000000000000000000000000000000000000000100000000000000000000000000000000000000000000000000000000000000200000000000000000000000000000000000000000000000000000000000000060000000000000000000000000"
269663,243706,64,25957,"176211869ca2b568f2a7d4ee941e073a821ee1ff000000000000000000000000e5d7c2a44ffddf6b295a15c148167daaaf5cf34f000000000000000000000000"
269747,268626,63,1121,"000000000000000000000000000000000000000000000000000000000000004000000000000000000000000000000000000000000000000000000000000000"
269810,212184,71,57626,"000000000000000000000000000000000000000000000000000000000000000000c000000000000000000000000000000000000000000000000000000000000000000000000000"
269881,269485,6,396,"000000000002"
269888,267520,3,2368,"02f902"
269892,237380,6,32512,"82e70880842e"
269898,268938,9,960,"ebaff8842eebb00283"
269910,265581,22,4329,"9480e38291e06339d10aab483c65695d004dbd5c6987"
269937,265608,64,4329,"0000b902642cc4081e00000000000000000000000000000000000000000000000000000000000000600000000000000000000000000000000000000000000000"
270010,265681,31,4329,"0000000000000000000000000000000000000000000000000000000064fab4"
270042,265713,153,4329,"000000000000000000000000000000000000000000000000000000000000000100000000000000000000000000000000000000000000000000000000000000200000000000000000000000000000000000000000000000000000000000000060000000000000000000000000000000000000000000000000000000000000000000000000000000000000000000000000000000000000000000"
270195,269932,7,263,"6a94d74f430000"
270202,265873,256,4329,"000000000000000000000000000000000000000000000000000000000000000100000000000000000000000000000000000000000000000000000000000000200000000000000000000000007f72e0d8e9abf9133a92322b8b50bd8e0f9dcfcb0000000000000000000000000000000000000000000000000000000000000080000000000000000000000000000000000000000000000000000000000000000000000000000000000000000000000000000000000000000000000000000001000000000000000000000000000000000000000000000000000000000000000060000000000000000000000000e5d7c2a44ffddf6b295a15c148167daaaf5cf34f"
270202,265873,12,4329,"000000000000000000000000"
270470,234851,48,35619,"0da089cdb26d21c74ad2a7cc9f91d4d188d940a700000000000000000000000000000000000000000000000000000000"
270518,266189,36,4329,"000000020000000000000000000000000000000000000000000000000000000000000000"
270554,264762,37,5792,"c0000000000000000000000000000000000000000000000000000000000000000000000002"
270591,216575,3,54016,"b402f9"
270595,216579,4,54016,"b082e708"
270599,268935,3,1664,"02842e"
270605,270600,4,5,"842ee621"
270614,212886,23,57728,"94f82537fb6c56a3b50092d3951f84f5f6c835b4f580b9"
270638,212910,35,57728,"845ae401dc0000000000000000000000000000000000000000000000000000000064fa"
270675,243530,127,27145,"00000000000000000000000000000000000000000000000000000000000000400000000000000000000000000000000000000000000000000000000000000002000000000000000000000000000000000000000000000000000000000000004000000000000000000000000000000000000000000000000000000000000001"
270802,253170,33,17632,"a00000000000000000000000000000000000000000000000000000000000000124"
270835,254619,80,16216,"b858183f00000000000000000000000000000000000000000000000000000000000000200000000000000000000000000000000000000000000000000000000000000080000000000000000000000000"
270915,270719,48,196,"000000000000000000000000000000000000000200000000000000000000000000000000000000000000000000000000"
270967,270938,25,29,"00000000000000000000000000000000000000000000000000"
270999,254783,32,16216,"0000000000000000000000000000000000000000000000000000000000000042"
271051,267834,3,3217,"0009c4"
271054,267753,22,3301,"7d43aabc515c356145049227cee54b608342c0ad0000"
271077,253454,100,17623,"e5d7c2a44ffddf6b295a15c148167daaaf5cf34f0000000000000000000000000000000000000000000000000000000000000000000000000000000000000000000000000000000000000000000000000000000000000000000000000000000000000000"
271177,253545,39,17632,"0000000000000000004449404b7c00000000000000000000000000000000000000000000000000"
271216,270992,19,224,"78477f58b52ddc000000000000000000000000"
271235,212519,32,58716,"9e586e1ac1bb00a67fc25e1dbd35a2f5b8eb2eab000000000000000000000000"
271267,267107,60,4160,"00000000000000000000000000000000c000000000000000000000000000000000000000000000000000000000000000000000000000000000000000"
271327,267423,6,3904,"3002ee82e708"
271339,271334,4,5,"842d7831"
271344,253808,79,17536,"83010b3694cce9d3f392c135dc038b147ca73ec496f7f89d938084183ff085c00000000000000000000000000000000000000000000000000000000000000000000000000000000000000000000001"
271423,257567,53,13856,"0df9010a01842aea5400829d78940872ec4426103482a50f26ffc32acefcec61b3c980b8e4f242432a000000000000000000000000"
271476,260144,20,11332,"a61234fde61641b89daf3de527abbc65ae9dff91"
271496,256456,256,15040,"000000000000000000000000aec3cacef9457ff2821d9f85429ce3d90b0014590000000000000000000000000000000000000000000000000000000000000005000000000000000000000000000000000000000000000000000000000000000100000000000000000000000000000000000000000000000000000000000000a00000000000000000000000000000000000000000000000000000000000000000000000000000000000000000000000000000000000000000000000000000000082e708808000000000000000000000000000000000000000000000000000000000000000000000000000000000000000000000000000010df9010a01842aea54"
271496,256456,44,15040,"000000000000000000000000aec3cacef9457ff2821d9f85429ce3d90b001459000000000000000000000000"
271796,260104,20,11692,"110e17cdd59b699fe717e90117e080b67f3a4d1a"
271816,271496,256,320,"000000000000000000000000aec3cacef9457ff2821d9f85429ce3d90b0014590000000000000000000000000000000000000000000000000000000000000005000000000000000000000000000000000000000000000000000000000000000100000000000000000000000000000000000000000000000000000000000000a00000000000000000000000000000000000000000000000000000000000000000000000000000000000000000000000000000000000000000000000000000000082e708808000000000000000000000000000000000000000000000000000000000000000000000000000000000000000000000000000010df9010a01842aea54"
271816,271496,44,320,"000000000000000000000000aec3cacef9457ff2821d9f85429ce3d90b001459000000000000000000000000"
272116,260164,20,11952,"ad634bb72b65728b4d64f43978dda9245eeb4410"
272136,239176,256,32960,"000000000000000000000000aec3cacef9457ff2821d9f85429ce3d90b0014590000000000000000000000000000000000000000000000000000000000000005000000000000000000000000000000000000000000000000000000000000000100000000000000000000000000000000000000000000000000000000000000a00000000000000000000000000000000000000000000000000000000000000000000000000000000000000000000000000000000000000000000000000000000082e70880800000000000000000000000000000000000000000000000000000000000000000000000000000000000000000000000000001eff901ec80842aea54"
272136,239176,225,32960,"000000000000000000000000aec3cacef9457ff2821d9f85429ce3d90b0014590000000000000000000000000000000000000000000000000000000000000005000000000000000000000000000000000000000000000000000000000000000100000000000000000000000000000000000000000000000000000000000000a00000000000000000000000000000000000000000000000000000000000000000000000000000000000000000000000000000000000000000000000000000000082e708808000000000000000000000000000000000000000000000000000000000"
272618,258666,160,13952,"00000000000000000000000000000000000000000000000000000000000000000000000000000000000000000000000000000000000000000000000000000005000000000000000000000000000000000000000000000000000000000000000000000000000000000000000000000000000000000000000000000000000001400000000000000000000000000000000000000000000000000000000000000041"
272842,258346,256,14496,"1c0000000000000000000000000000000000000000000000000000000000000082e7088080000000000000000000000000000000000000000000000000000000000000000000000000000000000000000000000001eff901ec80842aea540083015f90940872ec4426103482a50f26ffc32acefcec61b3c980b901c4d4dfd6bc0000000000000000000000000000000000000000000000000000000000000000000000000000000000000000000000000000000000000000000000000000000000000000000000000000000000000000000000000000000000000000000000000000000000000000000000000000000000000000000000000000000000000001"
272842,258346,62,14496,"1c0000000000000000000000000000000000000000000000000000000000000082e708808000000000000000000000000000000000000000000000000000"
273162,272618,160,544,"00000000000000000000000000000000000000000000000000000000000000000000000000000000000000000000000000000000000000000000000000000005000000000000000000000000000000000000000000000000000000000000000000000000000000000000000000000000000000000000000000000000000001400000000000000000000000000000000000000000000000000000000000000041"
273386,240714,85,32672,"1c0000000000000000000000000000000000000000000000000000000000000082e7088080000000000000000000000000000000000000000000000000000000000000000000000000000000000000000000000000"
273471,239967,12,33504,"2ceb52842aea540082520894"
273503,240095,76,33408,"865af3107a40008082e70880800000000000000000000000000000000000000000000000000000000000000000000000000000000000000000000000000000002ceb54842aea540082520894"
273599,240191,256,33408,"865af3107a40008082e7088080000000000000000000000000000000000000000000000000000000000000000000000000000000000000000000000000000001eff901ec80842aea54008301591c940872ec4426103482a50f26ffc32acefcec61b3c980b901c4d4dfd6bc0000000000000000000000000000000000000000000000000000000000000000000000000000000000000000000000000000000000000000000000000000000000000000000000000000000000000000000000000000000000000000000000000000000000000000000000000000000000000000000000000000000000000001000000000000000000000000000000000000000000"
273599,240191,42,33408,"865af3107a40008082e70880800000000000000000000000000000000000000000000000000000000000"
273898,273162,160,736,"00000000000000000000000000000000000000000000000000000000000000000000000000000000000000000000000000000000000000000000000000000005000000000000000000000000000000000000000000000000000000000000000000000000000000000000000000000000000000000000000000000000000001400000000000000000000000000000000000000000000000000000000000000041"
274122,273386,87,736,"1c0000000000000000000000000000000000000000000000000000000000000082e70880800000000000000000000000000000000000000000000000000000000000000000000000000000000000000000000000002ceb"
274210,273570,9,640,"842aea540082520894"
274239,259487,95,14752,"865af3107a40008082e708808000000000000000000000000000000000000000000000000000000000000000000000000000000000000000000000000000000000000000000000000000000000000000000000000000000000000000000000"
274336,262591,20,11745,"0fe7561bc2a17115c5ad8284f29995c07c54e973"
274416,266141,20,8275,"c9eee68292a3f290b4b33e58b1b1dba695665d9f"
274516,268041,20,6475,"9344dc76389a6f8aa2cdbf0ff21240282d3bc1e9"
274595,241031,21,33564,"9f0da089cdb26d21c74ad2a7cc9f91d4d188d940a7"
274616,271235,20,3381,"9e586e1ac1bb00a67fc25e1dbd35a2f5b8eb2eab"
274656,271476,20,3180,"a61234fde61641b89daf3de527abbc65ae9dff91"
274676,271796,20,2880,"110e17cdd59b699fe717e90117e080b67f3a4d1a"
274696,272116,20,2580,"ad634bb72b65728b4d64f43978dda9245eeb4410"
274716,259275,20,15441,"c7fee4bb3e71e58c3a47dc710f476a55ba07f58d"
274736,259467,20,15269,"96a6a0b06d2bd52520ca2e4d37ce44160632fb11"
274756,241372,20,33384,"50ee2a1789f78174bf7fad3a2e9b21dec8ed0eb7"
274776,241352,20,33424,"b268e06dd9826e7c47c4b6bbc9f16df2d3bdc9ae"
274796,259373,20,15423,"df165cf0478ac962f563cdc7886f6654ac0fb4cf"
274816,241332,20,33484,"161dbc3f770dc97288eed3c864daba618a209a24"
274836,246343,45,28493,"000000000000000000000000000000000000000000000000000000000000000000000000000000000000000018"
274911,241663,32,33248,"330000000000000000000000000000000000000000000000000000000064fa85"
274944,270523,62,4421,"00000000000000000000000000000000000000000000000000000000000000c0000000000000000000000000000000000000000000000000000000000000"
275007,209887,32,65120,"e00000000000000000000000000000000000000000000000000000000000002c"
275039,274944,31,95,"00000000000000000000000000000000000000000000000000000000000000"
275072,275039,31,33,"00000000000000000000000000000000000000000000000000000000000000"
275104,268122,31,6982,"00000000000000000000000000000000000000000000000000000000000004"
275136,241888,62,33248,"0000000000000000000000000000000000000000000000000000000000000520000000000000000000000000000000000000000000000000000000000000"
275200,241920,62,33280,"0000000000000000000000000000000000000000000000000000000000000620000000000000000000000000000000000000000000000000000000000000"
275264,261344,31,13920,"00000000000000000000000000000000000000000000000000000000000008"
275296,241984,62,33312,"0000000000000000000000000000000000000000000000000000000000000960000000000000000000000000000000000000000000000000000000000000"
275359,223999,32,51360,"c00000000000000000000000000000000000000000000000000000000000000b"
275392,242016,62,33376,"0000000000000000000000000000000000000000000000000000000000000be0000000000000000000000000000000000000000000000000000000000000"
275456,275424,31,32,"0000000000000000000000000000000000000000000000000000000000000c"
275488,224032,63,51456,"0000000000000000000000000000000000000000000000000000000000000de000000000000000000000000000000000000000000000000000000000000010"
275551,229054,32,46497,"0000000000000000000000000000000000000000000000000000000000000010"
275584,224128,62,51456,"0000000000000000000000000000000000000000000000000000000000001140000000000000000000000000000000000000000000000000000000000000"
275648,260704,31,14944,"00000000000000000000000000000000000000000000000000000000000016"
275679,242111,32,33568,"a000000000000000000000000000000000000000000000000000000000000018"
275711,260512,32,15199,"0000000000000000000000000000000000000000000000000000000000000019"
275744,260800,31,14944,"0000000000000000000000000000000000000000000000000000000000001a"
275776,260832,62,14944,"0000000000000000000000000000000000000000000000000000000000001b20000000000000000000000000000000000000000000000000000000000000"
275840,242176,31,33664,"0000000000000000000000000000000000000000000000000000000000001c"
275872,242176,62,33696,"0000000000000000000000000000000000000000000000000000000000001cc0000000000000000000000000000000000000000000000000000000000000"
275936,275904,30,32,"000000000000000000000000000000000000000000000000000000000000"
275968,260896,31,15072,"0000000000000000000000000000000000000000000000000000000000001f"
276000,275968,31,32,"0000000000000000000000000000000000000000000000000000000000001f"
276032,260928,62,15104,"00000000000000000000000000000000000000000000000000000000000020a0000000000000000000000000000000000000000000000000000000000000"
276096,260960,31,15136,"00000000000000000000000000000000000000000000000000000000000024"
276127,275711,31,416,"00000000000000000000000000000000000000000000000000000000000000"
276160,260992,31,15168,"00000000000000000000000000000000000000000000000000000000000027"
276191,260991,32,15200,"6000000000000000000000000000000000000000000000000000000000000027"
276223,242207,32,34016,"c000000000000000000000000000000000000000000000000000000000000029"
276256,261056,31,15200,"0000000000000000000000000000000000000000000000000000000000002a"
276288,276256,31,32,"0000000000000000000000000000000000000000000000000000000000002a"
276320,224832,39,51488,"000000000000000000000000000000000000000000000000000000000000003602f482e70882ab"
276360,224872,16,51488,"8502040eba5285026b44df95825a3c94"
276396,224908,50,51488,"87354a6ba7a1800780c000000000000000000000000000000000000000000000000000000000000000000000000000000000"
276446,228094,4,48352,"006df86b"
276451,228099,7,48352,"8435a4e9008301"
276460,254260,60,22200,"94176211869ca2b568f2a7d4ee941e073a821ee1ff80b844095ea7b300000000000000000000000046a15b0b27311cedf172ab29e4f4766fbe7f4364"
276520,228168,87,48352,"ffffffffffffffffffffffffffffffffffffffffffffffffffffffffffffffff82e70880800000000000000000000000000000000000000000000000000000000000000000000000000000000000000000000000000000"
276610,244932,6,31678,"82e708808430"
276619,276614,4,5,"84305476"
276629,271077,20,5552,"e5d7c2a44ffddf6b295a15c148167daaaf5cf34f"
276656,243213,2,33443,"0084"
276658,249659,4,26999,"d0e30db0"
276663,245431,46,31232,"0000000000000000000000000000000000000000000000000000000000000000000000000000000074f872808430"
276712,248200,26,28512,"83016a1194629d74d459f072914f0b2aab9f7232fa36c1baed87"
276743,248231,20,28512,"0000b8447648ce45000000000000000000000000"
276783,248271,79,28512,"000000000000000000000000000000000000000000000000000000000000000182e7088080000000000000000000000000000000000000000000000000000000000000000000000000000000000000"
276867,267174,3,9693,"02842f"
276872,274214,2,2658,"0082"
276876,268597,125,8279,"94d1a3abf42f9e66be86cfdea8c5c2c74f041c5e1480b901045b7d7482000000000000000000000000000000000000000000000000000000000000004000000000000000000000000000000000000000000000000000000000000000a00000000000000000000000000000000000000000000000000000000000000040"
277001,237205,3,39796,"613361"
277006,256005,3,21001,"323437"
277010,268376,3,8634,"323530"
277013,263041,3,13972,"373331"
277017,237213,5,39804,"3862316138"
277025,268851,3,8174,"626335"
277028,218556,3,58472,"306634"
277031,237218,4,39813,"33623364"
277035,268384,3,8651,"313361"
277038,218248,3,58790,"386633"
277043,219714,3,57329,"653932"
277046,236968,3,40078,"646537"
277053,277001,3,52,"613361"
277059,235209,3,41850,"373161"
277064,236881,33,40183,"360000000000000000000000000000000000000000000000000000000000000040"
277097,252882,3,24215,"303938"
277102,255291,3,21811,"373435"
277105,268749,3,8356,"303365"
277108,235230,3,41878,"636638"
277111,235136,3,41975,"363531"
277114,218577,4,58537,"65383039"
277118,277030,3,88,"343362"
277121,277046,3,75,"646537"
277125,252844,4,24281,"63353931"
277130,218146,3,58984,"626535"
277134,235446,3,41688,"373965"
277137,218231,3,58906,"366464"
277142,256042,3,21100,"313636"
277145,256039,3,21106,"333631"
277148,218495,3,58653,"363832"
277154,255310,3,21844,"306665"
277161,276552,53,609,"82e7088080000000000000000000000000000000000000000000000000000000000000000000000000000000000000000000000000"
277219,252999,3,24220,"06842f"
277222,248358,4,28864,"af080083"
277229,235766,22,41463,"948731d54e9d02c286767d56ac03e8037c07e01e9888"
277259,235796,50,41463,"b8e41114cd2a00000000000000000000000000000000000000000000000000000000000000b8000000000000000000000000"
277329,276937,56,392,"00000000000000000000000000000000000000000000000000000000000000a0000000000000000000000000000000000000000000000000"
277393,277361,25,32,"00000000000000000000000000000000000000000000000002"
277425,235962,32,41463,"0000000000000000000000000000000000000000000000000000000000000014"
277457,277309,32,148,"0b1d908dc224767df7e38b3742663a74c69580ee000000000000000000000000"
277489,277161,45,328,"82e708808000000000000000000000000000000000000000000000000000000000000000000000000000000000"
277534,268574,9,8960,"013302f9012f82e708"
277544,255144,138,22400,"842ef1ea4f842ef1ea59827e5494d1a3abf42f9e66be86cfdea8c5c2c74f041c5e1480b901045b7d7482000000000000000000000000000000000000000000000000000000000000004000000000000000000000000000000000000000000000000000000000000000a00000000000000000000000000000000000000000000000000000000000000040"
277683,219614,3,58069,"326462"
277688,277031,3,657,"336233"
277692,255749,3,21943,"316535"
277697,255408,3,22289,"643865"
277702,255751,3,21951,"356664"
277706,252792,3,24914,"613936"
277710,268776,3,8934,"396439"
277716,252918,3,24798,"616330"
277720,219286,3,58434,"616162"
277723,255380,3,22343,"636232"
277729,256009,3,21720,"313534"
277733,219304,3,58429,"666530"
277736,237229,3,40507,"386165"
277739,236825,3,40914,"643462"
277742,252811,3,24931,"643464"
277746,268338,33,9408,"000000000000000000000000000000000000000000000000000000000000004064"
277780,277114,3,666,"653830"
277784,235479,3,42305,"303635"
277790,219281,3,58509,"396563"
277800,255987,3,21813,"333665"
277810,268466,3,9344,"336463"
277814,215130,3,62684,"313237"
277821,218207,3,59614,"363530"
277825,235556,3,42269,"376130"
277832,277060,3,772,"316136"
277837,268723,3,9114,"613235"
277842,215186,52,62656,"c000000000000000000000000000000000000000000000000000000000000000000000000000000000000000005102f84e82e708"
277894,216326,3,61568,"01842e"
277897,267432,10,10465,"f1ea4f842ef1ea598301"
277907,215251,107,62656,"0a3b949dba31e492b7e98b8195e254ee13b6b027e4a59d80a4a7f68792766f746500000000000000000000000000000000000000000000000000000000c0000000000000000000000000000000000000000000000000000000000000000000000000000000000000000000"
278014,267166,8,10848,"007202f86f82e708"
278023,277895,11,128,"842ef1ea4f842ef1ea5983"
278037,267189,24,10848,"94009a0b7c38b542208936f1179151cd08e294383380b844"
278061,216372,16,61689,"f2b9fdb8000000000000000000000000"
278077,255036,98,23041,"2ad69a0cf272b9941c7ddcada7b0273e9046c4b00000000000000000000000000000000000000000000000000000000052bf5678c0000000000000000000000000000000000000000000000000000000000000000000000000000000000000000000"
278175,271327,6,6848,"3002ee82e708"
278182,267334,95,10848,"842ef1ea4f842ef1ea5983010b3694cce9d3f392c135dc038b147ca73ec496f7f89d938084183ff085c000000000000000000000000000000000000000000000000000000000000000000000000000000000000000000000003002ee82e708"
278277,236069,3,42208,"27842e"
278280,278184,86,96,"f1ea4f842ef1ea5983010b3694cce9d3f392c135dc038b147ca73ec496f7f89d938084183ff085c000000000000000000000000000000000000000000000000000000000000000000000000000000000000000000000"
278366,215998,12,62368,"011a02f9011682e70801842e"
278378,278280,9,98,"f1ea4f842ef1ea5983"
278390,216022,22,62368,"948731d54e9d02c286767d56ac03e8037c07e01e9887"
278418,235795,51,42623,"1eb8e41114cd2a00000000000000000000000000000000000000000000000000000000000000b8000000000000000000000000"
278489,277618,57,871,"00000000000000000000000000000000000000000000000000000000000000a000000000000000000000000000000000000000000000000000"
278552,270908,27,7644,"000000000000000000000000000000000000000000000000000002"
278584,235961,33,42623,"000000000000000000000000000000000000000000000000000000000000000014"
278617,278469,32,148,"2e508411a50ad2acdebf4551f97c7785f3e610bc000000000000000000000000"
278649,268185,38,10464,"c000000000000000000000000000000000000000000000000000000000000000000000000001"
278687,244927,8,33760,"f402f901f082e708"
278696,278376,11,320,"842ef1ea4f842ef1ea5983"
278707,237395,223,41312,"0205aa940872ec4426103482a50f26ffc32acefcec61b3c980b901c4d4dfd6bc0000000000000000000000000000000000000000000000000000000000000000000000000000000000000000000000000000000000000000000000000000000000000000000000000000000000000000000000000000000000000000000000000000000000000000000000000000000000000000000000000000000000000001000000000000000000000000000000000000000000000000000000000000000100000000000000000000000000000000000000000000000000000000652212"
278931,273898,160,5033,"00000000000000000000000000000000000000000000000000000000000000000000000000000000000000000000000000000000000000000000000000000005000000000000000000000000000000000000000000000000000000000000000000000000000000000000000000000000000000000000000000000000000001400000000000000000000000000000000000000000000000000000000000000041"
279155,237843,75,41312,"1b00000000000000000000000000000000000000000000000000000000000000c0000000000000000000000000000000000000000000000000000000000000000000000000000000000000"
279230,254974,8,24256,"007102f86e82e708"
279238,255143,12,24095,"10842ef1ea4f842ef1ea5982"
279252,276460,40,2792,"94176211869ca2b568f2a7d4ee941e073a821ee1ff80b844095ea7b3000000000000000000000000"
279312,279201,30,111,"000000000000000000000000000000000000000000000000000000000000"
279345,244081,53,35264,"000000000000000000000000000000000000000000000000000000000000000000000000000000000000000000007102f86e82e708"
279399,279239,11,160,"842ef1ea4f842ef1ea5982"
279413,262399,20,17014,"4af15ec2a0bd43db75dd04e62faa3b8ef36b00d5"
279433,279273,19,160,"80b844095ea7b3000000000000000000000000"
279452,254423,20,25029,"678aa4bf4e210cf2166753e054d5b7c31cc7fa86"
279472,278555,24,917,"000000000000000000000000000000000000000000000002"
279505,226573,46,52932,"00000000000000000000000000000000000000000000000000000000000000000000000000000000000000000003"
279551,245631,3,33920,"db02f9"
279555,245635,4,33920,"d782e708"
279560,269896,11,9664,"842eebaff8842eebb00283"
279574,269910,22,9664,"9480e38291e06339d10aab483c65695d004dbd5c6987"
279603,233258,67,46345,"b903a42cc4081e000000000000000000000000000000000000000000000000000000000000006000000000000000000000000000000000000000000000000000000000"
279674,270010,31,9664,"0000000000000000000000000000000000000000000000000000000064fab4"
279706,270042,153,9664,"000000000000000000000000000000000000000000000000000000000000000100000000000000000000000000000000000000000000000000000000000000200000000000000000000000000000000000000000000000000000000000000060000000000000000000000000000000000000000000000000000000000000000000000000000000000000000000000000000000000000000000"
279859,279596,7,263,"61afa6c14cc30d"
279866,233521,256,46345,"0000000000000000000000000000000000000000000000000000000000000002000000000000000000000000000000000000000000000000000000000000004000000000000000000000000000000000000000000000000000000000000001600000000000000000000000007f72e0d8e9abf9133a92322b8b50bd8e0f9dcfcb0000000000000000000000000000000000000000000000000000000000000080000000000000000000000000000000000000000000000000000000000000000000000000000000000000000000000000000000000000000000000000000001000000000000000000000000000000000000000000000000000000000000000060"
279866,233521,256,46345,"0000000000000000000000000000000000000000000000000000000000000002000000000000000000000000000000000000000000000000000000000000004000000000000000000000000000000000000000000000000000000000000001600000000000000000000000007f72e0d8e9abf9133a92322b8b50bd8e0f9dcfcb0000000000000000000000000000000000000000000000000000000000000080000000000000000000000000000000000000000000000000000000000000000000000000000000000000000000000000000000000000000000000000000001000000000000000000000000000000000000000000000000000000000000000060"
279866,233521,76,46345,"00000000000000000000000000000000000000000000000000000000000000020000000000000000000000000000000000000000000000000000000000000040000000000000000000000000"
280474,270490,100,9984,"00000000000000000000000000000000000000000000000000000000000000020000000000000000000000000000000000000000000000000000000000000000c00000000000000000000000000000000000000000000000000000000000000000000000"
280574,255838,148,24736,"013302f9012f82e70847842eebaff8842eebb002827e5494d1a3abf42f9e66be86cfdea8c5c2c74f041c5e1480b901045b7d7482000000000000000000000000000000000000000000000000000000000000004000000000000000000000000000000000000000000000000000000000000000a00000000000000000000000000000000000000000000000000000000000000040"
280724,277018,3,3706,"623161"
280727,252886,3,27841,"313665"
280732,235239,3,45493,"636665"
280738,252909,3,27829,"313762"
280742,219656,3,61086,"636338"
280746,255329,4,25417,"31653461"
280750,280730,4,20,"31316366"
280754,219258,3,61496,"636265"
280759,235486,3,45273,"646234"
280763,218498,3,62265,"616566"
280768,252891,3,27877,"656239"
280774,277102,4,3672,"37343530"
280778,268519,3,12259,"383830"
280781,235582,3,45199,"656464"
280785,219217,33,61568,"650000000000000000000000000000000000000000000000000000000000000040"
280819,252805,3,28014,"393563"
280822,235137,3,45685,"353162"
280831,237296,3,43535,"646437"
280834,268747,3,12087,"613230"
280837,277682,3,3155,"383264"
280842,218454,4,62388,"35663533"
280848,235199,3,45649,"323266"
280852,219724,4,61128,"33396230"
280856,255332,3,25524,"613635"
280862,235470,3,45392,"336130"
280865,252904,3,27961,"626636"
280873,218158,3,62715,"396664"
280882,268530,53,12352,"c000000000000000000000000000000000000000000000000000000000000000000000000000000000000000013302f9012f82e708"
280935,270604,3,10331,"3a842e"
280938,280586,136,352,"ebaff8842eebb002827e5494d1a3abf42f9e66be86cfdea8c5c2c74f041c5e1480b901045b7d7482000000000000000000000000000000000000000000000000000000000000004000000000000000000000000000000000000000000000000000000000000000a00000000000000000000000000000000000000000000000000000000000000040"
281075,268842,3,12233,"616363"
281082,277016,3,4066,"643862"
281085,219730,3,61355,"343163"
281093,219292,3,61801,"383565"
281096,218585,3,62511,"343766"
281100,268758,3,12342,"363666"
281104,255402,3,25702,"336236"
281108,277033,3,4075,"336431"
281112,236862,3,44250,"323839"
281117,268764,3,12353,"333139"
281120,268406,3,12714,"656533"
281123,268819,3,12304,"333632"
281128,277032,4,4096,"62336431"
281133,219299,3,61834,"383734"
281137,277064,33,4073,"360000000000000000000000000000000000000000000000000000000000000040"
281170,277779,3,3391,"396538"
281173,256085,3,25088,"656637"
281179,263075,3,18104,"333036"
281182,263082,3,18100,"656665"
281186,268868,3,12318,"663130"
281189,235123,3,46066,"323133"
281192,256102,3,25090,"636432"
281195,255785,4,25410,"32666237"
281199,219282,3,61917,"656362"
281207,235189,4,46018,"63646138"
281214,255764,3,25450,"623834"
281217,235472,3,45745,"303130"
281220,277691,4,3529,"36316535"
281226,219621,3,61605,"353365"
281233,236977,46,44256,"37c00000000000000000000000000000000000000000000000000000000000000000000000000000000000000001"
281279,278367,11,2912,"1a02f9011682e70801842e"
281290,279562,9,1728,"ebaff8842eebb00283"
281299,278387,25,2912,"085751948731d54e9d02c286767d56ac03e8037c07e01e9887"
281329,235794,52,45535,"961eb8e41114cd2a00000000000000000000000000000000000000000000000000000000000000b8000000000000000000000000"
281401,281010,57,391,"00000000000000000000000000000000000000000000000000000000000000a000000000000000000000000000000000000000000000000000"
281458,246387,32,35071,"18de76816d800000000000000000000000000000000000000000000000000000"
281495,235960,34,45535,"50000000000000000000000000000000000000000000000000000000000000000014"
281529,281381,32,148,"40de6dff740be57804fd4bc50162687455462e6b000000000000000000000000"
281561,278649,38,2912,"c000000000000000000000000000000000000000000000000000000000000000000000000001"
281599,281279,8,320,"1a02f9011682e708"
281607,268935,12,12672,"02842eebaff8842eebb00283"
281622,281302,22,320,"948731d54e9d02c286767d56ac03e8037c07e01e9887"
281649,278417,52,3232,"d61eb8e41114cd2a00000000000000000000000000000000000000000000000000000000000000b8000000000000000000000000"
281721,281401,57,320,"00000000000000000000000000000000000000000000000000000000000000a000000000000000000000000000000000000000000000000000"
281784,281726,26,58,"0000000000000000000000000000000000000000000000000000"
281816,281496,33,320,"000000000000000000000000000000000000000000000000000000000000000014"
281849,281701,32,148,"b6d68559c86fb291ea2543be2f0eeee01c8ade98000000000000000000000000"
281882,279354,44,2528,"000000000000000000000000000000000000000000000000000000000000000000000000007102f86e82e708"
281927,280936,11,991,"842eebaff8842eebb00282"
281938,217586,42,64352,"eb9294176211869ca2b568f2a7d4ee941e073a821ee1ff80b844095ea7b3000000000000000000000000"
282000,263636,30,18364,"0000000000000000000000000000000000000000000000000000000001c0"
282032,279344,54,2688,"c0000000000000000000000000000000000000000000000000000000000000000000000000000000000000000000007102f86e82e708"
282086,281287,3,799,"01842e"
282089,270602,8,11487,"e6213a842ee62144"
282100,244148,40,37952,"947d43aabc515c356145049227cee54b608342c0ad80b844095ea7b3000000000000000000000000"
282140,279575,20,2565,"80e38291e06339d10aab483c65695d004dbd5c69"
282160,276520,32,5640,"ffffffffffffffffffffffffffffffffffffffffffffffffffffffffffffffff"
282192,282032,54,160,"c0000000000000000000000000000000000000000000000000000000000000000000000000000000000000000000007102f86e82e708"
282246,270599,11,11647,"02842ee6213a842ee62144"
282260,282100,60,160,"947d43aabc515c356145049227cee54b608342c0ad80b844095ea7b300000000000000000000000080e38291e06339d10aab483c65695d004dbd5c69"
282320,275654,25,6666,"00000000000000000000000000000000000000000000000016"
282353,282193,46,160,"00000000000000000000000000000000000000000000000000000000000000000000000000000000000000000000"
282402,269892,6,12510,"82e70880842e"
282410,282251,3,159,"3a842e"
282419,276628,21,5791,"94e5d7c2a44ffddf6b295a15c148167daaaf5cf34f"
282446,276656,47,5790,"0084d0e30db0c000000000000000000000000000000000000000000000000000000000000000000000000000000000"
282493,278269,8,4224,"00003002ee82e708"
282502,282406,10,96,"842edede3a842edede44"
282512,219376,87,63136,"83010b3694cce9d3f392c135dc038b147ca73ec496f7f89d938084183ff085c000000000000000000000000000000000000000000000000000000000000000000000000000000000000000000000013302f9012f82e708"
282600,282406,11,194,"842edede3a842edede4482"
282611,234963,128,47648,"7e5494d1a3abf42f9e66be86cfdea8c5c2c74f041c5e1480b901045b7d7482000000000000000000000000000000000000000000000000000000000000004000000000000000000000000000000000000000000000000000000000000000a0000000000000000000000000000000000000000000000000000000000000004032"
282742,268756,3,13986,"366336"
282745,281096,3,1649,"343766"
282748,255784,3,26964,"633266"
282751,282744,3,7,"363437"
282758,255391,3,27367,"343537"
282761,281112,3,1649,"323839"
282768,277739,3,5029,"643462"
282771,218229,3,64542,"653236"
282776,255646,3,27130,"643264"
282783,277720,3,5063,"616162"
282786,219257,4,63529,"35636265"
282790,256044,3,26746,"366665"
282793,268753,3,14040,"326437"
282796,252800,3,29996,"613861"
282799,277138,3,5661,"646462"
282802,277650,33,5152,"000000000000000000000000000000000000000000000000000000000000004038"
282835,219706,3,63129,"346337"
282841,237191,3,45650,"393463"
282845,281098,3,1747,"663736"
282848,255413,3,27435,"633766"
282851,256014,3,26837,"353936"
282856,281132,3,1724,"353837"
282859,268520,3,14339,"383034"
282864,255405,3,27459,"323465"
282868,277007,3,5861,"343735"
282872,218159,3,64713,"666437"
282878,280779,3,2099,"383065"
282885,237288,3,45597,"393064"
282888,268413,4,14475,"35646662"
282895,255335,3,27560,"623766"
282899,282195,51,704,"00000000000000000000000000000000000000000000000000000000000000000000000000000000000000007102f86e82e708"
282950,267429,3,15521,"05842e"
282953,282602,9,351,"dede3a842edede4482"
282985,282281,19,704,"80b844095ea7b3000000000000000000000000"
283004,270615,20,12389,"f82537fb6c56a3b50092d3951f84f5f6c835b4f5"
283024,282160,79,864,"ffffffffffffffffffffffffffffffffffffffffffffffffffffffffffffffffc000000000000000000000000000000000000000000000000000000000000000000000000000000000000000000000"
283103,282495,6,608,"3002ee82e708"
283110,271334,88,11776,"842d783120842d78312783010b3694cce9d3f392c135dc038b147ca73ec496f7f89d938084183ff085c000000000000000000000000000000000000000000000000000000000000000000000000000000000000000000000"
283198,258974,53,24224,"00ecf8ea01842aea5400829b28940872ec4426103482a50f26ffc32acefcec61b3c980b8c4f242432a000000000000000000000000"
283251,274796,20,8455,"df165cf0478ac962f563cdc7886f6654ac0fb4cf"
283271,259047,215,24224,"00000000000000000000000001e4a663fffaf1430d3a36588b2c14b72231d8b40000000000000000000000000000000000000000000000000000000000000005000000000000000000000000000000000000000000000000000000000000000100000000000000000000000000000000000000000000000000000000000000a0000000000000000000000000000000000000000000000000000000000000000082e70880800000000000000000000000000000000000000000000000000000000000000000000000000000000000000000000000000000"
283486,272062,54,11424,"010df9010a01842aea5400829d78940872ec4426103482a50f26ffc32acefcec61b3c980b8e4f242432a000000000000000000000000"
283540,274736,20,8804,"96a6a0b06d2bd52520ca2e4d37ce44160632fb11"
283560,257640,256,25920,"000000000000000000000000aec3cacef9457ff2821d9f85429ce3d90b0014590000000000000000000000000000000000000000000000000000000000000005000000000000000000000000000000000000000000000000000000000000000100000000000000000000000000000000000000000000000000000000000000a00000000000000000000000000000000000000000000000000000000000000000000000000000000000000000000000000000000000000000000000000000000082e70880800000000000000000000000000000000000000000000000000000000000000000000000000000000000000000000000000001eff901ec80842aea54"
283560,257640,225,25920,"000000000000000000000000aec3cacef9457ff2821d9f85429ce3d90b0014590000000000000000000000000000000000000000000000000000000000000005000000000000000000000000000000000000000000000000000000000000000100000000000000000000000000000000000000000000000000000000000000a00000000000000000000000000000000000000000000000000000000000000000000000000000000000000000000000000000000000000000000000000000000082e708808000000000000000000000000000000000000000000000000000000000"
284042,278931,160,5111,"00000000000000000000000000000000000000000000000000000000000000000000000000000000000000000000000000000000000000000000000000000005000000000000000000000000000000000000000000000000000000000000000000000000000000000000000000000000000000000000000000000000000001400000000000000000000000000000000000000000000000000000000000000041"
284216,225563,2,58653,"0066"
284266,239018,138,45248,"1c0000000000000000000000000000000000000000000000000000000000000082e70880800000000000000000000000000000000000000000000000000000000000000000000000000000000000000000000000010df9010a01842aea5400829d78940872ec4426103482a50f26ffc32acefcec61b3c980b8e4f242432a000000000000000000000000"
284404,274716,20,9688,"c7fee4bb3e71e58c3a47dc710f476a55ba07f58d"
284424,283560,256,864,"000000000000000000000000aec3cacef9457ff2821d9f85429ce3d90b0014590000000000000000000000000000000000000000000000000000000000000005000000000000000000000000000000000000000000000000000000000000000100000000000000000000000000000000000000000000000000000000000000a00000000000000000000000000000000000000000000000000000000000000000000000000000000000000000000000000000000000000000000000000000000082e70880800000000000000000000000000000000000000000000000000000000000000000000000000000000000000000000000000001eff901ec80842aea54"
284424,283560,224,864,"000000000000000000000000aec3cacef9457ff2821d9f85429ce3d90b0014590000000000000000000000000000000000000000000000000000000000000005000000000000000000000000000000000000000000000000000000000000000100000000000000000000000000000000000000000000000000000000000000a00000000000000000000000000000000000000000000000000000000000000000000000000000000000000000000000000000000000000000000000000000000082e7088080000000000000000000000000000000000000000000000000000000"
284906,284042,160,864,"00000000000000000000000000000000000000000000000000000000000000000000000000000000000000000000000000000000000000000000000000000005000000000000000000000000000000000000000000000000000000000000000000000000000000000000000000000000000000000000000000000000000001400000000000000000000000000000000000000000000000000000000000000041"
285075,243280,3,41795,"d135bb"
285130,258890,85,26240,"1b0000000000000000000000000000000000000000000000000000000000000082e7088080000000000000000000000000000000000000000000000000000000000000000000000000000000000000000000000000"
285215,259359,4,25856,"2eed8202"
285220,274210,9,11010,"842aea540082520894"
285249,259393,61,25856,"8654953ff6d0008082e7088080000000000000000000000000000000000000000000000000000000000000000000000000000000000000000000000000"
285310,257022,235,28288,"01eff901ec80842aea540083015f90940872ec4426103482a50f26ffc32acefcec61b3c980b901c4d4dfd6bc0000000000000000000000000000000000000000000000000000000000000000000000000000000000000000000000000000000000000000000000000000000000000000000000000000000000000000000000000000000000000000000000000000000000000000000000000000000000000000000000000000000000000001000000000000000000000000000000000000000000000000000000000000000100000000000000000000000000000000000000000000000000000000651417"
285546,284906,160,640,"00000000000000000000000000000000000000000000000000000000000000000000000000000000000000000000000000000000000000000000000000000005000000000000000000000000000000000000000000000000000000000000000000000000000000000000000000000000000000000000000000000000000001400000000000000000000000000000000000000000000000000000000000000041"
285770,274122,87,11648,"1c0000000000000000000000000000000000000000000000000000000000000082e70880800000000000000000000000000000000000000000000000000000000000000000000000000000000000000000000000002ceb"
285857,240065,10,45792,"56842aea540082520894"
285875,235566,3,50309,"303937"
285887,239999,76,45888,"865af3107a40008082e70880800000000000000000000000000000000000000000000000000000000000000000000000000000000000000000000000000000002ceb56842aea540082520894"
285967,276029,2,9938,"001f"
285983,285887,76,96,"865af3107a40008082e70880800000000000000000000000000000000000000000000000000000000000000000000000000000000000000000000000000000002ceb56842aea540082520894"
286078,274238,96,11840,"98865af3107a40008082e708808000000000000000000000000000000000000000000000000000000000000000000000000000000000000000000000000000000000000000000000000000000000000000000000000000000000000000000000"
286176,240832,20,45344,"45a318273749d6eb00f5f6ca3bc7cd3de26d642a"
286196,259624,20,26572,"3d391afffed2255a2dd00325c3a96a5a8e023ff8"
286236,276763,20,9473,"336f81cbe8c6bff59d6ed1b8bbb28c5e88c766b3"
286276,277457,20,8819,"0b1d908dc224767df7e38b3742663a74c69580ee"
286336,259964,20,26372,"42601170d8cb28522671979bd89a708b93ac11b1"
286396,278617,20,7779,"2e508411a50ad2acdebf4551f97c7785f3e610bc"
286428,279701,2,6727,"0064"
286476,280454,20,6022,"fc0c2df02b1616b05c22b3044c582c4150cfd3a9"
286516,259884,20,26632,"01bdbfdd901b0e8000dd0ad7ddf85ef6cf8776fa"
286536,281529,20,5007,"40de6dff740be57804fd4bc50162687455462e6b"
286556,281849,20,4707,"b6d68559c86fb291ea2543be2f0eeee01c8ade98"
286616,223108,20,63508,"b5857d19298f419f371163a20d188a185f641e94"
286713,286712,3,1,"777777"
286736,283251,20,3485,"df165cf0478ac962f563cdc7886f6654ac0fb4cf"
286756,283540,20,3216,"96a6a0b06d2bd52520ca2e4d37ce44160632fb11"
286776,273579,20,13197,"5aa25f6177ca1506e5e97f3310e892b1410ea3df"
286796,284404,20,2392,"c7fee4bb3e71e58c3a47dc710f476a55ba07f58d"
286816,274219,20,12597,"2b5a181148ea2bfc7c70773727d489faf45fee98"
286836,283283,20,3553,"01e4a663fffaf1430d3a36588b2c14b72231d8b4"
286856,273483,20,13373,"0308dbce2c3dfd9ae4f04ba21c5170924acb3bb3"
286935,266601,43,20334,"00000000000000000000000000000000000000000000000000000000000000000000000000000000000200"
287008,274912,31,12096,"0000000000000000000000000000000000000000000000000000000064fa85"
287040,280507,62,6533,"00000000000000000000000000000000000000000000000000000000000000c0000000000000000000000000000000000000000000000000000000000000"
287104,271000,31,16104,"00000000000000000000000000000000000000000000000000000000000042"
287135,271155,32,15980,"0000000000000000000000000000000000000000000000000000000000000044"
287168,287135,31,33,"00000000000000000000000000000000000000000000000000000000000000"
287200,279520,31,7680,"00000000000000000000000000000000000000000000000000000000000003"
287232,275232,94,12000,"00000000000000000000000000000000000000000000000000000000000006c00000000000000000000000000000000000000000000000000000000000000820000000000000000000000000000000000000000000000000000000000000"
287328,287296,30,32,"000000000000000000000000000000000000000000000000000000000000"
287360,281818,31,5542,"00000000000000000000000000000000000000000000000000000000000014"
287392,287360,30,32,"000000000000000000000000000000000000000000000000000000000000"
287423,287168,31,255,"00000000000000000000000000000000000000000000000000000000000000"
287456,279739,31,7717,"00000000000000000000000000000000000000000000000000000000000020"
287488,287456,31,32,"00000000000000000000000000000000000000000000000000000000000020"
287520,276064,31,11456,"00000000000000000000000000000000000000000000000000000000000021"
287552,276064,62,11488,"00000000000000000000000000000000000000000000000000000000000021e0000000000000000000000000000000000000000000000000000000000000"
287616,224448,31,63168,"00000000000000000000000000000000000000000000000000000000000031"
287648,261248,31,26400,"00000000000000000000000000000000000000000000000000000000000032"
287680,287648,31,32,"00000000000000000000000000000000000000000000000000000000000032"
287711,242463,32,45248,"e000000000000000000000000000000000000000000000000000000000000033"
287744,246024,31,41720,"00000000000000000000000000000000000000000000000000000000000034"
287775,282368,32,5407,"0000000000000000000000000000000000000000000000000000000000000035"
287808,242560,63,45248,"000000000000000000000000000000000000000000000000000000000000368000000000000000000000000000000000000000000000000000000000000037"
287872,242656,62,45216,"00000000000000000000000000000000000000000000000000000000000039e0000000000000000000000000000000000000000000000000000000000000"
287935,287775,31,160,"00000000000000000000000000000000000000000000000000000000000000"
287968,282803,31,5165,"00000000000000000000000000000000000000000000000000000000000040"
288000,242784,62,45216,"00000000000000000000000000000000000000000000000000000000000040a0000000000000000000000000000000000000000000000000000000000000"
288070,243209,5,44861,"843b9aca00"
288100,266315,4,21785,"80b90324"
288108,260679,24,27429,"000000000000000000000000000000000000000000000013"
288140,264378,61,23762,"00000000000000000000000000000000000000000000000000000000000000030000000000000000000000000000000000000000000000000000000000"
288201,279799,33,8402,"000060000000000000000000000000000000000000000000000000000000000000"
288236,287922,13,314,"0000000000000000000000003c"
288268,285450,63,2818,"000000000000000000000000000000000000000000000000000000000000000100000000000000000000000000000000000000000000000000000000000000"
288331,264978,45,23353,"600000000000000000000000000000000000000000000000000000000000000220000000000000000000000000"
288376,280422,32,7954,"7d43aabc515c356145049227cee54b608342c0ad000000000000000000000000"
288408,270687,115,17721,"00000000000000000000000000000000000000400000000000000000000000000000000000000000000000000000000000000002000000000000000000000000000000000000000000000000000000000000004000000000000000000000000000000000000000000000000000000000000001"
288523,261522,63,27001,"0000000000000000000000000000000000000000000000000000000000000000a0000000000000000000000000000000000000000000000000000000000000"
288586,262590,2,25996,"000f"
288588,288396,63,192,"000000000000000000000000000000000000000000000000000000000000004000000000000000000000000000000000000000000000000000000000000000"
288652,288236,13,416,"0000000000000000000000003c"
288684,288652,12,32,"000000000000000000000000"
288696,271031,21,17665,"eb466342c4d449bc9f53a865d5cb90586f40521500"
288717,288525,139,192,"000000000000000000000000000000000000000000000000000000000000a0000000000000000000000000000000000000000000000000000000000000000f00000000000000000000000000000000000000000000000000000000000000400000000000000000000000000000000000000000000000000000000000000040000000000000000000000000"
288856,280262,32,8594,"4cbab02a5448605e95181489b6ec0404e721eb85000000000000000000000000"
288888,281941,20,6947,"176211869ca2b568f2a7d4ee941e073a821ee1ff"
288908,286087,50,2821,"82e7088080000000000000000000000000000000000000000000000000000000000000000000000000000000000000000000"
288958,276862,5,12096,"012ef9012b"
288964,276451,5,12513,"8435a4e900"
288969,276873,128,12096,"82bd7e94d1a3abf42f9e66be86cfdea8c5c2c74f041c5e1480b901045b7d7482000000000000000000000000000000000000000000000000000000000000004000000000000000000000000000000000000000000000000000000000000000a00000000000000000000000000000000000000000000000000000000000000040"
289098,268415,3,20683,"666266"
289102,235200,3,53902,"326666"
289106,282879,3,6227,"306534"
289110,255319,3,33791,"353234"
289113,255748,3,33365,"383165"
289117,268471,3,20646,"386135"
289122,281079,4,8043,"62363964"
289131,277721,3,11410,"616263"
289134,237293,3,51841,"363066"
289137,277786,3,11351,"356133"
289141,256106,3,33035,"666632"
289150,277028,4,12122,"30663433"
289157,255388,3,33769,"656633"
289160,256049,33,33111,"370000000000000000000000000000000000000000000000000000000000000040"
289194,282863,3,6331,"323234"
289198,282795,3,6403,"376138"
289201,280872,3,8329,"343966"
289207,235198,3,54009,"373232"
289213,282760,3,6453,"373238"
289217,236954,3,52263,"346633"
289220,255679,3,33541,"626635"
289225,280765,3,8460,"666230"
289230,280878,3,8352,"383333"
289247,252926,3,36321,"393863"
289251,268869,3,20382,"313038"
289254,236928,3,52326,"643933"
289257,286087,53,3170,"82e7088080000000000000000000000000000000000000000000000000000000000000000000000000000000000000000000000000"
289316,289257,3,59,"82e708"
289334,228374,22,60960,"943335733c454805df6a77f825f266e136fb4a333387"
289366,228406,67,60960,"e1fcde8e000000000000000000000000000000000000000000000000000000000000006000000000000000000000000000000000000000000000000000000000000000"
289434,264346,63,25088,"00000000000000000000000000000000000000000000000000000000000000e000000000000000000000000000000000000000000000000000000000000000"
289498,288364,63,1134,"0000000000000000000000007d43aabc515c356145049227cee54b608342c0ad00000000000000000000000000000000000000000000000000000000000000"
289562,289537,24,25,"000000000000000000000000000000000000000000000000"
289592,268120,33,21472,"000000000000000000000000000000000000000000000000000000000000000004"
289662,242706,13,46956,"0000000000000000000000003b"
289694,243107,13,46587,"0000000000000000000000005e"
289726,231918,57,57808,"000000000000000000000000e28033a9bd54202d5f2487dd2c8518f48f4f07c200000000000000000000000000000000000000000000000000"
289790,280507,63,9283,"00000000000000000000000000000000000000000000000000000000000000c000000000000000000000000000000000000000000000000000000000000000"
289853,279737,45,10116,"010000000000000000000000000000000000000000000000000000000000000020000000000000000000000000"
289898,253015,20,36883,"032b241de86a8660f1ae0691a4760b426ea246d7"
289918,289886,44,32,"000000000000000000000000032b241de86a8660f1ae0691a4760b426ea246d7000000000000000000000000"
289962,289510,51,452,"7d43aabc515c356145049227cee54b608342c0ad00000000000000000000000000000000000000000000000000000000000000"
290013,290012,25,1,"00000000000000000000000000000000000000000000000000"
290038,289586,38,452,"de0b6b3a76400000000000000000000000000000000000000000000000000000000000000000"
290076,289464,46,612,"00e00000000000000000000000000000000000000000000000000000000000000001000000000000000000000000"
290122,288441,19,1681,"00000000000000000000000000000000000002"
290142,267573,131,22569,"ac9650d800000000000000000000000000000000000000000000000000000000000000200000000000000000000000000000000000000000000000000000000000000002000000000000000000000000000000000000000000000000000000000000004000000000000000000000000000000000000000000000000000000000000001"
290273,266386,32,23887,"c000000000000000000000000000000000000000000000000000000000000001"
290306,253203,124,37103,"75ceafe6000000000000000000000000000000000000000000000000000000000000002000000000000000000000000000000000000000000000000000000000000000a00000000000000000000000000000000000000000000000000000000000000000000000000000000000000000000000000000000000000000"
290430,290038,33,392,"de0b6b3a7640000000000000000000000000000000000000000000000000000000"
290463,289783,35,680,"222888acfe4ee200000000000000000000000000000000000000000000000000000000"
290498,266895,35,23603,"ffffffff00000000000000000000000000000000000000000000000000000000000000"
290534,289962,21,572,"7d43aabc515c356145049227cee54b608342c0ad00"
290555,254836,23,35719,"01f4176211869ca2b568f2a7d4ee941e073a821ee1ff00"
290600,253451,89,37149,"0001f4e5d7c2a44ffddf6b295a15c148167daaaf5cf34f000000000000000000000000000000000000000000000000000000000000000000000000000000000000000000000000000000000000000000000000000000000000"
290689,253554,49,37135,"4449404b7c0000000000000000000000000000000000000000000000000000000000000000000000000000000000000000"
290758,232390,120,58368,"000000000000000000000000000000000000000000000000000000000000000000000000000000000000000000000000000000000000000000000000000000000000000000000000000000000000000000000000c00000000000000000000000000000000000000000000000000000000000000000000000"
290879,270591,3,20288,"b402f9"
290883,270595,4,20288,"b082e708"
290888,266280,11,24608,"8430558cfe8430558cfe83"
290902,266294,24,24608,"941d0188c4b276a09366d05d6be06af61a73bc753580b903"
290927,266319,67,24608,"d3115a8a000000000000000000000000000000000000000000000000000000000000006000000000000000000000000000000000000000000000000000000000000000"
290994,267704,32,23290,"e000000000000000000000000000000000000000000000000000000000000001"
291027,288140,44,2887,"0000000000000000000000000000000000000000000000000000000000000003000000000000000000000000"
291071,263910,52,27161,"176211869ca2b568f2a7d4ee941e073a821ee1ff000000000000000000000000cc22f6aa610d1b2a0e89ef228079cb3e1831b1d1"
291124,290199,11,925,"0000000000000000000002"
291155,288140,63,3015,"000000000000000000000000000000000000000000000000000000000000000300000000000000000000000000000000000000000000000000000000000000"
291218,264121,160,27097,"00000000000000000000000000000000000000000000000000000000000000000000000000000000000000000000000000000000000000000000000000000000000000000000000000000000000000000000000000000000000000000000000002000000000000000000000000000000000000000000000000000000000000004000000000000000000000000000000000000000000000000000000000000001"
291379,288119,13,3260,"00000000000000000000000013"
291392,291136,50,256,"1d56758351c9885862ada09a6a7071735c83b300000000000000000000000000000000000000000000000000000000000000"
291442,248849,81,42593,"6000000000000000000000000000000000000000000000000000000000000000c0000000000000000000000000000000000000000000000000000000000000000200000000000000000000000000000000"
291523,265854,13,25669,"00000000000000000000000047"
291539,264442,27,27097,"02010000000000000000000000000000ffffffffffffffffffffff"
291571,285449,44,6122,"0000000000000000000000000000000000000000000000000000000000000000010000000000000000000000"
291635,264570,228,27065,"000000000000000000000000000000000000000000000000000000000000006000000000000000000000000000000000000000000000000000000000000000c000000000000000000000000000000000000000000000000000000000000000020101000000000000000000000000000000000000000000000000000000000000020200000000000000000000000000007fffffffffffffffffffffffffffffff0000000000000000000000000000000000000000000000000000000000000000c00000000000000000000000000000000000000000000000000000000000000000000000"
291863,265559,12,26304,"000000000000000296f90293"
291880,276711,3,15169,"9a8301"
291885,265581,93,26304,"9480e38291e06339d10aab483c65695d004dbd5c6987470de4df820000b902642cc4081e0000000000000000000000000000000000000000000000000000000000000060000000000000000000000000000000000000000000000001c7"
291985,279674,31,12311,"0000000000000000000000000000000000000000000000000000000064fab4"
292017,265713,256,26304,"000000000000000000000000000000000000000000000000000000000000000100000000000000000000000000000000000000000000000000000000000000200000000000000000000000000000000000000000000000000000000000000060000000000000000000000000000000000000000000000000000000000000000000000000000000000000000000000000000000000000000000470de4df820000000000000000000000000000000000000000000000000000000000000000000100000000000000000000000000000000000000000000000000000000000000200000000000000000000000007f72e0d8e9abf9133a92322b8b50bd8e0f9dcfcb"
292017,265713,256,26304,"000000000000000000000000000000000000000000000000000000000000000100000000000000000000000000000000000000000000000000000000000000200000000000000000000000000000000000000000000000000000000000000060000000000000000000000000000000000000000000000000000000000000000000000000000000000000000000000000000000000000000000470de4df820000000000000000000000000000000000000000000000000000000000000000000100000000000000000000000000000000000000000000000000000000000000200000000000000000000000007f72e0d8e9abf9133a92322b8b50bd8e0f9dcfcb"
292017,265713,45,26304,"000000000000000000000000000000000000000000000000000000000000000100000000000000000000000000"
292580,267524,5,25056,"82e7081984"
292593,291885,22,708,"9480e38291e06339d10aab483c65695d004dbd5c6987"
292620,254450,4,38170,"8000b901"
292629,292241,63,388,"0000000000000000000000007f72e0d8e9abf9133a92322b8b50bd8e0f9dcfcb00000000000000000000000000000000000000000000000000000000000000"
292692,290273,32,2419,"c000000000000000000000000000000000000000000000000000000000000001"
292725,285387,95,7338,"0000000000000000000000000000000000000000000000000000000000000000000000000000000000000000000000000000000000000000000000000000000000000000000000000000000000000000000000000000000000000000000001"
292821,248594,89,44227,"0000000000000000000000000000000000000000000000000000000000000002000000000000000000000000000000000000000000000000000000000000000000000000000000000000000000000000000000000000000000"
292910,292615,7,295,"1ff973cafa8000"
292917,289950,56,2967,"0000000000000000000000007d43aabc515c356145049227cee54b608342c0ad000000000000000000000000000000000000000000000000"
292981,292209,44,772,"0000000000000000000000000000000000000000000000000000000000000020000000000000000000000000"
293045,291795,74,1250,"0000000000000000000000000000000000000000000000000000000000000000c00000000000000000000000000000000000000000000000000000000000000000000000000000000000"
293119,276447,3,16672,"6df86b"
293122,263558,3,29564,"0e8430"
293125,292586,4,539,"48628683"
293132,282260,40,10872,"947d43aabc515c356145049227cee54b608342c0ad80b844095ea7b3000000000000000000000000"
293172,253911,20,39261,"272e156df8da513c69cb41cc7a99185d53f926bb"
293192,276520,86,16672,"ffffffffffffffffffffffffffffffffffffffffffffffffffffffffffffffff82e708808000000000000000000000000000000000000000000000000000000000000000000000000000000000000000000000000000"
293280,261376,3,31904,"02f908"
293284,255492,4,37792,"82e70881"
293289,293123,5,166,"8430486286"
293294,293123,6,171,"843048628683"
293303,290902,23,2401,"941d0188c4b276a09366d05d6be06af61a73bc753580b9"
293327,266318,68,27009,"24d3115a8a000000000000000000000000000000000000000000000000000000000000006000000000000000000000000000000000000000000000000000000000000000"
293395,290994,109,2401,"e000000000000000000000000000000000000000000000000000000000000001600000000000000000000000000000000000000000000000000000000000000003000000000000000000000000176211869ca2b568f2a7d4ee941e073a821ee1ff000000000000000000000000"
293524,281798,13,11726,"000000000000000000000000d0"
293556,291155,159,2401,"000000000000000000000000000000000000000000000000000000000000000300000000000000000000000000000000000000000000000000000000000000000000000000000000000000000000000000000000000000000000000000000000000000000000000000000000000000000000000000000000000000000000000000000000000000000000000000000000000000000000000000000000000000"
293716,293364,63,352,"00000000000000000000000000000000000000000000000000000000000000e000000000000000000000000000000000000000000000000000000000000001"
293779,250594,32,43185,"c000000000000000000000000000000000000000000000000000000000000002"
293811,288031,32,5780,"a000000000000000000000000000000000000000000000000000000000000003"
293844,246234,63,47610,"000000000000000000000000000000000000000000000000000000000000044000000000000000000000000000000000000000000000000000000000000005"
293907,289279,32,4628,"0000000000000000000000000000000000000000000000000000000000000005"
293941,293525,62,416,"0000000000000000000000d0e67ce5e72beba9d0986479ea4e4021120cf79400000000000000000000000000000000000000000000000000000000000000"
294003,291666,98,2337,"6000000000000000000000000000000000000000000000000000000000000000c00000000000000000000000000000000000000000000000000000000000000002010100000000000000000000000000000000000000000000000000000000000002"
294102,246107,74,47995,"0000000000000000000000000000000000000000000000000000000000000000000000000000000000000000000000000000000000000000000000000000040000000000000000000000"
294196,293972,97,224,"000000000000000000000000000000000000000000000000000000000000006000000000000000000000000000000000000000000000000000000000000000c0000000000000000000000000000000000000000000000000000000000000000201"
294293,285193,23,9100,"000000000000000000000000000000000000000000002e"
294325,293753,26,572,"0000000000000000000000000000000000000000000000000001"
294356,294132,127,224,"000000000000000000000000000000000000000000000000000000000000000004000000000000000000000076b17077ea576c531f26cc5f4c613014b6bbb5e5000000000000000000000000000000000000000000000000000000000000006000000000000000000000000000000000000000000000000000000000000000"
294483,267026,33,27457,"a00000000000000000000000000000000000000000000000000000000000000001"
294517,290483,19,4034,"000000000000000000000000000000ffffffff"
294536,267892,7,26644,"fffffffffffffe"
294548,294120,44,428,"0000000000000000000000000000000000000000000000000000000000000000000000000000000000000000"
294592,293952,116,640,"d0e67ce5e72beba9d0986479ea4e4021120cf794000000000000000000000000000000000000000000000000000000000000006000000000000000000000000000000000000000000000000000000000000000c00000000000000000000000000000000000000000000000000000000000000002"
294708,292366,16,2342,"00010000000000000000000000000000"
294724,291779,16,2945,"7fffffffffffffffffffffffffffffff"
294740,291763,64,2977,"020200000000000000000000000000007fffffffffffffffffffffffffffffff0000000000000000000000000000000000000000000000000000000000000000"
294804,294388,128,416,"04000000000000000000000076b17077ea576c531f26cc5f4c613014b6bbb5e5000000000000000000000000000000000000000000000000000000000000006000000000000000000000000000000000000000000000000000000000000000a00000000000000000000000000000000000000000000000000000000000000001"
294933,294517,22,416,"000000000000000000000000000000ffffffffffffff"
294964,294548,192,416,"0000000000000000000000000000000000000000000000000000000000000000000000000000000000000000d0e67ce5e72beba9d0986479ea4e4021120cf794000000000000000000000000000000000000000000000000000000000000006000000000000000000000000000000000000000000000000000000000000000c00000000000000000000000000000000000000000000000000000000000000002000100000000000000000000000000007fffffffffffffffffffffffffffffff"
295157,294741,63,416,"0200000000000000000000000000007fffffffffffffffffffffffffffffff0000000000000000000000000000000000000000000000000000000000000000"
295220,249010,152,46210,"0500000000000000000000000000000000000000000000000000000000000000000000000000000000000000000000000000000000000000000000000000006000000000000000000000000000000000000000000000000000000000000000a0000000000000000000000000000000000000000000000000000000000000000100010000000000000000000000000000ffffffffffffffff"
295372,295371,5,1,"ffffffffff"
295380,291795,75,3585,"0000000000000000000000000000000000000000000000000000000000000000c0000000000000000000000000000000000000000000000000000000000000000000000000000000000000"
295455,282943,7,12512,"7102f86e82e708"
295463,281927,11,13536,"842eebaff8842eebb00282"
295474,282098,42,13376,"b60f947d43aabc515c356145049227cee54b608342c0ad80b844095ea7b3000000000000000000000000"
295516,283004,99,12512,"f82537fb6c56a3b50092d3951f84f5f6c835b4f5ffffffffffffffffffffffffffffffffffffffffffffffffffffffffffffffffc000000000000000000000000000000000000000000000000000000000000000000000000000000000000000000000"
295615,295455,7,160,"7102f86e82e708"
295622,278695,3,16927,"07842e"
295625,281929,10,13696,"ebaff8842eebb00282eb"
295635,254259,41,41376,"8694176211869ca2b568f2a7d4ee941e073a821ee1ff80b844095ea7b3000000000000000000000000"
295676,279452,43,16224,"678aa4bf4e210cf2166753e054d5b7c31cc7fa860000000000000000000000000000000000000000000000"
295719,288773,7,6946,"0000000000000f"
295729,295569,46,160,"00000000000000000000000000000000000000000000000000000000000000000000000000000000000000000000"
295775,277887,7,17888,"5102f84e82e708"
295782,282950,11,12832,"05842edede3a842edede44"
295793,277905,117,17888,"83010a3b949dba31e492b7e98b8195e254ee13b6b027e4a59d80a4a7f68792766f746500000000000000000000000000000000000000000000000000000000c0000000000000000000000000000000000000000000000000000000000000000000000000000000000000000000007202f86f82e708"
295910,278277,3,17633,"27842e"
295913,295785,10,128,"dede3a842edede448301"
295925,295636,40,289,"94176211869ca2b568f2a7d4ee941e073a821ee1ff80b844095ea7b3000000000000000000000000"
295965,293172,52,2793,"272e156df8da513c69cb41cc7a99185d53f926bbffffffffffffffffffffffffffffffffffffffffffffffffffffffffffffffff"
296018,253287,45,42731,"00000000000000000000000000000000000000000000000000000000000000000000000000000000000000000e"
296068,295907,3,161,"82e708"
296072,295911,11,161,"842edede3a842edede4483"
296086,245654,21,50432,"946352a56caadc4f1e25cd6c75970fa768a3304e64"
296111,245686,112,50425,"90411a320000000000000000000000002b5f704ab7061fb4dbfc5876b024f4bdb2f5e8b6000000000000000000000000000000000000000000000000000000000000006000000000000000000000000000000000000000000000000000000000000001c0000000000000000000000000"
296223,268991,64,27232,"176211869ca2b568f2a7d4ee941e073a821ee1ff000000000000000000000000eeeeeeeeeeeeeeeeeeeeeeeeeeeeeeeeeeeeeeee000000000000000000000000"
296287,296127,32,160,"2b5f704ab7061fb4dbfc5876b024f4bdb2f5e8b6000000000000000000000000"
296339,296180,29,159,"0000000000000000000000000000000000000000000000000000000000"
296371,275621,26,20750,"0000000000000000000000000000000000000000000000000015"
296403,296371,26,32,"0000000000000000000000000000000000000000000000000015"
296435,292821,44,3614,"0000000000000000000000000000000000000000000000000000000000000002000000000000000000000000"
296479,246054,115,50425,"3487ef9f9b36547e43268b8f0e2349a226c70b530000000000000000000000000000000000000000000000000000000000000140000000000000000000000000000000000000000000000000000000000000000000000000000000000000000000000000000000000000000000000000000000"
296595,295284,62,1311,"00000000000000000000000000000000000000000000000000000000000000a0000000000000000000000000000000000000000000000000000000000000"
296659,287232,63,9427,"00000000000000000000000000000000000000000000000000000000000006c000000000000000000000000000000000000000000000000000000000000008"
296723,250824,62,45899,"0000000000000000000000000000000000000000000000000000000000000a00000000000000000000000000000000000000000000000000000000000000"
296785,247868,128,48917,"0000000000000000000000000000000000000000000000000000000000000000000000000000000000000000000000000000000000000000000000000000000000000000000000000000000000000000000000000000000000000000000000000080000000000000000000000000000000000000000000000000000000000000"
296919,247710,126,49209,"000000000000000000000000176211869ca2b568f2a7d4ee941e073a821ee1ff00000000000000000000000000000001000000000000000000000000000000010000000000000000000000000000000000000000000000000000000000000080000000000000000000000000000000000000000000000000000000000000"
297046,290177,96,6869,"200000000000000000000000000000000000000000000000000000000000000002000000000000000000000000000000000000000000000000000000000000004000000000000000000000000000000000000000000000000000000000000001"
297143,247838,160,49305,"00000000000000000000000000000000000000000000000000000000000000000000000000000000000000000000000000000000000000000000000000000000000000000000000000000000000000000000000000000000000000000000000000000000000000000000000000000000000000000000000000000000000000800000000000000000000000000000000000000000000000000000000000000064"
297307,296919,44,388,"000000000000000000000000176211869ca2b568f2a7d4ee941e073a821ee1ff000000000000000000000000"
297371,296339,57,1032,"00000000000000000000000000000000000000000000000000000000009b674f00000000000000000000000000000000000000000000000000"
297428,295600,16,1828,"00000000000000000000000000000071"
297444,297352,48,92,"60570bb153edd0ea1775ec2b2ac9b65f1ab61b0000000000000000000000000000000000000000000000000000000000"
297492,297204,99,288,"000000000000000000000000000000000000000000000000000000000000000000000000000000000000000000000000000000000000000000000000000000000000800000000000000000000000000000000000000000000000000000000000000064"
297595,297307,44,288,"000000000000000000000000176211869ca2b568f2a7d4ee941e073a821ee1ff000000000000000000000000"
297659,297371,72,288,"00000000000000000000000000000000000000000000000000000000009b674f00000000000000000000000000000000000000000000000000000000000000000000000000000000"
297731,297059,51,672,"000000000000000000000000000000000000000200000000000000000000000000000000000000000000000000000000000000"
297783,247806,72,49977,"000000000000000000000000000000000000000000000000000000000000004400000000000000000000000000000000000000000000000000000000000000000000000000000000"
297855,297639,49,216,"5ec5b1e9b1bd5198343abb6e55fb695d2f7bb3080000000000000000000000000000000000000000000000000000000000"
297904,247607,98,50297,"0000000000000000000000000000000000000000000000000000000000000000000000000000000000000000000000000000000000000000000000000000000000008000000000000000000000000000000000000000000000000000000000000001"
298007,297939,44,68,"0000000000000000000000000000000000000000000000000000000000000080000000000000000000000000"
298051,296127,51,1924,"2b5f704ab7061fb4dbfc5876b024f4bdb2f5e8b600000000000000000000000000000000000000000000000000000000000000"
298102,292336,77,5766,"0000000000000000000000000000000000000000000000000000000000000001000000000000000000000000000000000000000000000000000000000000000060000000000000000000000000"
298179,245830,64,52349,"176211869ca2b568f2a7d4ee941e073a821ee1ff0000000000000000000000002b5f704ab7061fb4dbfc5876b024f4bdb2f5e8b6000000000000000000000000"
298243,248606,115,49637,"00000000000000000000000000000000000000020000000000000000000000000000000000000000000000000000000000000000000000000000000000000000000000000000000000000000000000000000000000000000000000000000000000000000000000000000000000000000000000"
298358,297878,124,480,"00000000000000000000000000000000000000000000000000000000000000000000000000000000000000000000000000000000000000000000000000000000000000000000000000000000000000000000000000000000000000008000000000000000000000000000000000000000000000000000000000000001"
298483,246650,131,51833,"9f865422000000000000000000000000e5d7c2a44ffddf6b295a15c148167daaaf5cf34f0000000000000000000000000000000100000000000000000000000000000001000000000000000000000000000000000000000000000000000000000000008000000000000000000000000000000000000000000000000000000000000000"
298615,246298,89,52317,"000000000000000000000000e5d7c2a44ffddf6b295a15c148167daaaf5cf34f000000000000000000000000000000000000000000000000000000000000000000000000000000000000000000000000000000000000000000"
298704,297520,70,1184,"00000000000000000000000000000000000000000000000000000000000000000000000000008000000000000000000000000000000000000000000000000000000000000000"
298775,252279,35,46496,"2e1a7d4d00000000000000000000000000000000000000000000000000000000000000"
298811,247202,232,51609,"0000000000000000000000000000000000000000000000000000000000000000000000000000000000000000000000000000000000000000000000000000000000000000000000000000000000000000000000000000000000000000000000000000000000000000000000000000000000000000000000000000000000000000000000000000000000000000000000000000000000000000000000000000000000000000000000000000000000000000000000000000008000000000000000000000000000000000000000000000000000000000000000648a6a1e85000000000000000000000000"
299043,296255,32,2788,"eeeeeeeeeeeeeeeeeeeeeeeeeeeeeeeeeeeeeeee000000000000000000000000"
299075,247466,45,51609,"353c1f0bc78fbbc245b3c93ef77b1dcc5b77d2a027100000000000000000000000000000000000000000000000"
299120,296428,38,2692,"15f70a99de40cc00000000000000000000000000000000000000000000000000000000000000"
299158,247549,173,51609,"000000000000000000000000000000000000000000000000000000000000000000000000000000000000000000000000000000000000000000000000000000000000000000000000000000000000000000000000000000000000000000000000000000000000000000000000000000000000000000000000000000008000000000000000000000000000000000000000000000000000000000000001a49f865422000000000000000000000000"
299331,269023,35,30308,"eeeeeeeeeeeeeeeeeeeeeeeeeeeeeeeeeeeeeeee000000000000000000000000000000"
299366,247757,256,51609,"01000000000000000000000000000000010000000000000000000000000000000000000000000000000000000000000080000000000000000000000000000000000000000000000000000000000000004400000000000000000000000000000000000000000000000000000000000000000000000000000000000000000000000000000000000000000000000000000000000000000000000000000000000000000000000000000000000000000000000000000000000000000000000000000000000000000000000000000000000000800000000000000000000000000000000000000000000000000000000000000064d1660f990000000000000000000000"
299366,247757,1,51609,"01"
299623,299331,32,292,"eeeeeeeeeeeeeeeeeeeeeeeeeeeeeeeeeeeeeeee000000000000000000000000"
299655,296319,49,3336,"33fa83e5622d32974e09d5993f47c0ebf6fcadf50000000000000000000000000000000000000000000000000000000000"
299704,248095,96,51609,"0000010000000000000000000000000000000000000000000000000000000000000000000000000000000000000000000000000000000000000000c0000000000000000000000000000000000000000000000000000000000000000000000000"
299800,299700,7,100,"00000000000001"
299808,282592,3,17216,"02f901"
299812,282402,14,17410,"82e70880842edede3a842edede44"
299830,253910,21,45920,"94272e156df8da513c69cb41cc7a99185d53f926bb"
299857,253938,53,45919,"0000b90104a8c9ed67000000000000000000000000e5d7c2a44ffddf6b295a15c148167daaaf5cf34f000000000000000000000000"
299910,289962,51,9948,"7d43aabc515c356145049227cee54b608342c0ad00000000000000000000000000000000000000000000000000000000000000"
299962,299949,12,13,"000000000000000000000000"
299994,269299,31,30695,"0000000000000000000000000000000000000000000000000000000064fa8a"
300026,293690,26,6336,"0000000000000000000000000000000000000000000000000007"
300052,299853,6,199,"1afd498d0000"
300058,300057,24,1,"000000000000000000000000000000000000000000000000"
300090,299731,69,359,"0000000000000000000000000000000000000000000000000000000000000000c0000000000000000000000000000000000000000000000000000000000000000000000000"
300159,283103,6,17056,"3002ee82e708"
300166,282502,88,17664,"842edede3a842edede4483010b3694cce9d3f392c135dc038b147ca73ec496f7f89d938084183ff085c000000000000000000000000000000000000000000000000000000000000000000000000000000000000000000000"
300254,295774,8,4480,"005102f84e82e708"
300263,300166,6,97,"842edede3a84"
300304,263633,77,36671,"0000000000000000000000000000000000000000000000000000000000000001c00000000000000000000000000000000000000000000000000000000000000000000000000000000000000000"
300381,295613,9,4768,"00007102f86e82e708"
300396,300391,4,5,"842d6bc4"
300425,263594,19,36831,"80b844a22cb465000000000000000000000000"
300461,299973,2,488,"00bd"
300464,300304,78,160,"0000000000000000000000000000000000000000000000000000000000000001c0000000000000000000000000000000000000000000000000000000000000000000000000000000000000000000"
300542,284350,54,16192,"010df9010a01842aea5400829d78940872ec4426103482a50f26ffc32acefcec61b3c980b8e4f242432a000000000000000000000000"
300596,286856,20,13740,"0308dbce2c3dfd9ae4f04ba21c5170924acb3bb3"
300616,271816,256,28800,"000000000000000000000000aec3cacef9457ff2821d9f85429ce3d90b0014590000000000000000000000000000000000000000000000000000000000000005000000000000000000000000000000000000000000000000000000000000000100000000000000000000000000000000000000000000000000000000000000a00000000000000000000000000000000000000000000000000000000000000000000000000000000000000000000000000000000000000000000000000000000082e708808000000000000000000000000000000000000000000000000000000000000000000000000000000000000000000000000000010df9010a01842aea54"
300616,271816,44,28800,"000000000000000000000000aec3cacef9457ff2821d9f85429ce3d90b001459000000000000000000000000"
300916,286816,20,14100,"2b5a181148ea2bfc7c70773727d489faf45fee98"
300936,300616,256,320,"000000000000000000000000aec3cacef9457ff2821d9f85429ce3d90b0014590000000000000000000000000000000000000000000000000000000000000005000000000000000000000000000000000000000000000000000000000000000100000000000000000000000000000000000000000000000000000000000000a00000000000000000000000000000000000000000000000000000000000000000000000000000000000000000000000000000000000000000000000000000000082e708808000000000000000000000000000000000000000000000000000000000000000000000000000000000000000000000000000010df9010a01842aea54"
300936,300616,44,320,"000000000000000000000000aec3cacef9457ff2821d9f85429ce3d90b001459000000000000000000000000"
301236,286776,20,14460,"5aa25f6177ca1506e5e97f3310e892b1410ea3df"
301256,283560,256,17696,"000000000000000000000000aec3cacef9457ff2821d9f85429ce3d90b0014590000000000000000000000000000000000000000000000000000000000000005000000000000000000000000000000000000000000000000000000000000000100000000000000000000000000000000000000000000000000000000000000a00000000000000000000000000000000000000000000000000000000000000000000000000000000000000000000000000000000000000000000000000000000082e70880800000000000000000000000000000000000000000000000000000000000000000000000000000000000000000000000000001eff901ec80842aea54"
301256,283560,225,17696,"000000000000000000000000aec3cacef9457ff2821d9f85429ce3d90b0014590000000000000000000000000000000000000000000000000000000000000005000000000000000000000000000000000000000000000000000000000000000100000000000000000000000000000000000000000000000000000000000000a00000000000000000000000000000000000000000000000000000000000000000000000000000000000000000000000000000000000000000000000000000000082e708808000000000000000000000000000000000000000000000000000000000"
301738,285546,160,16192,"00000000000000000000000000000000000000000000000000000000000000000000000000000000000000000000000000000000000000000000000000000005000000000000000000000000000000000000000000000000000000000000000000000000000000000000000000000000000000000000000000000000000001400000000000000000000000000000000000000000000000000000000000000041"
301960,297460,34,4500,"1ab61b00000000000000000000000000000000000000000000000000000000000000"
301994,272874,256,29120,"82e7088080000000000000000000000000000000000000000000000000000000000000000000000000000000000000000000000001eff901ec80842aea540083015f90940872ec4426103482a50f26ffc32acefcec61b3c980b901c4d4dfd6bc00000000000000000000000000000000000000000000000000000000000000000000000000000000000000000000000000000000000000000000000000000000000000000000000000000000000000000000000000000000000000000000000000000000000000000000000000000000000000000000000000000000000000010000000000000000000000000000000000000000000000000000000000000001"
301994,272874,30,29120,"82e708808000000000000000000000000000000000000000000000000000"
302282,301738,160,544,"00000000000000000000000000000000000000000000000000000000000000000000000000000000000000000000000000000000000000000000000000000005000000000000000000000000000000000000000000000000000000000000000000000000000000000000000000000000000000000000000000000000000001400000000000000000000000000000000000000000000000000000000000000041"
302487,297687,2,4800,"009b"
302506,258346,256,44160,"1c0000000000000000000000000000000000000000000000000000000000000082e7088080000000000000000000000000000000000000000000000000000000000000000000000000000000000000000000000001eff901ec80842aea540083015f90940872ec4426103482a50f26ffc32acefcec61b3c980b901c4d4dfd6bc0000000000000000000000000000000000000000000000000000000000000000000000000000000000000000000000000000000000000000000000000000000000000000000000000000000000000000000000000000000000000000000000000000000000000000000000000000000000000000000000000000000000000001"
302506,258346,63,44160,"1c0000000000000000000000000000000000000000000000000000000000000082e70880800000000000000000000000000000000000000000000000000000"
302826,302282,160,544,"00000000000000000000000000000000000000000000000000000000000000000000000000000000000000000000000000000000000000000000000000000005000000000000000000000000000000000000000000000000000000000000000000000000000000000000000000000000000000000000000000000000000001400000000000000000000000000000000000000000000000000000000000000041"
303050,301962,97,1088,"1b0000000000000000000000000000000000000000000000000000000000000082e7088080000000000000000000000000000000000000000000000000000000000000000000000000000000000000000000000001eff901ec80842aea54008301"
303147,273675,222,29472,"591c940872ec4426103482a50f26ffc32acefcec61b3c980b901c4d4dfd6bc0000000000000000000000000000000000000000000000000000000000000000000000000000000000000000000000000000000000000000000000000000000000000000000000000000000000000000000000000000000000000000000000000000000000000000000000000000000000000000000000000000000000000001000000000000000000000000000000000000000000000000000000000000000100000000000000000000000000000000000000000000000000000000652212"
303370,302826,160,544,"00000000000000000000000000000000000000000000000000000000000000000000000000000000000000000000000000000000000000000000000000000005000000000000000000000000000000000000000000000000000000000000000000000000000000000000000000000000000000000000000000000000000001400000000000000000000000000000000000000000000000000000000000000041"
303594,239882,87,63712,"1b0000000000000000000000000000000000000000000000000000000000000082e70880800000000000000000000000000000000000000000000000000000000000000000000000000000000000000000000000002ceb"
303681,286049,10,17632,"56842aea540082520894"
303711,285983,66,17728,"865af3107a40008082e70880800000000000000000000000000000000000000000000000000000000000000000000000000000000000000000000000000000002ceb"
303777,259265,10,44512,"55842aea540082520894"
303807,286079,96,17728,"865af3107a40008082e70880800000000000000000000000000000000000000000000000000000000000000000000000000000000000000000000000000000000000000000000000000000000000000000000000000000000000000000000002"
303944,289738,20,14206,"e28033a9bd54202d5f2487dd2c8518f48f4f07c2"
303984,292445,20,11539,"c9eee68292a3f290b4b33e58b1b1dba695665d9f"
304004,293025,20,10979,"35efc5479658d1144e36e55e2c10bc56c12526be"
304044,294816,20,9228,"76b17077ea576c531f26cc5f4c613014b6bbb5e5"
304064,274516,20,29548,"9344dc76389a6f8aa2cdbf0ff21240282d3bc1e9"
304124,259904,20,44220,"0b652eff5070c4c2251a3309ef0f90cee17161f2"
304144,299655,20,4489,"33fa83e5622d32974e09d5993f47c0ebf6fcadf5"
304164,299974,20,4190,"bd470c8e59e1353fd2e629fcffadb491627da220"
304184,286496,20,17688,"e67a538720b223affa72dd092c22f16b08a87963"
304242,290880,3,13362,"02f903"
304245,300597,19,3648,"08dbce2c3dfd9ae4f04ba21c5170924acb3bb3"
304264,300916,20,3348,"2b5a181148ea2bfc7c70773727d489faf45fee98"
304284,301236,20,3048,"5aa25f6177ca1506e5e97f3310e892b1410ea3df"
304304,285963,20,18341,"ab5dd73d001f8f545ee048916098579124baf0f2"
304324,285867,20,18457,"2de8c57d428d58a230393734b4894457c3c9f272"
304344,286059,20,18285,"a831cc4f8964fccef9ac5435e78e303080667598"
304364,285229,20,19135,"17a54fa9fb4c4e8711613ae90eb496550e8fa824"
304384,260204,20,44180,"9dbad420963e53775a51ea9aad4afa3af6e5d753"
304404,260244,76,44160,"f6f8b5bc021ff67a9932346447dd7e78aa6742240000000000000000000000000000000000000000000000000000000000000000000000000000000000000000000000000000000000000000"
304480,246138,94,58342,"00000000000000000000000000000000000000000000000000000000000000040000000000000000000000000000000000000000000000000000000000000080000000000000000000000000000000000000000000000000000000000000"
304575,303595,32,980,"0000000000000000000000000000000000000000000000000000000000000082"
304607,304575,31,32,"00000000000000000000000000000000000000000000000000000000000000"
304672,287008,31,17664,"0000000000000000000000000000000000000000000000000000000064fa85"
304704,300091,62,4613,"00000000000000000000000000000000000000000000000000000000000000c0000000000000000000000000000000000000000000000000000000000000"
304767,304735,32,32,"c000000000000000000000000000000000000000000000000000000000000044"
304800,292140,31,12660,"00000000000000000000000000000000000000000000000000000000000047"
304832,304704,31,128,"00000000000000000000000000000000000000000000000000000000000000"
304864,261555,62,43309,"00000000000000000000000000000000000000000000000000000000000003a0000000000000000000000000000000000000000000000000000000000000"
304927,304832,31,95,"00000000000000000000000000000000000000000000000000000000000000"
304959,281817,32,23142,"0000000000000000000000000000000000000000000000000000000000000014"
304992,275648,31,29344,"00000000000000000000000000000000000000000000000000000000000016"
305023,304991,32,32,"6000000000000000000000000000000000000000000000000000000000000016"
305056,275680,31,29376,"00000000000000000000000000000000000000000000000000000000000018"
305088,275712,31,29376,"00000000000000000000000000000000000000000000000000000000000019"
305119,260799,32,44320,"600000000000000000000000000000000000000000000000000000000000001a"
305152,275872,31,29280,"0000000000000000000000000000000000000000000000000000000000001c"
305183,304959,31,224,"00000000000000000000000000000000000000000000000000000000000000"
305216,242496,62,62720,"00000000000000000000000000000000000000000000000000000000000033c0000000000000000000000000000000000000000000000000000000000000"
305280,305248,31,32,"00000000000000000000000000000000000000000000000000000000000034"
305312,287776,62,17536,"0000000000000000000000000000000000000000000000000000000000003540000000000000000000000000000000000000000000000000000000000000"
305376,287808,31,17568,"00000000000000000000000000000000000000000000000000000000000036"
305408,305376,31,32,"00000000000000000000000000000000000000000000000000000000000036"
305440,260480,31,44960,"00000000000000000000000000000000000000000000000000000000000038"
305471,305183,31,288,"00000000000000000000000000000000000000000000000000000000000000"
305504,287872,31,17632,"00000000000000000000000000000000000000000000000000000000000039"
305536,242688,31,62848,"0000000000000000000000000000000000000000000000000000000000003b"
305568,242720,31,62848,"0000000000000000000000000000000000000000000000000000000000003d"
305599,305471,31,128,"00000000000000000000000000000000000000000000000000000000000000"
305632,303499,31,2133,"00000000000000000000000000000000000000000000000000000000000041"
305664,305632,31,32,"00000000000000000000000000000000000000000000000000000000000041"
305695,242815,32,62880,"a000000000000000000000000000000000000000000000000000000000000042"
305727,270999,32,34728,"0000000000000000000000000000000000000000000000000000000000000042"
305760,242848,31,62912,"00000000000000000000000000000000000000000000000000000000000043"
305792,276320,39,29472,"000000000000000000000000000000000000000000000000000000000000003602f482e70882ab"
305832,276360,16,29472,"8502040eba5285026b44df95825a3c94"
305868,276396,50,29472,"87354a6ba7a1800780c000000000000000000000000000000000000000000000000000000000000000000000000000000000"
305924,290884,5,15040,"82e7080184"
305929,243210,8,62719,"3b9aca00843b9aca"
305937,303144,2,2793,"0083"
305943,263613,20,42330,"0cab6977a9c70e04458b740476b498b214019641"
305969,299858,2,6111,"00b9"
305977,275321,6,30656,"000000000009"
305991,241565,2,64426,"0049"
306021,299623,20,6398,"eeeeeeeeeeeeeeeeeeeeeeeeeeeeeeeeeeeeeeee"
306137,304704,62,1433,"00000000000000000000000000000000000000000000000000000000000000c0000000000000000000000000000000000000000000000000000000000000"
306202,306188,11,14,"0000000000000000000000"
306233,304699,2,1534,"0064"
306236,306207,6,29,"000000000000"
306245,305989,20,256,"af930049fc1658c631c1c069a12184f16db1ee81"
306265,306236,6,29,"000000000000"
306271,305964,6,307,"a3b5840f4000"
306277,296703,19,9574,"00000000000000000000000000000000000008"
306297,306265,31,32,"000000000000a3b5840f400000000000000000000000000000000000000008"
306329,306297,31,32,"000000000000a3b5840f400000000000000000000000000000000000000008"
306361,306329,31,32,"000000000000a3b5840f400000000000000000000000000000000000000008"
306393,306361,31,32,"000000000000a3b5840f400000000000000000000000000000000000000008"
306425,306393,31,32,"000000000000a3b5840f400000000000000000000000000000000000000008"
306457,306425,31,32,"000000000000a3b5840f400000000000000000000000000000000000000008"
306489,306457,31,32,"000000000000a3b5840f400000000000000000000000000000000000000008"
306521,306489,31,32,"000000000000a3b5840f400000000000000000000000000000000000000008"
306553,306521,31,32,"000000000000a3b5840f400000000000000000000000000000000000000008"
306585,306553,31,32,"000000000000a3b5840f400000000000000000000000000000000000000008"
306617,306585,31,32,"000000000000a3b5840f400000000000000000000000000000000000000008"
306649,306617,31,32,"000000000000a3b5840f400000000000000000000000000000000000000008"
306681,306649,31,32,"000000000000a3b5840f400000000000000000000000000000000000000008"
306713,306681,31,32,"000000000000a3b5840f400000000000000000000000000000000000000008"
306745,306713,30,32,"000000000000a3b5840f4000000000000000000000000000000000000000"
306776,306520,32,256,"fa000000000000a3b5840f400000000000000000000000000000000000000008"
306809,306777,31,32,"000000000000a3b5840f400000000000000000000000000000000000000008"
306841,306745,31,96,"000000000000a3b5840f400000000000000000000000000000000000000007"
306873,306841,31,32,"000000000000a3b5840f400000000000000000000000000000000000000007"
306904,306616,32,288,"f8000000000000a3b5840f400000000000000000000000000000000000000008"
306937,306905,31,32,"000000000000a3b5840f400000000000000000000000000000000000000008"
306969,306873,31,96,"000000000000a3b5840f400000000000000000000000000000000000000007"
307001,306937,31,64,"000000000000a3b5840f400000000000000000000000000000000000000008"
307033,306969,31,64,"000000000000a3b5840f400000000000000000000000000000000000000007"
307065,307001,31,64,"000000000000a3b5840f400000000000000000000000000000000000000008"
307097,307033,31,64,"000000000000a3b5840f400000000000000000000000000000000000000007"
307129,307065,31,64,"000000000000a3b5840f400000000000000000000000000000000000000008"
307161,307097,31,64,"000000000000a3b5840f400000000000000000000000000000000000000007"
307192,306392,32,800,"fb000000000000a3b5840f400000000000000000000000000000000000000008"
307225,307193,31,32,"000000000000a3b5840f400000000000000000000000000000000000000008"
307256,307248,7,8,"00000000000000"
307263,307231,25,32,"a3b5840f400000000000000000000000000000000000000008"
307289,307161,31,128,"000000000000a3b5840f400000000000000000000000000000000000000007"
307321,307257,31,64,"000000000000a3b5840f400000000000000000000000000000000000000008"
307353,307289,31,64,"000000000000a3b5840f400000000000000000000000000000000000000007"
307384,307096,31,288,"ee000000000000a3b5840f4000000000000000000000000000000000000000"
307417,307385,31,32,"000000000000a3b5840f400000000000000000000000000000000000000008"
307449,307417,31,32,"000000000000a3b5840f400000000000000000000000000000000000000008"
307481,307353,31,128,"000000000000a3b5840f400000000000000000000000000000000000000007"
307513,307449,31,64,"000000000000a3b5840f400000000000000000000000000000000000000008"
307545,307513,31,32,"000000000000a3b5840f400000000000000000000000000000000000000008"
307577,307481,31,96,"000000000000a3b5840f400000000000000000000000000000000000000007"
307609,307577,31,32,"000000000000a3b5840f400000000000000000000000000000000000000007"
307640,307288,31,352,"f1000000000000a3b5840f4000000000000000000000000000000000000000"
307673,307609,31,64,"000000000000a3b5840f400000000000000000000000000000000000000007"
307704,306968,32,736,"f0000000000000a3b5840f400000000000000000000000000000000000000007"
307736,306296,31,1440,"f6000000000000a3b5840f4000000000000000000000000000000000000000"
307769,307641,31,128,"000000000000a3b5840f400000000000000000000000000000000000000008"
307801,307737,31,64,"000000000000a3b5840f400000000000000000000000000000000000000007"
307833,307769,31,64,"000000000000a3b5840f400000000000000000000000000000000000000008"
307865,307801,31,64,"000000000000a3b5840f400000000000000000000000000000000000000007"
307896,306360,31,1536,"f4000000000000a3b5840f4000000000000000000000000000000000000000"
307928,307160,31,768,"ed000000000000a3b5840f4000000000000000000000000000000000000000"
307961,307929,31,32,"000000000000a3b5840f400000000000000000000000000000000000000008"
307993,307961,31,32,"000000000000a3b5840f400000000000000000000000000000000000000008"
308025,307993,31,32,"000000000000a3b5840f400000000000000000000000000000000000000008"
308057,307897,31,160,"000000000000a3b5840f400000000000000000000000000000000000000007"
308088,306744,31,1344,"e8000000000000a3b5840f4000000000000000000000000000000000000000"
308121,308057,31,64,"000000000000a3b5840f400000000000000000000000000000000000000007"
308152,307800,31,352,"e7000000000000a3b5840f4000000000000000000000000000000000000000"
308185,308153,31,32,"000000000000a3b5840f400000000000000000000000000000000000000008"
308217,308121,31,96,"000000000000a3b5840f400000000000000000000000000000000000000007"
308248,307864,32,384,"e6000000000000a3b5840f400000000000000000000000000000000000000007"
308280,307480,32,800,"e5000000000000a3b5840f400000000000000000000000000000000000000007"
308312,306680,32,1632,"ec000000000000a3b5840f400000000000000000000000000000000000000008"
308345,308313,31,32,"000000000000a3b5840f400000000000000000000000000000000000000008"
308377,308281,31,96,"000000000000a3b5840f400000000000000000000000000000000000000007"
308408,306840,32,1568,"ea000000000000a3b5840f400000000000000000000000000000000000000007"
308440,307576,31,864,"e3000000000000a3b5840f4000000000000000000000000000000000000000"
308473,308409,31,64,"000000000000a3b5840f400000000000000000000000000000000000000007"
308504,306936,31,1568,"e9000000000000a3b5840f4000000000000000000000000000000000000000"
308536,307672,31,864,"e2000000000000a3b5840f4000000000000000000000000000000000000000"
308569,308441,31,128,"000000000000a3b5840f400000000000000000000000000000000000000008"
308601,308537,31,64,"000000000000a3b5840f400000000000000000000000000000000000000009"
308633,308569,31,64,"000000000000a3b5840f400000000000000000000000000000000000000008"
308665,308601,31,64,"000000000000a3b5840f400000000000000000000000000000000000000009"
308697,308665,31,32,"000000000000a3b5840f400000000000000000000000000000000000000009"
308729,308505,31,224,"000000000000a3b5840f400000000000000000000000000000000000000007"
308760,308344,32,416,"dd000000000000a3b5840f400000000000000000000000000000000000000008"
308793,308697,31,96,"000000000000a3b5840f400000000000000000000000000000000000000009"
308825,308761,31,64,"000000000000a3b5840f400000000000000000000000000000000000000008"
308857,308729,31,128,"000000000000a3b5840f400000000000000000000000000000000000000007"
308888,308376,31,512,"dc000000000000a3b5840f4000000000000000000000000000000000000000"
308921,308825,31,96,"000000000000a3b5840f400000000000000000000000000000000000000008"
308953,308857,31,96,"000000000000a3b5840f400000000000000000000000000000000000000007"
308984,308472,31,512,"db000000000000a3b5840f4000000000000000000000000000000000000000"
309017,308921,31,96,"000000000000a3b5840f400000000000000000000000000000000000000008"
309049,309017,31,32,"000000000000a3b5840f400000000000000000000000000000000000000008"
309081,308953,31,128,"000000000000a3b5840f400000000000000000000000000000000000000007"
309113,308985,31,128,"000000000000a3b5840f400000000000000000000000000000000000000009"
309145,309081,31,64,"000000000000a3b5840f400000000000000000000000000000000000000007"
309176,307352,31,1824,"e0000000000000a3b5840f4000000000000000000000000000000000000000"
309209,309177,31,32,"000000000000a3b5840f400000000000000000000000000000000000000008"
309241,309209,31,32,"000000000000a3b5840f400000000000000000000000000000000000000008"
309273,309113,31,160,"000000000000a3b5840f400000000000000000000000000000000000000009"
309305,309145,31,160,"000000000000a3b5840f400000000000000000000000000000000000000007"
309336,307448,31,1888,"de000000000000a3b5840f4000000000000000000000000000000000000000"
309368,308120,32,1248,"d9000000000000a3b5840f400000000000000000000000000000000000000007"
309400,308184,32,1216,"d8000000000000a3b5840f400000000000000000000000000000000000000008"
309433,309369,31,64,"000000000000a3b5840f400000000000000000000000000000000000000007"
309470,303870,33,5600,"000000000000000000000000000000000000000000000000000000000000000002"
309541,270635,3,38906,"80b902"
309549,305490,13,4059,"00000000000000000000000038"
309581,304512,60,5069,"000000000000000000000000000000000000000000000000000000000000008000000000000000000000000000000000000000000000000000000000"
309645,303466,63,6179,"000000000000000000000000000000000000000000000000000000000000014000000000000000000000000000000000000000000000000000000000000000"
309713,281657,32,28056,"00000000000000000000000000000000000000000000000000000000000000b8"
309770,279431,2,30339,"00d5"
309777,250823,32,58954,"000000000000000000000000000000000000000000000000000000000000000a"
309809,309745,63,64,"675bfe1c26c856a231f904e6555aefcdf8dbe1a20e724ab0bf00d5cfd3b1f6a300000000000000000000000000000000000000000000000000000000000000"
309872,304578,29,5294,"0000000000000000000000000000000000000000000000000000000082"
309936,304308,2,5628,"001f"
310013,274622,2,35391,"00a6"
310031,303596,79,6435,"00000000000000000000000000000000000000000000000000000000000082e70880800000000000000000000000000000000000000000000000000000000000000000000000000000000000000000"
310116,276451,6,33665,"8435a4e90083"
310125,254422,21,55703,"94678aa4bf4e210cf2166753e054d5b7c31cc7fa86"
310153,299858,3,10295,"00b901"
310157,270639,35,39518,"5ae401dc0000000000000000000000000000000000000000000000000000000064fa86"
310193,254491,126,55702,"000000000000000000000000000000000000000000000000000000000000004000000000000000000000000000000000000000000000000000000000000000010000000000000000000000000000000000000000000000000000000000000020000000000000000000000000000000000000000000000000000000000000"
310319,310318,1,1,"00"
310325,253947,94,56378,"000000000000000000000000e5d7c2a44ffddf6b295a15c148167daaaf5cf34f000000000000000000000000176211869ca2b568f2a7d4ee941e073a821ee1ff000000000000000000000000000000000000000000000000000000000000"
310421,305586,13,4835,"0000000000000000000000003d"
310434,286197,19,24237,"391afffed2255a2dd00325c3a96a5a8e023ff8"
310453,278100,26,32353,"0000000000000000000000000000000000000000000000000052"
310479,310148,6,331,"878fda21e000"
310485,309474,29,1011,"0000000000000000000000000000000000000000000000000000000002"
310517,301388,106,9129,"00000000000000000000000000000000000000000000000000000000000000000000000000000000000000000000000000000000000000000000000082e70880800000000000000000000000000000000000000000000000000000000000000000000000000000000000"
310623,276607,6,34016,"3702f582e708"
310635,310630,5,5,"84308a7666"
310672,309707,2,965,"0084"
310679,282551,48,28128,"000000000000000000000000000000000000000000000000000000000000000000000000000000013302f9012f82e708"
310733,310728,4,5,"842f4879"
310738,282610,128,28128,"827e5494d1a3abf42f9e66be86cfdea8c5c2c74f041c5e1480b901045b7d7482000000000000000000000000000000000000000000000000000000000000004000000000000000000000000000000000000000000000000000000000000000a00000000000000000000000000000000000000000000000000000000000000040"
310868,282775,3,28093,"306432"
310873,277683,3,33190,"326462"
310889,268469,3,42420,"386238"
310898,280782,3,30116,"646461"
310907,255334,4,55573,"35623766"
310911,280820,3,30091,"356335"
310914,280752,3,30162,"636663"
310918,277116,3,33802,"303934"
310922,252885,3,58037,"323136"
310927,256128,3,54799,"623133"
310930,280786,33,30144,"000000000000000000000000000000000000000000000000000000000000004066"
310963,289218,3,21745,"663362"
310968,282836,4,28132,"63373339"
310980,280853,3,30127,"396230"
310986,281198,3,29788,"376563"
310997,252831,3,58166,"386362"
311006,268724,3,42282,"323564"
311012,280851,3,30161,"363339"
311016,277719,3,33297,"346161"
311019,289153,3,21866,"336435"
311022,277737,3,33285,"616564"
311025,268529,46,42496,"35c00000000000000000000000000000000000000000000000000000000000000000000000000000000000000001"
311071,263711,3,47360,"1b02f9"
311075,263715,4,47360,"1782e708"
311079,253701,3,57378,"80842f"
311085,311080,4,5,"842f1f97"
311094,277229,22,33865,"948731d54e9d02c286767d56ac03e8037c07e01e9888"
311124,281651,37,29473,"b8e41114cd2a00000000000000000000000000000000000000000000000000000000000000"
311162,311149,12,13,"000000000000000000000000"
311194,310802,56,392,"00000000000000000000000000000000000000000000000000000000000000a0000000000000000000000000000000000000000000000000"
311256,251393,27,59863,"800000000000000000000000000000000000000000000000000001"
311289,281816,33,29473,"000000000000000000000000000000000000000000000000000000000000000014"
311322,311174,32,148,"8be0e86d602cc465eef0ad96491488c18f0e4e7c000000000000000000000000"
311354,280538,37,30816,"c0000000000000000000000000000000000000000000000000000000000000000000000001"
311391,281599,8,29792,"1a02f9011682e708"
311399,311079,13,320,"80842f1f97d6842f1f97e08307"
311414,281622,22,29792,"948731d54e9d02c286767d56ac03e8037c07e01e9887"
311443,311124,37,319,"b8e41114cd2a00000000000000000000000000000000000000000000000000000000000000"
311481,311468,12,13,"000000000000000000000000"
311513,310802,57,711,"00000000000000000000000000000000000000000000000000000000000000a000000000000000000000000000000000000000000000000000"
311576,275077,27,36499,"000000000000000000000000000000000000000000000000000026"
311608,311289,33,319,"000000000000000000000000000000000000000000000000000000000000000014"
311641,311493,32,148,"98918521c4867539728a5b2cb6a7cf61c6116762000000000000000000000000"
311673,268185,46,43488,"c0000000000000000000000000000000000000000000000000000000000000000000000000013302f9012f82e708"
311720,311400,10,320,"842f1f97d6842f1f97e0"
311730,310738,129,992,"827e5494d1a3abf42f9e66be86cfdea8c5c2c74f041c5e1480b901045b7d7482000000000000000000000000000000000000000000000000000000000000004000000000000000000000000000000000000000000000000000000000000000a0000000000000000000000000000000000000000000000000000000000000004065"
311859,255669,3,56190,"396638"
311864,289222,3,22642,"353838"
311868,289205,3,22663,"616237"
311872,281097,3,30775,"376637"
311878,252819,4,59059,"35626434"
311883,277105,3,34778,"303365"
311886,310989,3,897,"373166"
311889,310976,3,913,"653138"
311892,280874,3,31018,"666430"
311906,311876,3,30,"346635"
311916,252828,3,59088,"646561"
311921,268433,33,43488,"660000000000000000000000000000000000000000000000000000000000000040"
311956,282882,3,29074,"363630"
311959,255312,3,56647,"656465"
311962,280735,3,31227,"663264"
311968,255341,3,56627,"353739"
311971,277813,4,34158,"64313237"
311975,282739,3,29236,"326236"
311981,255663,3,56318,"303366"
311985,268470,3,43515,"623861"
311989,252795,3,59194,"626366"
311996,255338,3,56658,"623561"
312000,268866,3,43134,"376266"
312004,268863,3,43141,"623162"
312007,310993,3,1014,"383838"
312011,256112,3,55899,"333439"
312019,283059,50,28960,"00000000000000000000000000000000000000000000000000000000000000000000000000000000000000003002ee82e708"
312070,311400,11,670,"842f1f97d6842f1f97e083"
312081,300177,77,11904,"010b3694cce9d3f392c135dc038b147ca73ec496f7f89d938084183ff085c000000000000000000000000000000000000000000000000000000000000000000000000000000000000000000000"
312159,299807,3,12352,"3b02f9"
312163,299811,6,12352,"3782e7088084"
312169,312071,10,98,"2f1f97d6842f1f97e083"
312200,312189,3,11,"604052"
312211,312157,1,54,"00"
312219,312212,5,7,"8152602001"
312229,312219,6,10,"815260200163"
312239,312212,6,27,"815260200160"
312245,312211,7,34,"00815260200160"
312252,312245,13,7,"00815260200160008152602001"
312270,312253,7,17,"81526020016000"
312279,312270,5,9,"8152602001"
312306,295997,20,16309,"ffffffffffffffffffffffffffffffffffffffff"
312333,310576,2,1757,"0082"
312335,311250,3,1085,"015181"
312339,311709,2,630,"0001"
312344,312334,5,10,"8201518160"
312350,312340,3,10,"015560"
312354,312344,5,10,"8201518160"
312360,312350,3,10,"015560"
312364,312354,5,10,"8201518160"
312370,312360,3,10,"015560"
312374,312364,5,10,"8201518160"
312380,312370,3,10,"015560"
312384,312374,5,10,"8201518160"
312390,312380,3,10,"015560"
312394,312384,5,10,"8201518160"
312400,312390,3,10,"015560"
312404,312394,5,10,"8201518160"
312414,312333,6,81,"008201518160"
312421,312410,4,11,"01556101"
312425,312343,6,82,"208201518160"
312434,279858,2,32576,"0061"
312437,309807,2,2630,"000a"
312442,312305,21,137,"73ffffffffffffffffffffffffffffffffffffffff"
312468,312305,22,163,"73ffffffffffffffffffffffffffffffffffffffff16"
312501,312339,2,162,"0001"
312505,312275,3,230,"600080"
312511,312192,4,319,"60405180"
312516,312198,6,318,"400160405280"
312524,312279,5,245,"8152602001"
312538,312134,24,404,"000000000000000000000000000000000000000000000000"
312562,312327,4,235,"81525060"
312566,312512,11,54,"4051806040016040528060"
312578,312524,6,54,"81526020017f"
312586,312128,30,458,"000000000000000000000000000000000000000000000000000000000000"
312616,312562,3,54,"815250"
312623,312565,5,58,"6040518060"
312629,312571,6,58,"016040528060"
312636,312578,5,58,"8152602001"
312642,305053,2,7589,"0016"
312649,312623,12,26,"604051806080016040528060"
312662,312636,8,26,"8152602001620016"
312675,312284,21,391,"7340570a0b264bca69c041d9916344178f4a08d17f"
312699,312330,3,369,"600160"
312702,312193,10,509,"40518061014001604052"
312714,312332,4,382,"60008201"
312719,312270,6,449,"815260200160"
312726,312716,9,10,"820154815260200160"
312736,312726,9,10,"820154815260200160"
312746,312736,9,10,"820154815260200160"
312756,312746,9,10,"820154815260200160"
312766,312756,9,10,"820154815260200160"
312776,312766,9,10,"820154815260200160"
312786,312776,9,10,"820154815260200160"
312796,312786,9,10,"820154815260200160"
312809,264829,2,47980,"0090"
312813,312435,4,378,"6101000a"
312819,312468,22,351,"73ffffffffffffffffffffffffffffffffffffffff16"
312841,312819,44,22,"73ffffffffffffffffffffffffffffffffffffffff1673ffffffffffffffffffffffffffffffffffffffff16"
312885,312616,3,269,"815250"
312890,310512,2,2378,"0002"
312893,312889,3,4,"620002"
312898,303432,2,9466,"0005"
312909,312897,3,12,"620005"
312913,312901,8,12,"60201b60201c565b"
312957,305213,2,7744,"001c"
312960,304893,2,8067,"0003"
312966,277308,2,35658,"000b"
312969,312919,3,50,"565b60"
312972,275837,2,37135,"001b"
312974,312923,32,51,"7f360894a13ba1a3210667c828492db98dca3e2076cc3735a920a3ca505d382b"
313007,312971,3,36,"60001b"
313011,312959,3,52,"620003"
313016,313011,3,5,"620003"
313021,306198,2,6823,"000c"
313048,313016,3,32,"620003"
313052,312974,36,78,"7f360894a13ba1a3210667c828492db98dca3e2076cc3735a920a3ca505d382bbc60001b"
313089,296688,2,16401,"0006"
313092,312913,3,179,"60201b"
313095,312893,3,202,"620002"
313100,312916,6,184,"60201c565b60"
313106,297140,4,15966,"00016000"
313110,312435,60,675,"6101000a81548173ffffffffffffffffffffffffffffffffffffffff021916908373ffffffffffffffffffffffffffffffffffffffff160217905550"
313171,304925,2,8246,"0004"
313174,313027,21,147,"73d82f30c68369f255b32be4864deef620a3c709fb"
313196,313195,6,1,"898989898989"
313203,303808,6,9395,"5af3107a4000"
313213,312568,3,645,"806040"
313220,313170,3,50,"620004"
313232,312963,4,269,"91906200"
313238,313103,3,135,"565b60"
313241,313215,3,26,"405160"
313252,312709,3,543,"604052"
313260,312588,28,672,"00000000000000000000000000000000000000000000000000000000"
313289,295989,28,17300,"ffffffffffffffffffffffffffffffffffffffffffffffffffffffff"
313319,312342,4,977,"60208201"
313325,313288,29,37,"7bffffffffffffffffffffffffffffffffffffffffffffffffffffffff"
313360,312886,3,474,"525050"
313363,312887,4,476,"50506200"
313369,313092,6,277,"60201b620002"
313376,313099,6,277,"1760201c565b"
313383,312909,3,474,"620005"
313387,313174,21,213,"73d82f30c68369f255b32be4864deef620a3c709fb"
313409,313105,3,304,"600001"
313414,312801,3,613,"602001"
313419,312569,3,850,"604001"
313429,312653,3,776,"608001"
313449,312423,3,1026,"610120"
313456,295347,3,18109,"010001"
313460,313214,8,246,"6040516024016200"
313471,313224,12,247,"999897969594939291906200"
313485,313238,18,247,"565b6040516020818303038152906040527f"
313507,313260,123,247,"000000000000000000000000000000000000000000000000000000007bffffffffffffffffffffffffffffffffffffffffffffffffffffffff19166020820180517bffffffffffffffffffffffffffffffffffffffffffffffffffffffff83818316178352505050506200068660201b620002ce1760201c565b50"
313630,313629,8,1,"5050505050505050"
313638,313020,3,618,"62000c"
313642,313103,4,539,"565b6000"
313650,313642,4,8,"565b6000"
313655,312808,33,847,"60009054906101000a900473ffffffffffffffffffffffffffffffffffffffff16"
313691,313652,3,39,"600080"
313694,313110,60,584,"6101000a81548173ffffffffffffffffffffffffffffffffffffffff021916908373ffffffffffffffffffffffffffffffffffffffff160217905550"
313754,313700,22,54,"8173ffffffffffffffffffffffffffffffffffffffff"
313777,313754,23,23,"8173ffffffffffffffffffffffffffffffffffffffff16"
313833,313487,4,346,"60405160"
313837,312702,3,1135,"405180"
313846,313650,4,196,"565b6000"
313855,313845,4,10,"50565b60"
313860,313612,3,248,"620006"
313866,312649,5,1217,"6040518060"
313871,312699,4,1172,"60016040"
313875,312658,3,1217,"528060"
313879,312662,8,1217,"8152602001620016"
313892,313860,3,32,"620006"
313896,312913,8,983,"60201b60201c565b"
313908,313844,5,64,"5050565b60"
313913,313859,4,54,"60620006"
313920,309462,2,4458,"0007"
313923,312901,10,1022,"60201b60201c565b6200"
313936,313866,3,70,"604051"
313944,312588,30,1356,"000000000000000000000000000000000000000000000000000000008152"
313974,312378,3,1596,"600401"
313977,313931,3,46,"620007"
313981,313480,4,501,"9062000a"
313986,313485,5,501,"565b604051"
313991,313839,4,152,"80910390"
313996,313651,4,345,"5b600080"
314001,313778,22,223,"73ffffffffffffffffffffffffffffffffffffffff16"
314024,313988,3,36,"604051"
314027,313977,3,50,"620007"
314031,313232,5,799,"9190620009"
314037,313846,4,191,"565b6000"
314041,313988,4,53,"60405180"
314051,313907,3,144,"915050"
314056,313848,3,208,"600081"
314060,314027,3,33,"620007"
314064,313935,4,129,"57604051"
314076,311394,3,2682,"011682"
314079,313872,4,207,"01604052"
314087,314039,3,48,"600060"
314094,314060,3,34,"620007"
314098,313910,4,188,"565b6060"
314107,314105,3,2,"509150"
314110,314094,3,16,"620007"
314117,314110,3,7,"620007"
314121,313923,8,198,"60201b60201c565b"
314130,313635,3,495,"505050"
314134,314129,4,5,"92505050"
314138,313650,5,488,"565b600080"
314144,314001,22,143,"73ffffffffffffffffffffffffffffffffffffffff16"
314168,313851,9,317,"9050919050565b6060"
314179,314117,3,62,"620007"
314188,309430,2,4758,"0008"
314191,314138,4,53,"565b6000"
314198,314178,4,20,"15620007"
314208,313881,3,327,"602001"
314214,313936,43,278,"6040517f08c379a00000000000000000000000000000000000000000000000000000000081526004016200"
314259,314031,5,228,"9190620009"
314265,313986,11,279,"565b60405180910390fd5b"
314276,314133,7,143,"9392505050565b"
314283,314255,3,28,"620008"
314288,312965,3,1323,"62000b"
314295,313607,3,688,"525050"
314298,314281,5,17,"565b620008"
314304,314287,4,17,"8162000b"
314309,314292,8,17,"565b82525050565b"
314318,314306,1,12,"00"
314319,314300,3,19,"620008"
314324,313982,3,342,"62000a"
314328,314298,5,30,"565b620008"
314336,314305,3,31,"62000b"
314343,314186,4,157,"50620008"
314354,314336,3,18,"62000b"
314363,314051,3,312,"915050"
314366,313906,6,460,"92915050565b"
314372,314344,3,28,"620008"
314376,314304,4,72,"8162000b"
314381,314292,11,89,"565b82525050565b620008"
314393,314376,4,17,"8162000b"
314398,314309,13,89,"565b82525050565b6000620008"
314412,314323,4,89,"8262000a"
314417,314387,5,30,"565b620008"
314423,314334,5,89,"818562000b"
314429,314340,7,89,"565b9350620008"
314437,314348,12,89,"81856020860162000bec565b"
314449,314433,3,16,"620008"
314454,313638,3,816,"62000c"
314460,314361,11,99,"840191505092915050565b"
314471,314406,5,65,"6000620008"
314480,314425,6,55,"62000b0e565b"
314486,314108,4,378,"91506200"
314493,314454,3,39,"62000c"
314497,314265,4,232,"565b6040"
314503,314168,7,335,"9050919050565b"
314510,314488,3,22,"620009"
314514,314393,4,121,"8162000b"
314519,314398,12,121,"565b82525050565b60006200"
314535,314473,3,62,"620008"
314539,314484,4,55,"565b9150"
314543,313850,3,693,"819050"
314546,314465,8,81,"92915050565b6000"
314554,313566,4,988,"60208201"
314558,313688,3,870,"905081"
314563,314193,3,370,"600083"
314568,314529,3,39,"620009"
314573,314534,4,39,"84620008"
314578,313902,11,676,"565b905092915050565b60"
314589,313109,3,1480,"006101"
314592,314555,16,37,"20820190508181036000830152620009"
314611,314574,8,37,"620008aa565b9050"
314619,314597,4,22,"81810360"
314624,314602,6,22,"830152620009"
314633,314611,8,22,"620008aa565b9050"
314641,314627,3,14,"620009"
314650,314641,3,9,"620009"
314656,314619,4,37,"81810360"
314661,314624,6,37,"830152620009"
314670,314611,12,59,"620008aa565b905081810360"
314683,314661,6,22,"830152620009"
314692,314633,11,59,"620008aa565b9050620009"
314709,314692,3,17,"620008"
314713,314508,5,205,"565b620009"
314724,314650,6,74,"62000912565b"
314730,314724,3,6,"620009"
314735,312079,3,2656,"e08301"
314739,314709,3,30,"620008"
314743,314728,4,15,"565b6200"
314751,314601,3,150,"008301"
314754,314573,4,181,"84620008"
314763,313629,9,1134,"505050505050505050"
314772,314549,21,223,"50565b600060208201905081810360008301526200"
314796,314755,3,41,"620008"
314800,314696,4,104,"565b9050"
314804,314170,6,634,"919050565b60"
314810,314589,3,221,"006101"
314813,314500,5,313,"4082019050"
314818,314791,3,27,"62000a"
314822,314786,4,36,"60008301"
314827,314724,8,103,"62000912565b6200"
314837,314622,4,215,"60208301"
314842,314827,9,15,"62000912565b62000a"
314852,314645,4,207,"60408301"
314857,314842,9,15,"62000912565b62000a"
314867,314659,4,208,"60608301"
314871,314649,7,222,"8a62000912565b"
314878,314863,3,15,"62000a"
314882,314681,4,201,"60808301"
314887,314872,9,15,"62000912565b62000a"
314897,314704,4,193,"60a08301"
314902,314887,9,15,"62000912565b62000a"
314912,314719,4,193,"60c08301"
314917,314902,9,15,"62000912565b62000a"
314927,314734,4,193,"60e08301"
314931,314723,9,208,"8662000912565b6200"
314942,314749,5,193,"6101008301"
314947,314738,4,209,"85620008"
314951,314712,5,239,"2f565b6200"
314958,314590,3,368,"610120"
314961,314752,6,209,"830184620008"
314972,314763,10,209,"50505050505050505050"
314982,313845,6,1137,"50565b600081"
314989,314802,9,187,"9050919050565b6000"
314998,314987,12,11,"81519050919050565b600081"
315010,314580,10,430,"905092915050565b6000"
315022,313880,3,1142,"526020"
315025,314814,4,211,"82019050"
315029,314465,10,564,"92915050565b60006200"
315042,314515,6,527,"62000b98565b"
315048,314486,4,562,"91506200"
315054,314479,4,575,"8362000b"
315058,315045,3,13,"98565b"
315067,315055,3,12,"62000b"
315072,315067,3,5,"62000b"
315076,314493,3,583,"62000c"
315079,314538,3,541,"51565b"
315086,315027,13,59,"905092915050565b600062000b"
315100,315041,4,59,"8262000b"
315105,314800,11,305,"565b9050919050565b6000"
315116,313850,9,1266,"819050919050565b60"
315125,315115,1,10,"00"
315126,314144,21,982,"73ffffffffffffffffffffffffffffffffffffffff"
315148,313687,3,1461,"169050"
315151,315109,17,42,"919050565b6000819050919050565b6000"
315169,315143,15,26,"ffffffff82169050919050565b6000"
315185,315141,17,44,"ffffffffffff82169050919050565b6000"
315202,315101,3,101,"62000b"
315206,315100,4,106,"8262000b"
315211,315105,11,106,"565b9050919050565b6000"
315222,315207,3,15,"62000b"
315226,315206,4,20,"8262000b"
315231,315211,11,20,"565b9050919050565b6000"
315245,315065,4,180,"10156200"
315252,312373,5,2879,"8082015181"
315259,315022,3,237,"526020"
315263,314815,5,448,"0190506200"
315271,315242,3,29,"5b8381"
315274,314197,4,1077,"11156200"
315282,310672,2,4610,"0084"
315284,315257,3,27,"840152"
315287,313628,5,1659,"5b50505050"
315299,298138,30,17161,"000000000000000000000000000000000000000000000000000000006000"
315330,313871,3,1459,"600160"
315338,315328,1,10,"00"
315340,315293,38,47,"5b7f4e487b710000000000000000000000000000000000000000000000000000000060005260"
315379,315332,9,47,"60045260246000fd5b"
315388,314775,3,613,"600060"
315391,314071,3,1320,"1f1960"
315397,315192,8,205,"169050919050565b"
315438,312714,4,2724,"60008201"
315450,315348,27,102,"000000000000000000000000000000000000000000000000000060"
315477,315024,3,453,"208201"
315481,315402,3,79,"50565b"
315488,315276,3,212,"62000c"
315493,305533,2,9960,"0039"
315496,315493,1,3,"00"
315499,312187,6,3312,"608060405260"
315509,305789,2,9720,"0043"
315513,305373,2,10140,"0035"
315526,315513,1,13,"00"
315537,315526,1,11,"00"
315539,315528,3,11,"578063"
315548,271234,2,44314,"009e"
315550,315539,3,11,"578063"
315559,292444,2,23115,"00c9"
315563,315375,2,188,"0052"
315568,315562,3,6,"610052"
315573,269099,2,46474,"0050"
315576,315573,1,3,"00"
315580,315241,2,339,"005b"
315583,301235,2,14348,"005a"
315585,315575,7,10,"6100f2565b005b"
315592,312497,3,3095,"348015"
315596,315590,1,6,"00"
315598,312504,7,3094,"57600080fd5b50"
315606,300382,2,15224,"0071"
315611,314265,5,1346,"565b604051"
315617,315606,1,11,"00"
315623,314397,3,1226,"d8565b"
315626,314267,7,1359,"60405180910390"
315634,315591,6,43,"5b3480156100"
315641,315598,9,43,"57600080fd5b506100"
315653,313985,3,1668,"1b565b"
315656,315590,7,66,"005b3480156100"
315664,315641,9,23,"57600080fd5b506100"
315677,315611,7,66,"565b6040516100"
315685,315619,21,66,"91906106d8565b60405180910390f35b3480156100"
315707,315664,9,43,"57600080fd5b506100"
315722,315262,3,460,"810190"
315726,288695,2,27031,"00eb"
315728,315685,3,43,"919061"
315732,315210,3,522,"b2565b"
315738,315578,6,160,"565b005b6100"
315748,315733,4,15,"565b6101"
315759,315748,3,11,"565b61"
315766,314807,6,959,"565b60006101"
315773,315756,5,17,"6102fd565b"
315778,313647,5,2131,"905090565b"
315791,314144,22,1647,"73ffffffffffffffffffffffffffffffffffffffff16"
315816,315674,5,142,"6101a3565b"
315821,315791,22,30,"73ffffffffffffffffffffffffffffffffffffffff16"
315847,313935,42,1912,"576040517f08c379a0000000000000000000000000000000000000000000000000000000008152600401"
315896,314265,11,1631,"565b60405180910390fd5b"
315910,315768,3,142,"600061"
315915,315764,6,151,"565b565b6000"
315921,313654,36,2267,"8060009054906101000a900473ffffffffffffffffffffffffffffffffffffffff169050"
315957,315780,5,177,"90565b6101"
315963,315786,29,177,"61037a565b73ffffffffffffffffffffffffffffffffffffffff166101"
315993,315816,29,177,"6101a3565b73ffffffffffffffffffffffffffffffffffffffff161461"
316024,315847,43,177,"576040517f08c379a000000000000000000000000000000000000000000000000000000000815260040161"
316069,315892,15,177,"90610735565b60405180910390fd5b"
316084,315124,23,960,"600073ffffffffffffffffffffffffffffffffffffffff"
316107,313776,24,2331,"168173ffffffffffffffffffffffffffffffffffffffff16"
316136,316024,44,112,"576040517f08c379a00000000000000000000000000000000000000000000000000000000081526004016102"
316181,316069,3,112,"906107"
316185,315896,12,289,"565b60405180910390fd5b61"
316200,315912,5,288,"610382565b"
316205,313845,15,2360,"50565b6000819050919050565b6060"
316223,313864,20,2359,"8383604051806060016040528060278152602001"
316244,312431,3,3813,"090160"
316247,313889,3,2358,"279139"
316253,314578,10,1675,"565b905092915050565b"
316263,315766,5,497,"565b600061"
316270,313052,36,3218,"7f360894a13ba1a3210667c828492db98dca3e2076cc3735a920a3ca505d382bbc60001b"
316308,314380,3,1928,"c4565b"
316311,313105,5,3206,"6000016000"
316316,315924,36,392,"9054906101000a900473ffffffffffffffffffffffffffffffffffffffff16905090565b"
316353,315919,3,434,"600080"
316357,316353,3,4,"600080"
316361,315281,3,1080,"600084"
316367,316357,3,10,"600080"
316371,314055,5,2316,"8060008114"
316381,315495,3,886,"6000f3"
316386,315384,6,1002,"6000fd5b6000"
316392,313646,203,2746,"33905090565b60008060009054906101000a900473ffffffffffffffffffffffffffffffffffffffff169050816000806101000a81548173ffffffffffffffffffffffffffffffffffffffff021916908373ffffffffffffffffffffffffffffffffffffffff1602179055508173ffffffffffffffffffffffffffffffffffffffff168173ffffffffffffffffffffffffffffffffffffffff167f8be0079c531659141344cd1fd0a4f28419497f9722a3daafe3b4186f6b6457e060405160405180910390a35050565b60"
316603,315958,3,645,"565b61"
316608,316136,43,472,"576040517f08c379a000000000000000000000000000000000000000000000000000000000815260040161"
316653,316181,3,472,"906107"
316657,313986,41,2671,"565b60405180910390fd5b6000808573ffffffffffffffffffffffffffffffffffffffff1685604051"
316701,315685,4,1016,"91906106"
316706,314037,23,2669,"565b600060405180830381855af49150503d8060008114"
316732,314064,30,2668,"576040519150601f19603f3d011682016040523d82523d6000602084013e"
316764,314416,3,2348,"f8565b"
316767,314100,10,2667,"606091505b5091509150"
316780,314114,3,2666,"828286"
316786,314127,52,2659,"565b925050509392505050565b6000808273ffffffffffffffffffffffffffffffffffffffff163b119050919050565b60608315"
316841,314183,4,2658,"57829050"
316848,314191,8,2657,"565b600083511115"
316859,314203,52,2656,"5782518084602001fd5b816040517f08c379a0000000000000000000000000000000000000000000000000000000008152600401"
316914,316701,4,213,"91906106"
316919,314265,18,2654,"565b60405180910390fd5b9392505050565b"
316937,316725,3,212,"600081"
316941,316843,4,98,"90506105"
316950,316786,3,164,"565b92"
316953,314547,10,2406,"915050565b6000602082"
316966,316855,3,111,"156105"
316976,315610,3,1366,"0c565b"
316979,316264,4,715,"5b600061"
316988,316910,3,78,"016105"
316992,315046,4,1946,"565b9150"
316996,316256,7,740,"5092915050565b"
317010,314519,10,2491,"565b82525050565b6000"
317027,317001,3,26,"565b61"
317031,316715,3,316,"038185"
317037,314429,4,2608,"565b9350"
317044,314437,6,2607,"818560208601"
317053,314358,14,2695,"565b80840191505092915050565b"
317067,317018,3,49,"600061"
317072,317023,3,49,"826107"
317075,314457,3,2618,"80565b"
317081,317032,4,49,"81856107"
317085,316847,3,238,"96565b"
317088,317039,4,49,"93506106"
317093,317044,11,49,"8185602086016107d9565b"
317107,316946,3,161,"816108"
317111,314458,15,2653,"565b840191505092915050565b6000"
317129,314477,3,2652,"602683"
317132,317083,5,49,"610796565b"
317137,316775,3,362,"915061"
317145,313023,3,4122,"22565b"
317148,314499,11,2649,"604082019050919050565b"
317159,317124,4,35,"60006106"
317164,314837,3,2327,"602083"
317167,317132,9,35,"610796565b91506106"
317177,317142,3,35,"826108"
317181,317157,3,24,"565b60"
317184,315024,5,2160,"2082019050"
317189,317154,9,35,"919050565b60006106"
317199,317129,12,70,"602683610796565b91506106"
317212,317177,3,35,"826108"
317216,317146,17,70,"565b604082019050919050565b60006106"
317235,316599,3,636,"846105"
317239,314539,21,2700,"565b915081905092915050565b6000602082019050"
317263,314822,4,2441,"60008301"
317267,317235,3,32,"846105"
317271,316950,13,321,"565b92915050565b6000602082"
317284,314780,11,2504,"0190508181036000830152"
317302,312968,3,4334,"1f565b"
317305,314544,24,2761,"905092915050565b60006020820190508181036000830152"
317336,315231,11,2105,"565b9050919050565b6000"
317347,317315,16,32,"60208201905081810360008301526107"
317364,317332,3,32,"816106"
317368,317336,27,32,"565b9050919050565b600060208201905081810360008301526107"
317396,317364,3,32,"816106"
317400,315105,12,2295,"565b9050919050565b600081"
317412,314988,49,2424,"519050919050565b600081519050919050565b600081905092915050565b600082825260208201905092915050565b6000"
317464,317072,3,392,"826107"
317468,317400,11,68,"565b9050919050565b6000"
317479,315126,32,2353,"73ffffffffffffffffffffffffffffffffffffffff82169050919050565b6000"
317511,315242,5,2269,"5b83811015"
317519,315251,15,2268,"578082015181840152602081019050"
317537,315270,6,2267,"565b83811115"
317546,315280,14,2266,"576000848401525b50505050565b"
317560,315708,5,1852,"600080fd5b"
317565,315388,18,2177,"6000601f19601f8301169050919050565b7f"
317615,315438,6,2177,"60008201527f"
317621,315407,6,2214,"646472657373"
317627,315450,34,2177,"0000000000000000000000000000000000000000000000000000602082015250565b"
317661,317582,10,79,"7f4f776e61626c653a20"
317671,315424,4,2247,"63616c6c"
317675,317599,6,76,"657220697320"
317684,317604,5,80,"2074686520"
317689,317596,5,93,"6f776e6572"
317694,317615,5,79,"6000820152"
317699,315402,83,2297,"50565b7f416464726573733a2064656c65676174652063616c6c20746f206e6f6e2d636f60008201527f6e74726163740000000000000000000000000000000000000000000000000000602082015250565b61"
317784,317006,6,778,"816107a7565b"
317790,316727,3,1063,"811461"
317795,315707,7,2088,"57600080fd5b50"
317804,317703,9,101,"416464726573733a20"
317822,317711,15,111,"2064656c65676174652063616c6c20"
317891,306582,4,11309,"00080700"
317896,317804,39,92,"416464726573733a206c6f772d6c6576656c2064656c65676174652063616c6c206661696c6564"
317946,317920,3,26,"617465"
317961,317942,8,19,"2f63726561746578"
317972,317673,3,299,"6c6c65"
317991,255643,3,62348,"343339"
318023,317935,35,88,"68747470733a2f2f637265617465782e6172742f6170692f76312f637265617465782f"
318066,317984,39,82,"2f4c494e45412f343339777a3067643131707578657869706a796b736f33306b7a6962676a7963"
318107,312122,36,5985,"000000000000000000000000000000000000000000000000000000000000000000000000"
318147,305924,5,12223,"82e7080184"
318152,311721,10,6431,"2f1f97d6842f1f97e082"
318164,295797,106,22367,"949dba31e492b7e98b8195e254ee13b6b027e4a59d80a4a7f68792766f746500000000000000000000000000000000000000000000000000000000c000000000000000000000000000000000000000000000000000000000000000000000000000000000000000000000"
318270,318269,1,1,"00"
318275,318147,3,128,"82e708"
318279,312168,11,6111,"842f1f97d6842f1f97e083"
318321,276744,3,41577,"00b844"
318328,303274,64,15054,"00000000000000000000000000000000000000000000000000000000000000010000000000000000000000000000000000000000000000000000000000000001"
318393,253657,47,64736,"00000000000000000000000000000000000000000000000000000000000000000000000000003202f082e70880842f"
318440,318153,9,287,"1f97d6842f1f97e082"
318449,303784,3,14665,"520894"
318479,317797,2,682,"0080"
318482,318226,52,256,"0000000000000000000000000000000000000000000000000000000000000000000000000000000000000000007902f87682e708"
318534,318150,11,384,"01842f1f97d6842f1f97e0"
318549,278037,21,40512,"94009a0b7c38b542208936f1179151cd08e2943833"
318570,299851,8,18719,"87071afd498d0000"
318578,278059,18,40519,"b844f2b9fdb8000000000000000000000000"
318596,267229,46,51367,"c7d8489dae3d2ebef075b1db2257e2c231c9d2310000000000000000000000000000000000000000000000000007"
318642,318572,6,70,"1afd498d0000"
318649,318489,38,160,"0000000000000000000000000000000000000000000000000000000000000000000000000000"
318687,318143,7,544,"5002f84d82e708"
318694,276867,3,41827,"02842f"
318697,318153,118,544,"1f97d6842f1f97e082985e949dba31e492b7e98b8195e254ee13b6b027e4a59d80a4a7f68792766f746500000000000000000000000000000000000000000000000000000000c00000000000000000000000000000000000000000000000000000000000000000000000000000000000000000000000"
318815,312063,6,6752,"3002ee82e708"
318822,312070,88,6752,"842f1f97d6842f1f97e083010b3694cce9d3f392c135dc038b147ca73ec496f7f89d938084183ff085c000000000000000000000000000000000000000000000000000000000000000000000000000000000000000000000"
318910,311390,9,7520,"011a02f9011682e708"
318924,318919,5,5,"07842daa7e"
318930,311090,3,7840,"830765"
318934,311414,22,7520,"948731d54e9d02c286767d56ac03e8037c07e01e9887"
318962,311123,51,7839,"96b8e41114cd2a000000000000000000000000000000000000000000000000000000000000006e000000000000000000000000"
319033,311794,58,7239,"00000000000000000000000000000000000000000000000000000000000000a00000000000000000000000000000000000000000000000000000"
319091,313203,6,5888,"5af3107a4000"
319097,319065,27,32,"00000000000000000000000000000000000000000000000000005a"
319128,311608,33,7520,"000000000000000000000000000000000000000000000000000000000000000014"
319161,319013,32,148,"44c175898340ff5d01af0abc06d1b6273706415d000000000000000000000000"
319194,318778,43,416,"000000000000000000000000000000000000000000000000000000000000000000000000003002ee82e708"
319238,318920,11,318,"842daa7e07842daa7e0e83"
319249,271345,131,47904,"010b3694cce9d3f392c135dc038b147ca73ec496f7f89d938084183ff085c000000000000000000000000000000000000000000000000000000000000000000000000000000000000000000000010df9010a01842aea5400829d78940872ec4426103482a50f26ffc32acefcec61b3c980b8e4f242432a000000000000000000000000"
319400,284424,256,34976,"000000000000000000000000aec3cacef9457ff2821d9f85429ce3d90b0014590000000000000000000000000000000000000000000000000000000000000005000000000000000000000000000000000000000000000000000000000000000100000000000000000000000000000000000000000000000000000000000000a00000000000000000000000000000000000000000000000000000000000000000000000000000000000000000000000000000000000000000000000000000000082e70880800000000000000000000000000000000000000000000000000000000000000000000000000000000000000000000000000001eff901ec80842aea54"
319400,284424,225,34976,"000000000000000000000000aec3cacef9457ff2821d9f85429ce3d90b0014590000000000000000000000000000000000000000000000000000000000000005000000000000000000000000000000000000000000000000000000000000000100000000000000000000000000000000000000000000000000000000000000a00000000000000000000000000000000000000000000000000000000000000000000000000000000000000000000000000000000000000000000000000000000082e708808000000000000000000000000000000000000000000000000000000000"
319882,303370,160,16512,"00000000000000000000000000000000000000000000000000000000000000000000000000000000000000000000000000000000000000000000000000000005000000000000000000000000000000000000000000000000000000000000000000000000000000000000000000000000000000000000000000000000000001400000000000000000000000000000000000000000000000000000000000000041"
320106,284266,138,35840,"1c0000000000000000000000000000000000000000000000000000000000000082e70880800000000000000000000000000000000000000000000000000000000000000000000000000000000000000000000000010df9010a01842aea5400829d78940872ec4426103482a50f26ffc32acefcec61b3c980b8e4f242432a000000000000000000000000"
320264,301256,256,19008,"000000000000000000000000aec3cacef9457ff2821d9f85429ce3d90b0014590000000000000000000000000000000000000000000000000000000000000005000000000000000000000000000000000000000000000000000000000000000100000000000000000000000000000000000000000000000000000000000000a00000000000000000000000000000000000000000000000000000000000000000000000000000000000000000000000000000000000000000000000000000000082e70880800000000000000000000000000000000000000000000000000000000000000000000000000000000000000000000000000001eff901ec80842aea54"
320264,301256,225,19008,"000000000000000000000000aec3cacef9457ff2821d9f85429ce3d90b0014590000000000000000000000000000000000000000000000000000000000000005000000000000000000000000000000000000000000000000000000000000000100000000000000000000000000000000000000000000000000000000000000a00000000000000000000000000000000000000000000000000000000000000000000000000000000000000000000000000000000000000000000000000000000082e708808000000000000000000000000000000000000000000000000000000000"
320746,319882,160,864,"00000000000000000000000000000000000000000000000000000000000000000000000000000000000000000000000000000000000000000000000000000005000000000000000000000000000000000000000000000000000000000000000000000000000000000000000000000000000000000000000000000000000001400000000000000000000000000000000000000000000000000000000000000041"
320929,320904,1,25,"00"
320970,301962,256,19008,"1b0000000000000000000000000000000000000000000000000000000000000082e7088080000000000000000000000000000000000000000000000000000000000000000000000000000000000000000000000001eff901ec80842aea540083015f90940872ec4426103482a50f26ffc32acefcec61b3c980b901c4d4dfd6bc0000000000000000000000000000000000000000000000000000000000000000000000000000000000000000000000000000000000000000000000000000000000000000000000000000000000000000000000000000000000000000000000000000000000000000000000000000000000000000000000000000000000000001"
320970,301962,63,19008,"1b0000000000000000000000000000000000000000000000000000000000000082e70880800000000000000000000000000000000000000000000000000000"
321290,320746,160,544,"00000000000000000000000000000000000000000000000000000000000000000000000000000000000000000000000000000000000000000000000000000005000000000000000000000000000000000000000000000000000000000000000000000000000000000000000000000000000000000000000000000000000001400000000000000000000000000000000000000000000000000000000000000041"
321514,285770,87,35744,"1c0000000000000000000000000000000000000000000000000000000000000082e70880800000000000000000000000000000000000000000000000000000000000000000000000000000000000000000000000002ceb"
321601,273569,10,48032,"54842aea540082520894"
321631,273503,76,48128,"865af3107a40008082e70880800000000000000000000000000000000000000000000000000000000000000000000000000000000000000000000000000000002ceb54842aea540082520894"
321727,321631,76,96,"865af3107a40008082e70880800000000000000000000000000000000000000000000000000000000000000000000000000000000000000000000000000000002ceb54842aea540082520894"
321823,321727,64,96,"865af3107a40008082e7088080000000000000000000000000000000000000000000000000000000000000000000000000000000000000000000000000000000"
321887,283199,52,38688,"ecf8ea01842aea5400829b28940872ec4426103482a50f26ffc32acefcec61b3c980b8c4f242432a000000000000000000000000"
321959,259047,216,62912,"00000000000000000000000001e4a663fffaf1430d3a36588b2c14b72231d8b40000000000000000000000000000000000000000000000000000000000000005000000000000000000000000000000000000000000000000000000000000000100000000000000000000000000000000000000000000000000000000000000a0000000000000000000000000000000000000000000000000000000000000000082e7088080000000000000000000000000000000000000000000000000000000000000000000000000000000000000000000000000000000"
322175,285215,4,36960,"2eed8202"
322180,321794,9,386,"842aea540082520894"
322209,259393,62,62816,"8654953ff6d0008082e708808000000000000000000000000000000000000000000000000000000000000000000000000000000000000000000000000000"
322271,309471,32,12800,"0000000000000000000000000000000000000000000000000000000000000002"
322304,286176,20,36128,"45a318273749d6eb00f5f6ca3bc7cd3de26d642a"
322324,306009,8,16315,"4371b56325fe9335"
322332,306041,12,16291,"e91d5f87aed5403fcdbea866"
322364,310433,20,11931,"3d391afffed2255a2dd00325c3a96a5a8e023ff8"
322424,311322,20,11102,"8be0e86d602cc465eef0ad96491488c18f0e4e7c"
322444,311641,20,10803,"98918521c4867539728a5b2cb6a7cf61c6116762"
322474,322312,1,162,"00"
322504,312676,20,9828,"40570a0b264bca69c041d9916344178f4a08d17f"
322584,274456,20,48128,"d2c4b0844eb23d3b89044ac92e2093de3007efa3"
322604,322524,20,80,"448bb85672ab7e450d22e769e327d0c1efcc43d2"
322644,319161,20,3483,"44c175898340ff5d01af0abc06d1b6273706415d"
322684,319380,20,3304,"5e0ddd81557f909453e8da18086b320337d877f7"
322724,320244,20,2480,"e126a80baa3c0265c52a887bd95beeb88526097a"
322784,286896,20,35888,"c65347b43019f8f453d7b486d259fd6146da334e"
322804,286876,20,35928,"f269e8574583c27fe74b69b3f998a64efd8d0448"
322824,286916,20,35908,"40082e6f1c15d2b27b3de80cb7ad04e9ed121900"
322844,321939,20,905,"46177ac663365b7c7bf0421c6aa321530a3d46d1"
322864,321971,51,893,"01e4a663fffaf1430d3a36588b2c14b72231d8b400000000000000000000000000000000000000000000000000000000000000"
322915,305057,30,17858,"000000000000000000000000000000000000000000000000000000000018"
322951,289737,2,33214,"00e2"
322976,304672,31,18304,"0000000000000000000000000000000000000000000000000000000064fa85"
323008,306137,62,16871,"00000000000000000000000000000000000000000000000000000000000000c0000000000000000000000000000000000000000000000000000000000000"
323072,323040,31,32,"00000000000000000000000000000000000000000000000000000000000037"
323103,305503,32,17600,"6000000000000000000000000000000000000000000000000000000000000039"
323136,304832,126,18304,"000000000000000000000000000000000000000000000000000000000000001d00000000000000000000000000000000000000000000000000000000000003a00000000000000000000000000000000000000000000000000000000000000400000000000000000000000000000000000000000000000000000000000000"
323264,296691,31,26573,"00000000000000000000000000000000000000000000000000000000000008"
323295,306168,32,17127,"c00000000000000000000000000000000000000000000000000000000000000c"
323328,275488,62,47840,"0000000000000000000000000000000000000000000000000000000000000de0000000000000000000000000000000000000000000000000000000000000"
323392,323360,31,32,"0000000000000000000000000000000000000000000000000000000000000e"
323424,260672,31,62752,"00000000000000000000000000000000000000000000000000000000000013"
323456,275648,62,47808,"00000000000000000000000000000000000000000000000000000000000016a0000000000000000000000000000000000000000000000000000000000000"
323520,305120,31,18400,"0000000000000000000000000000000000000000000000000000000000001a"
323552,323137,61,415,"0000000000000000000000000000000000000000000000000000000000001d000000000000000000000000000000000000000000000000000000000000"
323613,309936,2,13677,"001f"
323615,287519,32,36096,"c000000000000000000000000000000000000000000000000000000000000021"
323648,323616,31,32,"00000000000000000000000000000000000000000000000000000000000021"
323680,323648,30,32,"000000000000000000000000000000000000000000000000000000000000"
323711,323583,31,128,"00000000000000000000000000000000000000000000000000000000000000"
323743,299930,32,23813,"0000000000000000000000000000000000000000000000000000000000000028"
323776,323744,31,32,"00000000000000000000000000000000000000000000000000000000000028"
323807,276223,32,47584,"c000000000000000000000000000000000000000000000000000000000000029"
323840,276288,62,47552,"0000000000000000000000000000000000000000000000000000000000002aa0000000000000000000000000000000000000000000000000000000000000"
323903,261151,32,62752,"e00000000000000000000000000000000000000000000000000000000000002e"
323935,275039,32,48896,"000000000000000000000000000000000000000000000000000000000000002f"
323968,287616,31,36352,"00000000000000000000000000000000000000000000000000000000000031"
323999,305215,32,18784,"6000000000000000000000000000000000000000000000000000000000000033"
324032,305344,31,18688,"00000000000000000000000000000000000000000000000000000000000035"
324064,305793,31,18271,"00000000000000000000000000000000000000000000000000000000000036"
324095,322912,32,1183,"0000000000000000000000000000000000000000000000000000000000000000"
324137,322184,5,1953,"0082520894"
324170,322215,52,1955,"008082e7088080000000000000000000000000000000000000000000000000000000000000000000000000000000000000000000"
324222,309502,8,14720,"0232f9022f830306"
324236,309516,128,14720,"83048d9c94cb566e3b6934fa77258d68ea18e931fa75e1aaaa80b902046c459a2800000000000000000000000038de71124f7a447a01d67945a51edce9ff49125100000000000000000000000000000000000000000000000000000000000000800000000000000000000000000000000000000000000000000000000064fad9"
324365,309645,100,14720,"00000000000000000000000000000000000000000000000000000000000001400000000000000000000000000000000000000000000000000000000000000084704316e500000000000000000000000000000000000000000000000000000000000000b8"
324497,309777,32,14720,"000000000000000000000000000000000000000000000000000000000000000a"
324529,324465,63,64,"32f4b84ae40e1e80a4ceba399be5376ad933ef63167a38304aed710890be326300000000000000000000000000000000000000000000000000000000000000"
324592,322091,29,2501,"0000000000000000000000000000000000000000000000000000000082"
324706,270194,2,54512,"006a"
324727,323101,2,1626,"0037"
324751,322089,79,2662,"00000000000000000000000000000000000000000000000000000000000082e70880800000000000000000000000000000000000000000000000000000000000000000000000000000000000000000"
324830,324222,8,608,"0232f9022f830306"
324839,324231,233,608,"843a13862f83048d9c94cb566e3b6934fa77258d68ea18e931fa75e1aaaa80b902046c459a2800000000000000000000000038de71124f7a447a01d67945a51edce9ff49125100000000000000000000000000000000000000000000000000000000000000800000000000000000000000000000000000000000000000000000000064fad9e100000000000000000000000000000000000000000000000000000000000001400000000000000000000000000000000000000000000000000000000000000084704316e500000000000000000000000000000000000000000000000000000000000000"
325088,292597,3,32491,"91e063"
325105,319129,32,5976,"0000000000000000000000000000000000000000000000000000000000000014"
325137,325073,63,64,"23ed4ee9d1eccc4b6e9daea0c7370391e0635c59b51cadd4bde1ff551096b9b600000000000000000000000000000000000000000000000000000000000000"
325200,324753,29,447,"0000000000000000000000000000000000000000000000000000000082"
325358,324750,80,608,"1c00000000000000000000000000000000000000000000000000000000000082e70880800000000000000000000000000000000000000000000000000000000000000000000000000000000000000000"
325447,324839,6,608,"843a13862f83"
325477,268971,4,56506,"80b90364"
325485,281657,44,43828,"00000000000000000000000000000000000000000000000000000000000000b8000000000000000000000000"
325549,323201,30,2348,"000000000000000000000000000000000000000000000000000000000004"
325581,309809,32,15772,"675bfe1c26c856a231f904e6555aefcdf8dbe1a20e724ab0bf00d5cfd3b1f6a3"
325613,309809,63,15804,"675bfe1c26c856a231f904e6555aefcdf8dbe1a20e724ab0bf00d5cfd3b1f6a300000000000000000000000000000000000000000000000000000000000000"
325676,293779,32,31897,"c000000000000000000000000000000000000000000000000000000000000002"
325709,324877,38,832,"00000000000000000000000038de71124f7a447a01d67945a51edce9ff491251000000000000"
325749,325515,2,234,"00b8"
325771,325749,1,22,"00"
325773,325529,49,244,"45f1a95a4d3f3836523f5c83673c797f4d4d263b0000000000000000000000000000000000000000000000000000000000"
325822,322052,34,3770,"00000100000000000000000000000000000000000000000000000000000000000000"
325857,325825,63,32,"000000000000000000000000000000000000000000000000000000000000000d00000000000000000000000000000000000000000000000000000000000000"
325920,325919,56,1,"0000000000000000000000000000000000000000000000000000000000000000000000000000000000000000000000000000000000000000"
325985,305189,26,20796,"000000000000000000000000000000000000000000000000001c"
326013,262782,2,63231,"00d1"
326017,305475,28,20542,"00000000000000000000000000000000000000000000000000000038"
326049,321135,90,4914,"000000000000000000000000000000000000000000000000000000000000000000000000000000000000000000000000000000000000000000000000000000000000000000000000000000000000000000000000000000000000"
326145,325985,26,160,"000000000000000000000000000000000000000000000000001c"
326177,293748,63,32429,"00000000000000000000000000000000000000000000000000000000000001c000000000000000000000000000000000000000000000000000000000000002"
326240,319128,33,7112,"000000000000000000000000000000000000000000000000000000000000000014"
326273,286636,20,39637,"c082062a92cf4a5c14045a5be15a6d536d02e43a"
326293,320400,105,5893,"000000000000000000000000000000000000000000000000000000000000000000000000000000000000000000000000000000000000000082e70880800000000000000000000000000000000000000000000000000000000000000000000000000000000000000000"
326398,288958,5,37440,"012ef9012b"
326404,288964,133,37440,"8435a4e90082bd7e94d1a3abf42f9e66be86cfdea8c5c2c74f041c5e1480b901045b7d7482000000000000000000000000000000000000000000000000000000000000004000000000000000000000000000000000000000000000000000000000000000a00000000000000000000000000000000000000000000000000000000000000040"
326541,310872,3,15669,"623264"
326547,310996,3,15551,"333863"
326550,310969,3,15581,"373339"
326554,277054,3,49500,"336137"
326565,282883,3,43682,"363039"
326568,268780,3,57788,"653565"
326580,277778,3,48802,"643965"
326586,280846,3,45740,"323632"
326592,277135,3,49457,"396536"
326598,268843,3,57755,"636363"
326601,282706,33,43895,"000000000000000000000000000000000000000000000000000000000000004032"
326639,268412,3,58227,"393564"
326653,289229,3,37424,"343833"
326656,280781,3,45875,"656464"
326659,281106,3,45553,"363833"
326663,277053,3,49610,"613361"
326666,268374,3,58292,"303032"
326674,263039,3,63635,"323937"
326678,289249,3,37429,"633531"
326685,282853,3,43832,"363635"
326688,310866,3,15822,"653330"
326692,310919,3,15773,"393434"
326696,289256,54,37440,"3382e7088080000000000000000000000000000000000000000000000000000000000000000000000000000000000000000000000000"
326750,323901,2,2849,"002b"
326754,310116,6,16638,"8435a4e90083"
326783,316861,3,9922,"518084"
326790,322217,57,4573,"82e708808000000000000000000000000000000000000000000000000000000000000000000000000000000000000000000000000000000000"
326847,295903,7,30944,"7202f86f82e708"
326855,310630,11,16225,"84308a766684308a766683"
326869,295925,40,30944,"94176211869ca2b568f2a7d4ee941e073a821ee1ff80b844095ea7b3000000000000000000000000"
326909,293304,20,33605,"1d0188c4b276a09366d05d6be06af61a73bc7535"
326929,295985,77,30944,"ffffffffffffffffffffffffffffffffffffffffffffffffffffffffffffffffc00000000000000000000000000000000000000000000000000000000000000000000000000000000000000000"
327006,263710,12,63296,"041b02f9041782e708098430"
327021,327016,5,5,"84307cc714"
327030,263734,23,63296,"941d0188c4b276a09366d05d6be06af61a73bc7535870e"
327059,263763,256,63296,"b903e4d3115a8a0000000000000000000000000000000000000000000000000000000000000060000000000000000000000000000000000000000000000000000000000000010000000000000000000000000000000000000000000000000000000000000001a00000000000000000000000000000000000000000000000000000000000000004000000000000000000000000176211869ca2b568f2a7d4ee941e073a821ee1ff000000000000000000000000cc22f6aa610d1b2a0e89ef228079cb3e1831b1d1000000000000000000000000e2c67a9b15e9e7ff8a9cb0dfb8fee5609923e5dbeeeeeeeeeeeeeeeeeeeeeeeeeeeeeeeeeeeeeeeeeeeeeeeeee"
327059,263763,256,63296,"b903e4d3115a8a0000000000000000000000000000000000000000000000000000000000000060000000000000000000000000000000000000000000000000000000000000010000000000000000000000000000000000000000000000000000000000000001a00000000000000000000000000000000000000000000000000000000000000004000000000000000000000000176211869ca2b568f2a7d4ee941e073a821ee1ff000000000000000000000000cc22f6aa610d1b2a0e89ef228079cb3e1831b1d1000000000000000000000000e2c67a9b15e9e7ff8a9cb0dfb8fee5609923e5dbeeeeeeeeeeeeeeeeeeeeeeeeeeeeeeeeeeeeeeeeeeeeeeeeee"
327059,263763,164,63296,"b903e4d3115a8a0000000000000000000000000000000000000000000000000000000000000060000000000000000000000000000000000000000000000000000000000000010000000000000000000000000000000000000000000000000000000000000001a00000000000000000000000000000000000000000000000000000000000000004000000000000000000000000176211869ca2b568f2a7d4ee941e073a82"
327738,291539,27,36199,"02010000000000000000000000000000ffffffffffffffffffffff"
327770,264474,26,63296,"030000000000000000000000000000000000000000000000000e"
327796,327053,6,743,"c8250528bb4e"
327802,264506,256,63296,"0000000000000000000000000000000000000000000000000000000000000000010000000000000000000000e2c67a9b15e9e7ff8a9cb0dfb8fee5609923e5db000000000000000000000000000000000000000000000000000000000000006000000000000000000000000000000000000000000000000000000000000000c000000000000000000000000000000000000000000000000000000000000000020101000000000000000000000000000000000000000000000000000000000000020200000000000000000000000000007fffffffffffffffffffffffffffffff0000000000000000000000000000000000000000000000000000000000000000"
327802,264506,36,63296,"000000000000000000000000000000000000000000000000000000000000000001000000"
328095,293279,3,34816,"5502f9"
328099,293283,5,34816,"5182e70881"
328105,327016,11,1089,"84307cc71484307cc71483"
328119,266294,189,61825,"941d0188c4b276a09366d05d6be06af61a73bc753580b90324d3115a8a000000000000000000000000000000000000000000000000000000000000006000000000000000000000000000000000000000000000000000000000000000c000000000000000000000000000000000000000000000000000000000000001200000000000000000000000000000000000000000000000000000000000000002000000000000000000000000176211869ca2b568f2a7d4ee941e073a821ee1ff"
328308,293492,44,34816,"00000000000000000000000043e8809ea748eff3204ee01f08872f063e44065f000000000000000000000000"
328352,298243,75,30109,"000000000000000000000000000000000000000200000000000000000000000000000000000000000000000000000000000000000000000000000000000000000000000000000000000000"
328436,291283,108,37153,"000000000000000000000000000000000000000000000000000000000000000200000000000000000000000000000000000000000000000000000000000000400000000000000000000000000000000000000000000000000000000000000120000000000000000000000000"
328544,295008,256,33536,"d0e67ce5e72beba9d0986479ea4e4021120cf794000000000000000000000000000000000000000000000000000000000000006000000000000000000000000000000000000000000000000000000000000000c00000000000000000000000000000000000000000000000000000000000000002000100000000000000000000000000007fffffffffffffffffffffffffffffff010200000000000000000000000000007fffffffffffffffffffffffffffffff00000000000000000000000000000000000000000000000000000000000000000500000000000000000000000000000000000000000000000000000000000000000000000000000000000000"
328544,295008,113,33536,"d0e67ce5e72beba9d0986479ea4e4021120cf794000000000000000000000000000000000000000000000000000000000000006000000000000000000000000000000000000000000000000000000000000000c00000000000000000000000000000000000000000000000000000000000"
328916,299731,74,29185,"0000000000000000000000000000000000000000000000000000000000000000c00000000000000000000000000000000000000000000000000000000000000000000000000000000000"
328990,264798,9,64192,"02d402f902d082e708"
328999,292583,3,36416,"198430"
329005,329000,5,5,"8430659a7d"
329010,264818,255,64192,"83049c6494abefcff81b1f00905f5efc5871626e793e20a5dc80b902a433123926000000000000000000000000000000000000000000000000000000000002a16d000000000000000000000000469358b4724ba9581282605f800922bf543c1d4500000000000000000000000000000000000000000000000000000000000000a0000000000000000000000000000000000000000000000000000000000000016000000000000000000000000000000000000000000000000000000000000002200000000000000000000000000000000000000000000000000000000000000005000000000000000000000000000000000000000000000000000000000c1d"
329267,329235,31,32,"000000000000000000000000000000000000000000000000000000000c1d05"
329299,329267,31,32,"000000000000000000000000000000000000000000000000000000000c1d05"
329331,329299,31,32,"000000000000000000000000000000000000000000000000000000000c1d05"
329363,329331,31,32,"000000000000000000000000000000000000000000000000000000000c1d05"
329395,265203,224,64192,"0000000000000000000000000000000000000000000000000000000000000005000000000000000000000000000000000000000000000000000000000002a16d000000000000000000000000000000000000000000000000000000000002a16d000000000000000000000000000000000000000000000000000000000002a16d000000000000000000000000000000000000000000000000000000000002a16d000000000000000000000000000000000000000000000000000000000002a16d0000000000000000000000000000000000000000000000000000000000000041"
329683,265491,75,64192,"1c00000000000000000000000000000000000000000000000000000000000000c0000000000000000000000000000000000000000000000000000000000000000000000000000000000000"
329758,318526,160,11232,"007902f87682e70801842f1f97d6842f1f97e08305337194009a0b7c38b542208936f1179151cd08e294383387071afd498d0000b844f2b9fdb8000000000000000000000000c7d8489dae3d2ebef075b1db2257e2c231c9d23100000000000000000000000000000000000000000000000000071afd498d0000c000000000000000000000000000000000000000000000000000000000000000000000000000"
329919,268927,3,60992,"9402f9"
329923,268931,4,60992,"9082e708"
329927,277219,3,52708,"06842f"
329930,329769,9,161,"1f97d6842f1f97e083"
329943,289930,20,40013,"032b241de86a8660f1ae0691a4760b426ea246d7"
329963,329035,3,928,"80b902"
329966,267572,132,62394,"64ac9650d800000000000000000000000000000000000000000000000000000000000000200000000000000000000000000000000000000000000000000000000000000002000000000000000000000000000000000000000000000000000000000000004000000000000000000000000000000000000000000000000000000000000001"
330098,270802,33,59296,"a00000000000000000000000000000000000000000000000000000000000000124"
330131,290306,124,39825,"75ceafe6000000000000000000000000000000000000000000000000000000000000002000000000000000000000000000000000000000000000000000000000000000a00000000000000000000000000000000000000000000000000000000000000000000000000000000000000000000000000000000000000000"
330255,328283,6,1972,"000000000017"
330263,328069,26,2194,"0000000000000000000000000000000000000000000000000003"
330291,324727,2,5564,"0037"
330295,299994,31,30301,"0000000000000000000000000000000000000000000000000000000064fa8a"
330327,326720,32,3607,"000000000000000000000000000000000000000000000000000000000000002b"
330359,290557,23,39802,"176211869ca2b568f2a7d4ee941e073a821ee1ff0001f4"
330382,298627,100,31755,"e5d7c2a44ffddf6b295a15c148167daaaf5cf34f0000000000000000000000000000000000000000000000000000000000000000000000000000000000000000000000000000000000000000000000000000000000000000000000000000000000000000"
330482,290689,49,39793,"4449404b7c0000000000000000000000000000000000000000000000000000000000000000000000000000000000000000"
330551,291799,72,38752,"00000000000000000000000000000000000000000000000000000000c000000000000000000000000000000000000000000000000000000000000000000000000000000000000002"
330623,329919,8,704,"9402f9029082e708"
330632,329767,12,865,"842f1f97d6842f1f97e08305"
330667,329963,256,704,"80b90264ac9650d800000000000000000000000000000000000000000000000000000000000000200000000000000000000000000000000000000000000000000000000000000002000000000000000000000000000000000000000000000000000000000000004000000000000000000000000000000000000000000000000000000000000001a0000000000000000000000000000000000000000000000000000000000000012475ceafe6000000000000000000000000000000000000000000000000000000000000002000000000000000000000000000000000000000000000000000000000000000a00000000000000000000000000000000000000000"
330667,329963,40,704,"80b90264ac9650d80000000000000000000000000000000000000000000000000000000000000020"
330967,330714,25,253,"00000000000000000000000000000000000000000000000002"
330999,330295,30,704,"0000000000000000000000000000000000000000000000000000000064fa"
331031,330327,204,704,"000000000000000000000000000000000000000000000000000000000000002b176211869ca2b568f2a7d4ee941e073a821ee1ff0001f4e5d7c2a44ffddf6b295a15c148167daaaf5cf34f00000000000000000000000000000000000000000000000000000000000000000000000000000000000000000000000000000000000000000000000000000000000000000000000000000000000000004449404b7c0000000000000000000000000000000000000000000000000000000000000000000000000000000000000000"
331235,304124,20,27111,"0b652eff5070c4c2251a3309ef0f90cee17161f2"
331255,299735,72,31520,"00000000000000000000000000000000000000000000000000000000c000000000000000000000000000000000000000000000000000000000000000000000000000000000000001"
331327,311711,8,19616,"3302f9012f82e708"
331336,311720,138,19616,"842f1f97d6842f1f97e0827e5494d1a3abf42f9e66be86cfdea8c5c2c74f041c5e1480b901045b7d7482000000000000000000000000000000000000000000000000000000000000004000000000000000000000000000000000000000000000000000000000000000a00000000000000000000000000000000000000000000000000000000000000040"
331475,310904,3,20571,"613937"
331485,277154,3,54331,"306665"
331497,311021,3,20476,"356165"
331500,326574,3,4926,"353963"
331516,280819,3,50697,"393563"
331520,310927,3,20593,"623133"
331525,331520,3,5,"623133"
331533,280841,3,50692,"393566"
331537,289160,33,42377,"370000000000000000000000000000000000000000000000000000000000000040"
331577,311962,3,19615,"663264"
331589,268488,3,63101,"643037"
331594,268750,3,62844,"336565"
331597,281077,3,50520,"636662"
331600,310962,3,20638,"666633"
331613,311994,3,19619,"323362"
331619,277101,3,54518,"333734"
331622,331489,3,133,"396330"
331626,326586,3,5040,"323632"
331629,282891,3,48738,"623964"
331634,282898,52,48736,"c000000000000000000000000000000000000000000000000000000000000000000000000000000000000000007102f86e82e708"
331687,331336,11,351,"842f1f97d6842f1f97e082"
331721,295657,67,36064,"80b844095ea7b3000000000000000000000000678aa4bf4e210cf2166753e054d5b7c31cc7fa8600000000000000000000000000000000000000000000000000000000"
331792,300496,47,31296,"c000000000000000000000000000000000000000000000000000000000000000000000000000000000000000000001"
331839,311071,8,20768,"1b02f9011782e708"
331847,311719,11,20128,"09842f1f97d6842f1f97e0"
331858,318930,3,12928,"830765"
331862,311094,22,20768,"948731d54e9d02c286767d56ac03e8037c07e01e9888"
331891,318962,51,12929,"96b8e41114cd2a000000000000000000000000000000000000000000000000000000000000006e000000000000000000000000"
331962,331410,56,552,"00000000000000000000000000000000000000000000000000000000000000a0000000000000000000000000000000000000000000000000"
332024,275300,27,56724,"000000000000000000000000000000000000000000000000000009"
332057,326240,33,5817,"000000000000000000000000000000000000000000000000000000000000000014"
332090,331942,32,148,"8305fba9ed35363d691bd30935c602aba23bbe5f000000000000000000000000"
332122,328058,37,4064,"c0000000000000000000000000000000000000000000000000000000000000000000000003"
332160,328096,3,4064,"02f903"
332164,331844,3,320,"82e708"
332168,329928,12,2240,"842f1f97d6842f1f97e08303"
332182,292593,21,39589,"9480e38291e06339d10aab483c65695d004dbd5c69"
332209,310153,2,22056,"00b9"
332211,279604,66,52607,"03a42cc4081e000000000000000000000000000000000000000000000000000000000000006000000000000000000000000000000000000000000000000000000000"
332277,331787,2,490,"0002"
332281,291985,31,40296,"0000000000000000000000000000000000000000000000000000000064fab4"
332313,292017,153,40296,"000000000000000000000000000000000000000000000000000000000000000100000000000000000000000000000000000000000000000000000000000000200000000000000000000000000000000000000000000000000000000000000060000000000000000000000000000000000000000000000000000000000000000000000000000000000000000000000000000000000000000000"
332466,332407,2,59,"0060"
332468,332205,5,263,"a32fed0c00"
332473,279866,256,52607,"0000000000000000000000000000000000000000000000000000000000000002000000000000000000000000000000000000000000000000000000000000004000000000000000000000000000000000000000000000000000000000000001600000000000000000000000007f72e0d8e9abf9133a92322b8b50bd8e0f9dcfcb0000000000000000000000000000000000000000000000000000000000000080000000000000000000000000000000000000000000000000000000000000000000000000000000000000000000000000000000000000000000000000000001000000000000000000000000000000000000000000000000000000000000000060"
332473,279866,256,52607,"0000000000000000000000000000000000000000000000000000000000000002000000000000000000000000000000000000000000000000000000000000004000000000000000000000000000000000000000000000000000000000000001600000000000000000000000007f72e0d8e9abf9133a92322b8b50bd8e0f9dcfcb0000000000000000000000000000000000000000000000000000000000000080000000000000000000000000000000000000000000000000000000000000000000000000000000000000000000000000000000000000000000000000000001000000000000000000000000000000000000000000000000000000000000000060"
332473,279866,76,52607,"00000000000000000000000000000000000000000000000000000000000000020000000000000000000000000000000000000000000000000000000000000040000000000000000000000000"
333081,280474,100,52607,"00000000000000000000000000000000000000000000000000000000000000020000000000000000000000000000000000000000000000000000000000000000c00000000000000000000000000000000000000000000000000000000000000000000000"
333181,333180,2,1,"0000"
333186,319233,4,13953,"ee82e708"
333190,331335,12,1855,"0a842f1f97d6842f1f97e082"
333204,331349,22,1855,"94d1a3abf42f9e66be86cfdea8c5c2c74f041c5e1480"
333228,331374,67,1854,"5b7d7482000000000000000000000000000000000000000000000000000000000000004000000000000000000000000000000000000000000000000000000000000000"
333296,330932,32,2364,"0000000000000000000000000000000000000000000000000000000000000011"
333328,317685,3,15643,"746865"
333332,333330,3,2,"657065"
333339,317930,3,15409,"61696c"
333345,330917,47,2428,"0000000000000000000000000000000000000000000000000000000000000000000000000000000000000000000011"
333400,333336,24,64,"40646d61696c2e6169000000000000000000000000000000"
333424,300336,54,33088,"c0000000000000000000000000000000000000000000000000000000000000000000000000000000000000000000007102f86e82e708"
333479,333191,11,288,"842f1f97d6842f1f97e082"
333492,326869,40,6623,"94176211869ca2b568f2a7d4ee941e073a821ee1ff80b844095ea7b3000000000000000000000000"
333532,289930,32,43602,"032b241de86a8660f1ae0691a4760b426ea246d7000000000000000000000000"
333564,327779,17,5785,"000000000000000000000000000000000e"
333584,333424,54,160,"c0000000000000000000000000000000000000000000000000000000000000000000000000000000000000000000007102f86e82e708"
333644,333639,4,5,"842f0864"
333649,279249,43,54400,"82eb7a94176211869ca2b568f2a7d4ee941e073a821ee1ff80b844095ea7b3000000000000000000000000"
333692,282300,44,51392,"80e38291e06339d10aab483c65695d004dbd5c69000000000000000000000000000000000000000000000000"
333736,333735,5,1,"0000000000"
333744,300496,100,33248,"c0000000000000000000000000000000000000000000000000000000000000000000000000000000000000000000010df9010a01842aea5400829d78940872ec4426103482a50f26ffc32acefcec61b3c980b8e4f242432a000000000000000000000000"
333844,322764,20,11080,"6ad3babda48c8ddf611904f338f1c7dffa6f41ac"
333864,300936,256,32928,"000000000000000000000000aec3cacef9457ff2821d9f85429ce3d90b0014590000000000000000000000000000000000000000000000000000000000000005000000000000000000000000000000000000000000000000000000000000000100000000000000000000000000000000000000000000000000000000000000a00000000000000000000000000000000000000000000000000000000000000000000000000000000000000000000000000000000000000000000000000000000082e708808000000000000000000000000000000000000000000000000000000000000000000000000000000000000000000000000000010df9010a01842aea54"
333864,300936,44,32928,"000000000000000000000000aec3cacef9457ff2821d9f85429ce3d90b001459000000000000000000000000"
334164,322704,20,11460,"841ea524b010979ad00ccd53d025de8ae35045a2"
334184,320264,256,13920,"000000000000000000000000aec3cacef9457ff2821d9f85429ce3d90b0014590000000000000000000000000000000000000000000000000000000000000005000000000000000000000000000000000000000000000000000000000000000100000000000000000000000000000000000000000000000000000000000000a00000000000000000000000000000000000000000000000000000000000000000000000000000000000000000000000000000000000000000000000000000000082e70880800000000000000000000000000000000000000000000000000000000000000000000000000000000000000000000000000001eff901ec80842aea54"
334184,320264,224,13920,"000000000000000000000000aec3cacef9457ff2821d9f85429ce3d90b0014590000000000000000000000000000000000000000000000000000000000000005000000000000000000000000000000000000000000000000000000000000000100000000000000000000000000000000000000000000000000000000000000a00000000000000000000000000000000000000000000000000000000000000000000000000000000000000000000000000000000000000000000000000000000082e7088080000000000000000000000000000000000000000000000000000000"
334666,302826,161,31840,"0000000000000000000000000000000000000000000000000000000000000000000000000000000000000000000000000000000000000000000000000000000500000000000000000000000000000000000000000000000000000000000000000000000000000000000000000000000000000000000000000000000000000140000000000000000000000000000000000000000000000000000000000000004131"
334890,320970,85,13920,"1b0000000000000000000000000000000000000000000000000000000000000082e7088080000000000000000000000000000000000000000000000000000000000000000000000000000000000000000000000001"
334975,334111,53,864,"0df9010a01842aea5400829d78940872ec4426103482a50f26ffc32acefcec61b3c980b8e4f242432a000000000000000000000000"
335028,322744,20,12284,"6580c69cfe147097843399892720b1b83225999f"
335048,272136,256,62912,"000000000000000000000000aec3cacef9457ff2821d9f85429ce3d90b0014590000000000000000000000000000000000000000000000000000000000000005000000000000000000000000000000000000000000000000000000000000000100000000000000000000000000000000000000000000000000000000000000a00000000000000000000000000000000000000000000000000000000000000000000000000000000000000000000000000000000000000000000000000000000082e70880800000000000000000000000000000000000000000000000000000000000000000000000000000000000000000000000000001eff901ec80842aea54"
335048,272136,225,62912,"000000000000000000000000aec3cacef9457ff2821d9f85429ce3d90b0014590000000000000000000000000000000000000000000000000000000000000005000000000000000000000000000000000000000000000000000000000000000100000000000000000000000000000000000000000000000000000000000000a00000000000000000000000000000000000000000000000000000000000000000000000000000000000000000000000000000000000000000000000000000000082e708808000000000000000000000000000000000000000000000000000000000"
335530,334666,160,864,"00000000000000000000000000000000000000000000000000000000000000000000000000000000000000000000000000000000000000000000000000000005000000000000000000000000000000000000000000000000000000000000000000000000000000000000000000000000000000000000000000000000000001400000000000000000000000000000000000000000000000000000000000000041"
335754,320970,256,14784,"1b0000000000000000000000000000000000000000000000000000000000000082e7088080000000000000000000000000000000000000000000000000000000000000000000000000000000000000000000000001eff901ec80842aea540083015f90940872ec4426103482a50f26ffc32acefcec61b3c980b901c4d4dfd6bc0000000000000000000000000000000000000000000000000000000000000000000000000000000000000000000000000000000000000000000000000000000000000000000000000000000000000000000000000000000000000000000000000000000000000000000000000000000000000000000000000000000000000001"
335754,320970,62,14784,"1b0000000000000000000000000000000000000000000000000000000000000082e708808000000000000000000000000000000000000000000000000000"
336074,335530,160,544,"00000000000000000000000000000000000000000000000000000000000000000000000000000000000000000000000000000000000000000000000000000005000000000000000000000000000000000000000000000000000000000000000000000000000000000000000000000000000000000000000000000000000001400000000000000000000000000000000000000000000000000000000000000041"
336270,323485,2,12785,"0016"
336298,303050,98,33248,"1b0000000000000000000000000000000000000000000000000000000000000082e7088080000000000000000000000000000000000000000000000000000000000000000000000000000000000000000000000001eff901ec80842aea5400830159"
336397,303149,220,33248,"940872ec4426103482a50f26ffc32acefcec61b3c980b901c4d4dfd6bc0000000000000000000000000000000000000000000000000000000000000000000000000000000000000000000000000000000000000000000000000000000000000000000000000000000000000000000000000000000000000000000000000000000000000000000000000000000000000000000000000000000000000001000000000000000000000000000000000000000000000000000000000000000100000000000000000000000000000000000000000000000000000000652212"
336618,336074,160,544,"00000000000000000000000000000000000000000000000000000000000000000000000000000000000000000000000000000000000000000000000000000005000000000000000000000000000000000000000000000000000000000000000000000000000000000000000000000000000000000000000000000000000001400000000000000000000000000000000000000000000000000000000000000041"
336789,336776,1,13,"00"
336842,303594,87,33248,"1b0000000000000000000000000000000000000000000000000000000000000082e70880800000000000000000000000000000000000000000000000000000000000000000000000000000000000000000000000002ceb"
336929,321793,10,15136,"54842aea540082520894"
336959,321727,66,15232,"865af3107a40008082e70880800000000000000000000000000000000000000000000000000000000000000000000000000000000000000000000000000000002ceb"
337026,336930,9,96,"842aea540082520894"
337055,303807,96,33248,"865af3107a40008082e70880800000000000000000000000000000000000000000000000000000000000000000000000000000000000000000000000000000000000000000000000000000000000000000000000000000000000000000000002"
337172,322344,20,14828,"b8ff877ed78ba520ece21b1de7843a8a57ca47cb"
337192,337172,20,20,"b8ff877ed78ba520ece21b1de7843a8a57ca47cb"
337312,304044,20,33268,"76b17077ea576c531f26cc5f4c613014b6bbb5e5"
337372,330531,20,6841,"b03d651170ceee35729aff792d522fd952cf94c0"
337392,331235,20,6157,"0b652eff5070c4c2251a3309ef0f90cee17161f2"
337432,286456,20,50976,"5f92a40a6d582ef8856fa27fcd9189682b54f2a7"
337452,332090,20,5362,"8305fba9ed35363d691bd30935c602aba23bbe5f"
337472,333061,20,4411,"b40ea979dccb97b7a20e776f614fc47d041892bb"
337532,286476,20,51056,"fc0c2df02b1616b05c22b3044c582c4150cfd3a9"
337552,333844,20,3708,"6ad3babda48c8ddf611904f338f1c7dffa6f41ac"
337572,334164,20,3408,"841ea524b010979ad00ccd53d025de8ae35045a2"
337592,321707,20,15885,"7925d7d9311a34f9df78b4a762ec770eb934a703"
337612,335028,20,2584,"6580c69cfe147097843399892720b1b83225999f"
337632,321803,20,15829,"bff2a37f490fb8322cd45c88e5b810274518a83d"
337652,321611,20,16041,"4547eb53b686dbc9979a042d7fc88b7117e1c1cc"
337672,322189,20,15483,"49ae70817d5588690e932869fa68c81df79fafcb"
337692,304384,100,33308,"9dbad420963e53775a51ea9aad4afa3af6e5d753f6f8b5bc021ff67a9932346447dd7e78aa674224000000000000000000000000000000000000000000000000000000000000000000000000000000000000000000000000000000000000000000000000"
337824,322976,31,14848,"0000000000000000000000000000000000000000000000000000000064fa85"
337856,333114,62,4742,"00000000000000000000000000000000000000000000000000000000000000c0000000000000000000000000000000000000000000000000000000000000"
337920,337888,31,32,"00000000000000000000000000000000000000000000000000000000000036"
337952,305472,31,32480,"00000000000000000000000000000000000000000000000000000000000038"
337984,305183,32,32801,"000000000000000000000000000000000000000000000000000000000000001c"
338016,332128,31,5888,"00000000000000000000000000000000000000000000000000000000000003"
338048,293685,62,44363,"0000000000000000000000000000000000000000000000000000000000000700000000000000000000000000000000000000000000000000000000000000"
338112,331205,31,6907,"0000000000000000000000000000000000000000000000000000000000000b"
338144,325858,31,12286,"0000000000000000000000000000000000000000000000000000000000000d"
338176,323392,31,14784,"0000000000000000000000000000000000000000000000000000000000000e"
338207,287295,32,50912,"200000000000000000000000000000000000000000000000000000000000000e"
338240,275584,62,62656,"0000000000000000000000000000000000000000000000000000000000001140000000000000000000000000000000000000000000000000000000000000"
338304,338272,31,32,"00000000000000000000000000000000000000000000000000000000000013"
338336,275936,31,62400,"0000000000000000000000000000000000000000000000000000000000001e"
338367,323583,32,14784,"000000000000000000000000000000000000000000000000000000000000001f"
338400,276032,62,62368,"00000000000000000000000000000000000000000000000000000000000020a0000000000000000000000000000000000000000000000000000000000000"
338464,275073,61,63391,"00000000000000000000000000000000000000000000000000000000000026000000000000000000000000000000000000000000000000000000000000"
338525,325975,2,12550,"0028"
338528,337762,31,766,"00000000000000000000000000000000000000000000000000000000000029"
338560,323840,31,14720,"0000000000000000000000000000000000000000000000000000000000002a"
338592,323840,94,14752,"0000000000000000000000000000000000000000000000000000000000002aa00000000000000000000000000000000000000000000000000000000000002be0000000000000000000000000000000000000000000000000000000000000"
338688,323904,31,14784,"0000000000000000000000000000000000000000000000000000000000002e"
338720,319201,31,19519,"00000000000000000000000000000000000000000000000000000000000030"
338751,287679,32,51072,"8000000000000000000000000000000000000000000000000000000000000032"
338784,324000,31,14784,"00000000000000000000000000000000000000000000000000000000000033"
338815,328396,32,10419,"0000000000000000000000000000000000000000000000000000000000000034"
338848,338816,31,32,"00000000000000000000000000000000000000000000000000000000000034"
338880,305280,62,33600,"00000000000000000000000000000000000000000000000000000000000034e0000000000000000000000000000000000000000000000000000000000000"
338944,332160,3,6784,"02f903"
338948,328100,4,10848,"82e70881"
338957,334163,2,4794,"0084"
338959,338954,4,5,"ee6b2800"
338967,305942,22,33025,"940cab6977a9c70e04458b740476b498b21401964186"
338994,332209,3,6785,"00b903"
339002,298780,95,40222,"0000000000000000000000000000000000000000000000000000000000000100000000000000000000000000000000000000000000000000000000000000000000000000000000000000000000000000000000000000000000000000000000"
339162,313523,13,25639,"0000000000000000000000007b"
339194,336522,62,2672,"0000000000000000000000000000000000000000000000000000000000000001000000000000000000000000000000000000000000000000000000000000"
339257,275569,14,63688,"0000000000000000000000000010"
339290,339041,56,249,"0000000000000000000000000000000000000000000000000000000000000000000000000000000000000000000000000000000000000000"
339346,337852,3,1494,"64fa85"
339354,339194,44,160,"0000000000000000000000000000000000000000000000000000000000000001000000000000000000000000"
339398,327302,46,12096,"eeeeeeeeeeeeeeeeeeeeeeeeeeeeeeeeeeeeeeee0000000000000000000000000000000000000000000000000000"
339448,290077,33,49371,"e00000000000000000000000000000000000000000000000000000000000000001"
339482,323282,13,16200,"00000000000000000000000008"
339495,336399,19,3096,"72ec4426103482a50f26ffc32acefcec61b3c9"
339514,333081,63,6433,"000000000000000000000000000000000000000000000000000000000000000200000000000000000000000000000000000000000000000000000000000000"
339577,336553,61,3024,"01000000000000000000000000000000000000000000000000000000000000000100000000000000000000000000000000000000000000000000000000"
339638,332373,16,7265,"00000020000000000000000000000000"
339654,306053,20,33601,"7538262ae993ca117a0e481f908209137a46268e"
339674,327327,28,12347,"00000000000000000000000000000000000000000000000000000400"
339705,328787,64,10918,"00000000000000000000000000000000000000000000000000000000000000006000000000000000000000000000000000000000000000000000000000000000"
339769,299730,70,40039,"000000000000000000000000000000000000000000000000000000000000000000c0000000000000000000000000000000000000000000000000000000000000000000000000"
339877,318685,3,21192,"000050"
339882,337063,52,2819,"82e70880800000000000000000000000000000000000000000000000000000000000000000000000000000000000000000000000"
339934,325438,8,14496,"0392f9038f830305"
339948,325452,129,14496,"8313f7c094a658742d33ebd2ce2f0bdff73515aa797fd161d980b90364252f7b0100000000000000000000000000000000000000000000000000000000000000b800000000000000000000000045f1a95a4d3f3836523f5c83673c797f4d4d263b0000000000000000000000000000000000000000000000000000000000043238"
340077,324529,32,15548,"32f4b84ae40e1e80a4ceba399be5376ad933ef63167a38304aed710890be3263"
340109,324529,63,15580,"32f4b84ae40e1e80a4ceba399be5376ad933ef63167a38304aed710890be326300000000000000000000000000000000000000000000000000000000000000"
340172,325676,72,14496,"c0000000000000000000000000000000000000000000000000000000000000027400000000000000000000000038de71124f7a447a01d67945a51edce9ff491251000000000000a2"
340245,325749,256,14496,"00b8af54be5b6eec24d6bfacf1cce4eaf680a823939800b745f1a95a4d3f3836523f5c83673c797f4d4d263b0000000000000000000000000000000000000000000000000000000000000001000000000000000000000000000000000000000000000000000000000000000d000000000000000000000000000000000000000000000000000000000000000d0000000000000000000000000000000000000000000000000000000000000000000000000000000000000000000000000000000000000000000000000000000000000000000000000000000000000000000000000000002822ebf22f2cdf6ce30000000000000000000000000000000000000000"
340245,325749,5,14496,"00b8af54be"
340507,340319,2,188,"0001"
340513,340294,27,219,"000000000000000000000000000000000000000000000000000001"
340545,336463,90,4082,"000000000000000000000000000000000000000000000000000000000000000000000000000000000000000000000000000000000000000000000000000000000000000000000000000000000000000000000000000000000000"
340641,340481,26,160,"0000000000000000000000000000000000000000000000000094"
340673,326177,96,14496,"00000000000000000000000000000000000000000000000000000000000001c000000000000000000000000000000000000000000000000000000000000002000000000000000000000000000000000000000000000000000000000000000014"
340789,335184,105,5605,"000000000000000000000000000000000000000000000000000000000000000000000000000000000000000000000000000000000000000082e70880800000000000000000000000000000000000000000000000000000000000000000000000000000000000000000"
340894,324830,8,16064,"0232f9022f830306"
340903,339943,6,960,"843a0bd1ce83"
340909,324845,127,16064,"048d9c94cb566e3b6934fa77258d68ea18e931fa75e1aaaa80b902046c459a2800000000000000000000000038de71124f7a447a01d67945a51edce9ff49125100000000000000000000000000000000000000000000000000000000000000800000000000000000000000000000000000000000000000000000000064fad9"
341037,324365,100,16672,"00000000000000000000000000000000000000000000000000000000000001400000000000000000000000000000000000000000000000000000000000000084704316e500000000000000000000000000000000000000000000000000000000000000b8"
341138,310432,2,30706,"003d"
341169,324497,32,16672,"000000000000000000000000000000000000000000000000000000000000000a"
341201,341137,63,64,"cc003d0b7d605e6d3d3982c3557b19319475f4bba0cd32b65e14ee6b64937a8700000000000000000000000000000000000000000000000000000000000000"
341264,340817,29,447,"0000000000000000000000000000000000000000000000000000000082"
341422,325358,80,16064,"1c00000000000000000000000000000000000000000000000000000000000082e70880800000000000000000000000000000000000000000000000000000000000000000000000000000000000000000"
341502,293118,4,48384,"006df86b"
341507,276451,49,65056,"8435a4e9008301635394176211869ca2b568f2a7d4ee941e073a821ee1ff80b844095ea7b3000000000000000000000000"
341556,331740,20,9816,"678aa4bf4e210cf2166753e054d5b7c31cc7fa86"
341576,276520,87,65056,"ffffffffffffffffffffffffffffffffffffffffffffffffffffffffffffffff82e70880800000000000000000000000000000000000000000000000000000000000000000000000000000000000000000000000000000"
341663,333631,7,8032,"7102f86e82e708"
341671,326855,10,14816,"84308a766684308a7666"
341684,341516,40,168,"94176211869ca2b568f2a7d4ee941e073a821ee1ff80b844095ea7b3000000000000000000000000"
341724,296087,20,45637,"6352a56caadc4f1e25cd6c75970fa768a3304e64"
341744,297659,32,44085,"00000000000000000000000000000000000000000000000000000000009b674f"
341777,337105,46,4672,"00000000000000000000000000000000000000000000000000000000000000000000000000000000000000000002"
341823,338943,3,2880,"5b02f9"
341827,338947,4,2880,"5782e708"
341831,327015,3,14816,"098430"
341834,329002,10,12832,"659a7d8430659a7d8304"
341846,329942,21,11904,"94032b241de86a8660f1ae0691a4760b426ea246d7"
341867,305868,7,35999,"87354a6ba7a180"
341874,291913,3,49961,"00b902"
341878,330671,244,11207,"ac9650d800000000000000000000000000000000000000000000000000000000000000200000000000000000000000000000000000000000000000000000000000000002000000000000000000000000000000000000000000000000000000000000004000000000000000000000000000000000000000000000000000000000000001a0000000000000000000000000000000000000000000000000000000000000012475ceafe6000000000000000000000000000000000000000000000000000000000000002000000000000000000000000000000000000000000000000000000000000000a0000000000000000000000000"
342142,324037,26,18105,"0000000000000000000000000000000000000000000000000035"
342168,341869,6,299,"4a6ba7a18000"
342174,342012,29,162,"0000000000000000000000000000000000000000000000000000000001"
342206,330999,31,11207,"0000000000000000000000000000000000000000000000000000000064fa87"
342238,331031,32,11207,"000000000000000000000000000000000000000000000000000000000000002b"
342270,332741,21,9529,"e5d7c2a44ffddf6b295a15c148167daaaf5cf34f00"
342293,310369,50,31924,"176211869ca2b568f2a7d4ee941e073a821ee1ff000000000000000000000000000000000000000000000000000000000000"
342343,326089,51,16254,"000000000000000000000000000000000000000000000000000000000000000000000000000000000000000000000000000004"
342398,280510,65,61888,"00000000000000000000000000000000000000000000000000000000c0000000000000000000000000000000000000000000000000000000000000000000000001"
342463,278687,8,63776,"f402f901f082e708"
342471,312167,12,30304,"80842f1f97d6842f1f97e083"
342483,278707,222,63776,"0205aa940872ec4426103482a50f26ffc32acefcec61b3c980b901c4d4dfd6bc00000000000000000000000000000000000000000000000000000000000000000000000000000000000000000000000000000000000000000000000000000000000000000000000000000000000000000000000000000000000000000000000000000000000000000000000000000000000000000000000000000000000000010000000000000000000000000000000000000000000000000000000000000001000000000000000000000000000000000000000000000000000000006522"
342707,336618,160,6089,"00000000000000000000000000000000000000000000000000000000000000000000000000000000000000000000000000000000000000000000000000000005000000000000000000000000000000000000000000000000000000000000000000000000000000000000000000000000000000000000000000000000000001400000000000000000000000000000000000000000000000000000000000000041"
342895,311955,3,30940,"353636"
342931,329683,76,13248,"1c00000000000000000000000000000000000000000000000000000000000000c000000000000000000000000000000000000000000000000000000000000000000000000000000000000000"
343010,338948,4,4062,"82e70881"
343015,318822,87,24193,"842f1f97d6842f1f97e083010b3694cce9d3f392c135dc038b147ca73ec496f7f89d938084183ff085c0000000000000000000000000000000000000000000000000000000000000000000000000000000000000000000"
343108,343010,3,98,"82e708"
343112,330632,12,12480,"842f1f97d6842f1f97e08305"
343155,342046,62,1109,"0000000000000000000000000000000000000000000000000000000000000020000000000000000000000000000000000000000000000000000000000000"
343218,343186,32,32,"2000000000000000000000000000000000000000000000000000000000000001"
343250,297110,77,46140,"4000000000000000000000000000000000000000000000000000000000000001600000000000000000000000000000000000000000000000000000000000000000000000000000000000000000"
343347,323554,29,19793,"000000000000000000000000000000000000000000000000000000001d"
343378,337747,46,5631,"00000000000000000000000000000000000000000000000000000000000000000000000000000000000000000029"
343443,300305,78,43138,"00000000000000000000000000000000000000000000000000000000000001c000000000000000000000000000000000000000000000000000000000000000000000000000000000000000000000"
343521,327464,62,16057,"0000000000000000000000000000000000000000000000000000000000000000000000000000000000000000000000000002000000000000000000000000"
343583,342293,32,1290,"176211869ca2b568f2a7d4ee941e073a821ee1ff000000000000000000000000"
343615,342293,50,1322,"176211869ca2b568f2a7d4ee941e073a821ee1ff000000000000000000000000000000000000000000000000000000000000"
343671,343155,61,516,"00000000000000000000000000000000000000000000000000000000000000200000000000000000000000000000000000000000000000000000000000"
343735,343347,44,388,"000000000000000000000000000000000000000000000000000000001dcd6500000000000000000000000000"
343779,343615,32,164,"176211869ca2b568f2a7d4ee941e073a821ee1ff000000000000000000000000"
343831,341124,13,2707,"000000000000000000000000b8"
343863,343831,12,32,"000000000000000000000000"
343895,343799,44,96,"00000000000000000000000078b05688beb478a03160cd757806d0893407bdc1000000000000000000000000"
343939,343938,18,1,"000000000000000000000000000000000000"
343959,341915,44,2044,"0000000000000000000000000000000000000000000000000000000000000200000000000000000000000000"
344003,343327,48,676,"cb28fbe3e9c0fea62e0e63ff3f232cecfe555ad400000000000000000000000000000000000000000000000000000000"
344051,343987,3,64,"000002"
344055,343831,44,224,"000000000000000000000000b8f275fbf7a959f4bce59999a2ef122a099e81a8000000000000000000000000"
344099,342752,19,1347,"00000000000000000000000000000000000005"
344118,299574,33,44544,"800000000000000000000000000000000000000000000000000000000000000064"
344151,343895,32,256,"00000000000000000000000078b05688beb478a03160cd757806d0893407bdc1"
344196,343520,63,676,"000000000000000000000000000000000000000000000000000000000000000000000000000000000000000000000000000002000000000000000000000000"
344279,344247,12,32,"000000000000000000000000"
344311,344216,31,95,"00000000000000000000000000000000000000000000000000000000000002"
344347,343347,63,1000,"000000000000000000000000000000000000000000000000000000001dcd650000000000000000000000000000000000000000000000000000000000000000"
344410,340704,63,3706,"c00000000000000000000000000000000000000000000000000000000000000200000000000000000000000000000000000000000000000000000000000000"
344475,293780,44,50695,"00000000000000000000000000000000000000000000000000000000000002a0000000000000000000000000"
344538,290077,63,54461,"e00000000000000000000000000000000000000000000000000000000000000001000000000000000000000000000000000000000000000000000000000000"
344601,342076,33,2525,"002000000000000000000000000000000000000000000000000000000000000000"
344639,340604,32,4035,"0000000000000000000000000000000000000000000000000000000000000015"
344671,340737,32,3934,"0000000000000000000000000000000000000000000000000000000000000014"
344703,344347,29,356,"000000000000000000000000000000000000000000000000000000001d"
344735,344703,29,32,"000000000000000000000000000000000000000000000000000000001d"
344767,344507,60,260,"000000000000000000000000b79a4f5828eb55c10d7abf4bfe9a9f5d11aa84e000000000000000000000000000000000000000000000000000000000"
344831,342583,72,2248,"000000000000000000000000000000000000000000000000000000000000000000000000000000000000000000000000000000000000000000000001000000000000000000000000"
344923,344215,126,708,"0000000000000000000000000000000000000000000000000000000000000002000000000000000000000000d2f5b8525758857af3553142f59e2b35cbfa0abe000000000000000000000000dd1a897f92c14cda3ab7023b094615a7068d01fa000000000000000000000000000000000000000000000000000000000000"
345049,344569,33,480,"000100000000000000000000000000000000000000000000000000000000000000"
345083,344832,59,251,"0000000000000000000000000000000000000000000000000000000000000000000000000000000000000000000000000000000000000000000001"
345147,343671,93,1476,"0000000000000000000000000000000000000000000000000000000000000020000000000000000000000000000000000000000000000000000000000003d090000000000000000000000000000000000000000000000000000000001d"
345243,344507,63,736,"000000000000000000000000b79a4f5828eb55c10d7abf4bfe9a9f5d11aa84e000000000000000000000000000000000000000000000000000000000000000"
345306,345305,13,1,"00000000000000000000000000"
345319,344999,50,320,"dd1a897f92c14cda3ab7023b094615a7068d01fa000000000000000000000000000000000000000000000000000000000000"
345371,345275,44,96,"0000000000000000000000000000000000000000000000000000000000000000000000000000000000000000"
345415,343907,32,1508,"78b05688beb478a03160cd757806d0893407bdc1000000000000000000000000"
345467,340992,13,4475,"00000000000000000000000080"
345499,343895,62,1604,"00000000000000000000000078b05688beb478a03160cd757806d0893407bdc1000000000000000000000000000000000000000000000000000000000000"
345563,344183,63,1380,"73796d62696f7369732d6170700000000000000000000000000000000000000000000000000000000000000000000000000000000000000000000000000000"
345626,339745,94,5881,"000000000000000000000000000000000000000000000000000000000000000000000000000000000000000000000000000000000000000000c0000000000000000000000000000000000000000000000000000000000000000000000000"
345720,281272,17,64448,"000000000000011a02f9011682e7080184"
345737,331849,11,13888,"2f1f97d6842f1f97e08307"
345748,281620,24,64128,"5e06948731d54e9d02c286767d56ac03e8037c07e01e9887"
345777,281649,52,64128,"d61eb8e41114cd2a00000000000000000000000000000000000000000000000000000000000000b8000000000000000000000000"
345849,335144,57,10705,"00000000000000000000000000000000000000000000000000000000000000a000000000000000000000000000000000000000000000000000"
345912,323268,27,22644,"000000000000000000000000000000000000000000000000000008"
345944,311289,34,34655,"0000000000000000000000000000000000000000000000000000000000000000148b"
345978,345830,31,148,"ca9279010efa748bf0bb539824f5f8373bb468000000000000000000000000"
346009,311673,46,34336,"c0000000000000000000000000000000000000000000000000000000000000000000000000013302f9012f82e708"
346056,333639,11,12417,"842f0864eb842f0864f582"
346067,331347,127,14720,"7e5494d1a3abf42f9e66be86cfdea8c5c2c74f041c5e1480b901045b7d7482000000000000000000000000000000000000000000000000000000000000004000000000000000000000000000000000000000000000000000000000000000a00000000000000000000000000000000000000000000000000000000000000040"
346195,289137,3,57058,"356133"
346200,311968,3,34232,"353739"
346208,280858,3,65350,"356631"
346219,289219,3,57000,"336266"
346222,311881,3,34341,"346230"
346225,311007,3,35218,"356438"
346230,326597,3,19633,"336363"
346257,310929,33,35328,"330000000000000000000000000000000000000000000000000000000000000040"
346300,310923,3,35377,"313630"
346309,280879,3,65430,"333333"
346316,282886,3,63430,"306435"
346319,289123,3,57196,"363964"
346330,310964,3,35366,"336234"
346333,331623,3,14710,"633031"
346339,311899,3,34440,"623931"
346342,326541,3,19801,"623264"
346345,281091,3,65254,"303138"
346349,346311,3,38,"333061"
346355,344203,44,2152,"0000000000000000000000000000000000000000000000000000000000000000000000000000000000000002"
346400,341824,3,4576,"02f902"
346404,346052,3,352,"82e708"
346408,346056,10,352,"842f0864eb842f0864f5"
346422,292593,22,53829,"9480e38291e06339d10aab483c65695d004dbd5c6987"
346451,291914,63,54537,"b902642cc4081e0000000000000000000000000000000000000000000000000000000000000060000000000000000000000000000000000000000000000001"
346522,332281,31,14241,"0000000000000000000000000000000000000000000000000000000064fab4"
346554,332313,153,14241,"000000000000000000000000000000000000000000000000000000000000000100000000000000000000000000000000000000000000000000000000000000200000000000000000000000000000000000000000000000000000000000000060000000000000000000000000000000000000000000000000000000000000000000000000000000000000000000000000000000000000000000"
346707,346444,7,263,"306f9469d789fb"
346714,292177,256,54537,"000000000000000000000000000000000000000000000000000000000000000100000000000000000000000000000000000000000000000000000000000000200000000000000000000000007f72e0d8e9abf9133a92322b8b50bd8e0f9dcfcb0000000000000000000000000000000000000000000000000000000000000080000000000000000000000000000000000000000000000000000000000000000000000000000000000000000000000000000000000000000000000000000001000000000000000000000000000000000000000000000000000000000000000060000000000000000000000000e5d7c2a44ffddf6b295a15c148167daaaf5cf34f"
346714,292177,12,54537,"000000000000000000000000"
347002,333081,100,13921,"00000000000000000000000000000000000000000000000000000000000000020000000000000000000000000000000000000000000000000000000000000000c00000000000000000000000000000000000000000000000000000000000000000000000"
347103,296063,3,51040,"7402f9"
347107,296067,4,51040,"7082e708"
347112,346408,11,704,"842f0864eb842f0864f583"
347127,295516,20,51611,"f82537fb6c56a3b50092d3951f84f5f6c835b4f5"
347147,340933,3,6214,"80b902"
347151,310157,35,36994,"5ae401dc0000000000000000000000000000000000000000000000000000000064fa86"
347186,288395,128,58791,"ad00000000000000000000000000000000000000000000000000000000000000400000000000000000000000000000000000000000000000000000000000000002000000000000000000000000000000000000000000000000000000000000004000000000000000000000000000000000000000000000000000000000000001"
347315,310289,48,37026,"00000000000000000000000000000000000000000000000000000000000000e404e45aaf000000000000000000000000"
347363,282965,20,64398,"9201f3b9dfab7c13cd659ac5695d12d605b5f1e6"
347383,298615,62,48768,"000000000000000000000000e5d7c2a44ffddf6b295a15c148167daaaf5cf34f000000000000000000000000000000000000000000000000000000000000"
347447,347219,55,228,"00000000000000000000000000000000000000000000000000000000000000020000000000000000000000000000000000000000000000"
347511,338885,26,8626,"0000000000000000000000000000000000000000000000000034"
347543,345592,91,1951,"00000000000000000000000000000000000000000000000000000000000000000000000000000000000000000000000000000000000000000000000000000000000000000000000000000000000000000000000000000000000000"
347634,331186,30,16448,"4449404b7c00000000000000000000000000000000000000000000000000"
347664,347536,19,128,"34c2c34a2a0a75000000000000000000000000"
347703,330551,72,17152,"00000000000000000000000000000000000000000000000000000000c000000000000000000000000000000000000000000000000000000000000000000000000000000000000002"
347775,345727,3,2048,"1a02f9"
347779,311395,7,36384,"1682e70880842f"
347786,347114,9,672,"0864eb842f0864f583"
347798,310125,21,37673,"94678aa4bf4e210cf2166753e054d5b7c31cc7fa86"
347829,347151,99,678,"5ae401dc0000000000000000000000000000000000000000000000000000000064fa86ad000000000000000000000000000000000000000000000000000000000000004000000000000000000000000000000000000000000000000000000000000000"
347928,346585,63,1343,"010000000000000000000000000000000000000000000000000000000000000020000000000000000000000000000000000000000000000000000000000000"
347997,346586,63,1411,"000000000000000000000000000000000000000000000000000000000000002000000000000000000000000000000000000000000000000000000000000000"
348061,348048,12,13,"000000000000000000000000"
348093,348034,26,59,"0000000000000000000000000000000000000000000000000000"
348119,347820,6,299,"5dd9ce8e011f"
348125,336358,26,11767,"00000000000000000000000000000000000000000000000001ef"
348157,290502,32,57655,"0000000000000000000000000000000000000000000000000000000000000059"
348189,347395,21,794,"e5d7c2a44ffddf6b295a15c148167daaaf5cf34f00"
348210,290555,23,57655,"01f4176211869ca2b568f2a7d4ee941e073a821ee1ff00"
348233,347860,2,373,"0064"
348235,348189,21,46,"e5d7c2a44ffddf6b295a15c148167daaaf5cf34f00"
348278,345648,72,2630,"0000000000000000000000000000000000000000000000000000000000000000000000c0000000000000000000000000000000000000000000000000000000000000000000000000"
348350,346046,9,2304,"013302f9012f82e708"
348365,348360,4,5,"842ef1ea"
348370,346066,128,2304,"827e5494d1a3abf42f9e66be86cfdea8c5c2c74f041c5e1480b901045b7d7482000000000000000000000000000000000000000000000000000000000000004000000000000000000000000000000000000000000000000000000000000000a00000000000000000000000000000000000000000000000000000000000000040"
348500,331594,3,16906,"336565"
348520,289204,3,59316,"336162"
348536,311878,3,36658,"356264"
348539,348500,3,39,"336565"
348548,331620,3,16928,"373439"
348562,326601,33,21961,"000000000000000000000000000000000000000000000000000000000000004032"
348598,326557,3,22041,"306663"
348606,289240,3,59366,"366638"
348614,311958,3,36656,"306564"
348625,346209,3,2416,"663131"
348628,331607,3,17021,"326466"
348648,346232,3,2416,"633430"
348659,300211,51,48448,"00000000000000000000000000000000000000000000000000000000000000000000000000000000000000005102f84e82e708"
348715,341099,2,7616,"0084"
348717,348712,4,5,"2c959300"
348721,295793,110,52928,"83010a3b949dba31e492b7e98b8195e254ee13b6b027e4a59d80a4a7f68792766f746500000000000000000000000000000000000000000000000000000000c000000000000000000000000000000000000000000000000000000000000000000000000000000000000000000000"
348831,348703,127,128,"5102f84e82e70880842c959300842c95930083010a3b949dba31e492b7e98b8195e254ee13b6b027e4a59d80a4a7f68792766f746500000000000000000000000000000000000000000000000000000000c0000000000000000000000000000000000000000000000000000000000000000000000000000000000000000000"
348958,334974,54,13984,"010df9010a01842aea5400829d78940872ec4426103482a50f26ffc32acefcec61b3c980b8e4f242432a000000000000000000000000"
349012,337632,20,11380,"bff2a37f490fb8322cd45c88e5b810274518a83d"
349032,333864,256,15168,"000000000000000000000000aec3cacef9457ff2821d9f85429ce3d90b0014590000000000000000000000000000000000000000000000000000000000000005000000000000000000000000000000000000000000000000000000000000000100000000000000000000000000000000000000000000000000000000000000a00000000000000000000000000000000000000000000000000000000000000000000000000000000000000000000000000000000000000000000000000000000082e708808000000000000000000000000000000000000000000000000000000000000000000000000000000000000000000000000000010df9010a01842aea54"
349032,333864,44,15168,"000000000000000000000000aec3cacef9457ff2821d9f85429ce3d90b001459000000000000000000000000"
349332,337652,20,11680,"4547eb53b686dbc9979a042d7fc88b7117e1c1cc"
349352,349032,256,320,"000000000000000000000000aec3cacef9457ff2821d9f85429ce3d90b0014590000000000000000000000000000000000000000000000000000000000000005000000000000000000000000000000000000000000000000000000000000000100000000000000000000000000000000000000000000000000000000000000a00000000000000000000000000000000000000000000000000000000000000000000000000000000000000000000000000000000000000000000000000000000082e708808000000000000000000000000000000000000000000000000000000000000000000000000000000000000000000000000000010df9010a01842aea54"
349352,349032,44,320,"000000000000000000000000aec3cacef9457ff2821d9f85429ce3d90b001459000000000000000000000000"
349652,337592,20,12060,"7925d7d9311a34f9df78b4a762ec770eb934a703"
349672,335048,256,14624,"000000000000000000000000aec3cacef9457ff2821d9f85429ce3d90b0014590000000000000000000000000000000000000000000000000000000000000005000000000000000000000000000000000000000000000000000000000000000100000000000000000000000000000000000000000000000000000000000000a00000000000000000000000000000000000000000000000000000000000000000000000000000000000000000000000000000000000000000000000000000000082e70880800000000000000000000000000000000000000000000000000000000000000000000000000000000000000000000000000001eff901ec80842aea54"
349672,335048,225,14624,"000000000000000000000000aec3cacef9457ff2821d9f85429ce3d90b0014590000000000000000000000000000000000000000000000000000000000000005000000000000000000000000000000000000000000000000000000000000000100000000000000000000000000000000000000000000000000000000000000a00000000000000000000000000000000000000000000000000000000000000000000000000000000000000000000000000000000000000000000000000000000082e708808000000000000000000000000000000000000000000000000000000000"
350154,342707,160,7447,"00000000000000000000000000000000000000000000000000000000000000000000000000000000000000000000000000000000000000000000000000000005000000000000000000000000000000000000000000000000000000000000000000000000000000000000000000000000000000000000000000000000000001400000000000000000000000000000000000000000000000000000000000000041"
350366,349798,2,568,"00a0"
350378,335754,256,14624,"1b0000000000000000000000000000000000000000000000000000000000000082e7088080000000000000000000000000000000000000000000000000000000000000000000000000000000000000000000000001eff901ec80842aea540083015f90940872ec4426103482a50f26ffc32acefcec61b3c980b901c4d4dfd6bc0000000000000000000000000000000000000000000000000000000000000000000000000000000000000000000000000000000000000000000000000000000000000000000000000000000000000000000000000000000000000000000000000000000000000000000000000000000000000000000000000000000000000001"
350378,335754,62,14624,"1b0000000000000000000000000000000000000000000000000000000000000082e708808000000000000000000000000000000000000000000000000000"
350698,350154,160,544,"00000000000000000000000000000000000000000000000000000000000000000000000000000000000000000000000000000000000000000000000000000005000000000000000000000000000000000000000000000000000000000000000000000000000000000000000000000000000000000000000000000000000001400000000000000000000000000000000000000000000000000000000000000041"
350883,350856,1,27,"00"
350922,321514,87,29408,"1c0000000000000000000000000000000000000000000000000000000000000082e70880800000000000000000000000000000000000000000000000000000000000000000000000000000000000000000000000002ceb"
351010,337026,9,13984,"842aea540082520894"
351037,345446,2,5591,"00ee"
351039,321823,116,29216,"865af3107a40008082e7088080000000000000000000000000000000000000000000000000000000000000000000000000000000000000000000000000000000ecf8ea01842aea5400829b28940872ec4426103482a50f26ffc32acefcec61b3c980b8c4f242432a000000000000000000000000"
351155,337672,20,13483,"49ae70817d5588690e932869fa68c81df79fafcb"
351175,321959,216,29216,"00000000000000000000000001e4a663fffaf1430d3a36588b2c14b72231d8b40000000000000000000000000000000000000000000000000000000000000005000000000000000000000000000000000000000000000000000000000000000100000000000000000000000000000000000000000000000000000000000000a0000000000000000000000000000000000000000000000000000000000000000082e7088080000000000000000000000000000000000000000000000000000000000000000000000000000000000000000000000000000000"
351391,337023,12,14368,"2ceb53842aea540082520894"
351423,336959,66,14464,"865af3107a40008082e70880800000000000000000000000000000000000000000000000000000000000000000000000000000000000000000000000000000002ceb"
351490,351394,9,96,"842aea540082520894"
351501,317510,2,33991,"005b"
351519,351423,64,96,"865af3107a40008082e7088080000000000000000000000000000000000000000000000000000000000000000000000000000000000000000000000000000000"
351583,322175,4,29408,"2eed8202"
351588,321794,10,29794,"842aea540082520894bf"
351617,322209,94,29408,"8654953ff6d0008082e7088080000000000000000000000000000000000000000000000000000000000000000000000000000000000000000000000000000000000000000000000000000000000000000000000000000000000000000002"
351712,339174,20,12538,"7b1f1661e9788eabf2ca8f0694507988dcba3638"
351752,337212,20,14540,"e93685f3bba03016f02bd1828badd6195988d950"
351772,322344,40,29428,"b8ff877ed78ba520ece21b1de7843a8a57ca47cb3d391afffed2255a2dd00325c3a96a5a8e023ff8"
351812,304144,20,47668,"33fa83e5622d32974e09d5993f47c0ebf6fcadf5"
351832,342122,20,9710,"3b5362ceb3c417148bbec31c7927c65ff7987326"
351892,345511,20,6381,"78b05688beb478a03160cd757806d0893407bdc1"
351912,345977,20,5935,"8bca9279010efa748bf0bb539824f5f8373bb468"
351952,346982,20,4970,"bacfcdc5c3987424189d5bb4a2f3f82f7647733f"
351972,347683,20,4289,"f989d774bca0fe1263f023a3374762a42662cce5"
351992,348073,20,3919,"bc1fcfdcc84f22e7a88bcb485dd96e935f41455b"
352068,351709,1,359,"00"
352072,337632,40,14440,"bff2a37f490fb8322cd45c88e5b810274518a83d4547eb53b686dbc9979a042d7fc88b7117e1c1cc"
352112,349652,20,2460,"7925d7d9311a34f9df78b4a762ec770eb934a703"
352132,336939,20,15193,"2bfd72c60941ad5f41d964700ed8a07182e11535"
352152,337035,20,15117,"73072614fe14c67b15e5b4a6ed9cbcb1e0a0dd1d"
352192,351155,20,1037,"49ae70817d5588690e932869fa68c81df79fafcb"
352252,322864,68,29388,"01e4a663fffaf1430d3a36588b2c14b72231d8b4000000000000000000000000000000000000000000000000000000000000000000000000000000000000000000000000"
352351,299993,31,52358,"200000000000000000000000000000000000000000000000000000000064fa"
352384,348282,62,4102,"00000000000000000000000000000000000000000000000000000000000000c0000000000000000000000000000000000000000000000000000000000000"
352448,352416,31,32,"0000000000000000000000000000000000000000000000000000000000003a"
352480,305568,31,46912,"0000000000000000000000000000000000000000000000000000000000003d"
352512,323711,62,28801,"0000000000000000000000000000000000000000000000000000000000000027000000000000000000000000000000000000000000000000000000000000"
352576,323264,31,29312,"00000000000000000000000000000000000000000000000000000000000008"
352608,323296,31,29312,"0000000000000000000000000000000000000000000000000000000000000c"
352640,340354,31,12286,"0000000000000000000000000000000000000000000000000000000000000d"
352672,338208,31,14464,"0000000000000000000000000000000000000000000000000000000000000e"
352704,288749,62,63955,"0000000000000000000000000000000000000000000000000000000000000f00000000000000000000000000000000000000000000000000000000000000"
352768,338304,31,14464,"00000000000000000000000000000000000000000000000000000000000013"
352800,344640,31,8160,"00000000000000000000000000000000000000000000000000000000000015"
352832,304992,62,47840,"0000000000000000000000000000000000000000000000000000000000001660000000000000000000000000000000000000000000000000000000000000"
352895,323519,32,29376,"a00000000000000000000000000000000000000000000000000000000000001a"
352928,352896,30,32,"000000000000000000000000000000000000000000000000000000000000"
352959,352735,31,224,"00000000000000000000000000000000000000000000000000000000000000"
352992,339067,31,13925,"0000000000000000000000000000000000000000000000000000000000001c"
353024,323552,31,29472,"0000000000000000000000000000000000000000000000000000000000001d"
353056,353024,31,32,"0000000000000000000000000000000000000000000000000000000000001d"
353088,338336,31,14752,"0000000000000000000000000000000000000000000000000000000000001e"
353120,338400,94,14720,"00000000000000000000000000000000000000000000000000000000000020a00000000000000000000000000000000000000000000000000000000000002360000000000000000000000000000000000000000000000000000000000000"
353216,353184,30,32,"000000000000000000000000000000000000000000000000000000000000"
353248,352513,31,735,"00000000000000000000000000000000000000000000000000000000000027"
353280,340442,31,12838,"00000000000000000000000000000000000000000000000000000000000028"
353311,338559,32,14752,"a00000000000000000000000000000000000000000000000000000000000002a"
353344,353312,31,32,"0000000000000000000000000000000000000000000000000000000000002a"
353376,342239,31,11137,"0000000000000000000000000000000000000000000000000000000000002b"
353408,338624,62,14784,"0000000000000000000000000000000000000000000000000000000000002be0000000000000000000000000000000000000000000000000000000000000"
353472,353440,31,32,"0000000000000000000000000000000000000000000000000000000000002c"
353504,338656,31,14848,"0000000000000000000000000000000000000000000000000000000000002d"
353536,352290,31,1246,"0000000000000000000000000000000000000000000000000000000000002e"
353568,346677,31,6891,"00000000000000000000000000000000000000000000000000000000000030"
353600,338752,31,14848,"00000000000000000000000000000000000000000000000000000000000032"
353631,305247,32,48384,"c000000000000000000000000000000000000000000000000000000000000034"
353663,305375,32,48288,"e000000000000000000000000000000000000000000000000000000000000036"
353695,337919,32,15776,"2000000000000000000000000000000000000000000000000000000000000036"
353728,353696,31,32,"00000000000000000000000000000000000000000000000000000000000036"
353760,323040,62,30720,"0000000000000000000000000000000000000000000000000000000000003740000000000000000000000000000000000000000000000000000000000000"
353822,339934,8,13888,"0392f9038f830305"
353830,309510,3,44320,"47843a"
353833,339945,67,13888,"0bd1ce8313f7c094a658742d33ebd2ce2f0bdff73515aa797fd161d980b90364252f7b0100000000000000000000000000000000000000000000000000000000000000"
353901,340013,64,13888,"00000000000000000000000045f1a95a4d3f3836523f5c83673c797f4d4d263b0000000000000000000000000000000000000000000000000000000000043238"
353965,325137,32,28828,"23ed4ee9d1eccc4b6e9daea0c7370391e0635c59b51cadd4bde1ff551096b9b6"
353997,325137,63,28860,"23ed4ee9d1eccc4b6e9daea0c7370391e0635c59b51cadd4bde1ff551096b9b600000000000000000000000000000000000000000000000000000000000000"
354060,340172,45,13888,"c00000000000000000000000000000000000000000000000000000000000000274000000000000000000000000"
354125,354099,6,26,"000000000000"
354133,353899,2,234,"006e"
354155,340267,205,13888,"00b745f1a95a4d3f3836523f5c83673c797f4d4d263b0000000000000000000000000000000000000000000000000000000000000001000000000000000000000000000000000000000000000000000000000000000d000000000000000000000000000000000000000000000000000000000000000d000000000000000000000000000000000000000000000000000000000000000000000000000000000000000000000000000000000000000000000000000000000000000000000000000000000000000000000000000000"
354369,354183,26,186,"0000000000000000000000000000000000000000000000000001"
354401,353795,28,606,"00000000000000000000000000000000000000000000000000000003"
354433,354401,27,32,"000000000000000000000000000000000000000000000000000000"
354465,354301,59,164,"0000000000000000000000000000000000000000000000000000000000000000000000000000000000000000000000000000000000000000000000"
354524,354460,30,64,"7ff33b310200000000000000000000000000000000000000000000000000"
354561,340673,96,13888,"00000000000000000000000000000000000000000000000000000000000001c000000000000000000000000000000000000000000000000000000000000002000000000000000000000000000000000000000000000000000000000000000014"
354665,354655,1,10,"00"
354677,349808,105,4869,"000000000000000000000000000000000000000000000000000000000000000000000000000000000000000000000000000000000000000082e70880800000000000000000000000000000000000000000000000000000000000000000000000000000000000000000"
354782,353822,8,960,"0392f9038f830305"
354790,324230,3,30560,"48843a"
354796,339948,129,14848,"8313f7c094a658742d33ebd2ce2f0bdff73515aa797fd161d980b90364252f7b0100000000000000000000000000000000000000000000000000000000000000b800000000000000000000000045f1a95a4d3f3836523f5c83673c797f4d4d263b0000000000000000000000000000000000000000000000000000000000043238"
354925,341201,32,13724,"cc003d0b7d605e6d3d3982c3557b19319475f4bba0cd32b65e14ee6b64937a87"
354957,341201,63,13756,"cc003d0b7d605e6d3d3982c3557b19319475f4bba0cd32b65e14ee6b64937a8700000000000000000000000000000000000000000000000000000000000000"
355020,340172,72,14848,"c0000000000000000000000000000000000000000000000000000000000000027400000000000000000000000038de71124f7a447a01d67945a51edce9ff491251000000000000a2"
355093,340245,256,14848,"00b8af54be5b6eec24d6bfacf1cce4eaf680a823939800b745f1a95a4d3f3836523f5c83673c797f4d4d263b0000000000000000000000000000000000000000000000000000000000000001000000000000000000000000000000000000000000000000000000000000000d000000000000000000000000000000000000000000000000000000000000000d0000000000000000000000000000000000000000000000000000000000000000000000000000000000000000000000000000000000000000000000000000000000000000000000000000000000000000000000000000002822ebf22f2cdf6ce30000000000000000000000000000000000000000"
355093,340245,5,14848,"00b8af54be"
355360,355292,28,68,"00000000000000000000000000000000000000000000000000000000"
355392,350542,91,4850,"00000000000000000000000000000000000000000000000000000000000000000000000000000000000000000000000000000000000000000000000000000000000000000000000000000000000000000000000000000000000000"
355488,353156,27,2332,"000000000000000000000000000000000000000000000000000023"
355519,350792,33,4727,"000000000000000000000000000000000000000000000000000000000000000001"
355552,354592,65,960,"c000000000000000000000000000000000000000000000000000000000000002000000000000000000000000000000000000000000000000000000000000000014"
355637,326293,106,29344,"000000000000000000000000000000000000000000000000000000000000000000000000000000000000000000000000000000000000000082e7088080000000000000000000000000000000000000000000000000000000000000000000000000000000000000000001"
355744,348352,3,7392,"02f901"
355748,318916,5,36832,"82e7080784"
355766,299830,21,55936,"94272e156df8da513c69cb41cc7a99185d53f926bb"
355794,299857,103,55937,"0000b90104a8c9ed67000000000000000000000000e5d7c2a44ffddf6b295a15c148167daaaf5cf34f0000000000000000000000007d43aabc515c356145049227cee54b608342c0ad000000000000000000000000000000000000000000000000000000000000"
355899,355885,12,14,"000000000000000000000000"
355931,330295,31,25636,"0000000000000000000000000000000000000000000000000000000064fa8a"
355963,323238,25,32725,"00000000000000000000000000000000000000000000000006"
355988,355789,7,199,"7eab853ae20000"
355995,343400,24,12595,"000000000000000000000000000000000000000000000029"
356027,348281,68,7746,"0000000000000000000000000000000000000000000000000000000000000000c00000000000000000000000000000000000000000000000000000000000000000000000"
356128,333673,65,22455,"80b844095ea7b300000000000000000000000080e38291e06339d10aab483c65695d004dbd5c690000000000000000000000000000000000000000000000000000"
356198,351334,57,4864,"0082e7088080000000000000000000000000000000000000000000000000000000000000000000000000000000000000000000000000000000"
356255,341663,7,14592,"7102f86e82e708"
356268,356263,5,5,"8432a9f880"
356295,325638,2,30657,"00d5"
356297,356128,19,169,"80b844095ea7b3000000000000000000000000"
356336,356231,24,105,"000000000000000000000000000000000000000000000000"
356368,295856,54,60512,"c0000000000000000000000000000000000000000000000000000000000000000000000000000000000000000000007202f86f82e708"
356428,356423,5,5,"84305f2ed7"
356433,326865,153,29568,"83011c4294176211869ca2b568f2a7d4ee941e073a821ee1ff80b844095ea7b30000000000000000000000001d0188c4b276a09366d05d6be06af61a73bc7535ffffffffffffffffffffffffffffffffffffffffffffffffffffffffffffffffc00000000000000000000000000000000000000000000000000000000000000000000000000000000000000000041b02f9041782e708098430"
356586,356425,9,161,"5f2ed784305f2ed783"
356598,327030,22,29568,"941d0188c4b276a09366d05d6be06af61a73bc753587"
356627,327059,256,29568,"b903e4d3115a8a0000000000000000000000000000000000000000000000000000000000000060000000000000000000000000000000000000000000000000000000000000010000000000000000000000000000000000000000000000000000000000000001a00000000000000000000000000000000000000000000000000000000000000004000000000000000000000000176211869ca2b568f2a7d4ee941e073a821ee1ff000000000000000000000000cc22f6aa610d1b2a0e89ef228079cb3e1831b1d1000000000000000000000000e2c67a9b15e9e7ff8a9cb0dfb8fee5609923e5dbeeeeeeeeeeeeeeeeeeeeeeeeeeeeeeeeeeeeeeeeeeeeeeeeee"
356627,327059,256,29568,"b903e4d3115a8a0000000000000000000000000000000000000000000000000000000000000060000000000000000000000000000000000000000000000000000000000000010000000000000000000000000000000000000000000000000000000000000001a00000000000000000000000000000000000000000000000000000000000000004000000000000000000000000176211869ca2b568f2a7d4ee941e073a821ee1ff000000000000000000000000cc22f6aa610d1b2a0e89ef228079cb3e1831b1d1000000000000000000000000e2c67a9b15e9e7ff8a9cb0dfb8fee5609923e5dbeeeeeeeeeeeeeeeeeeeeeeeeeeeeeeeeeeeeeeeeeeeeeeeeee"
356627,327059,164,29568,"b903e4d3115a8a0000000000000000000000000000000000000000000000000000000000000060000000000000000000000000000000000000000000000000000000000000010000000000000000000000000000000000000000000000000000000000000001a00000000000000000000000000000000000000000000000000000000000000004000000000000000000000000176211869ca2b568f2a7d4ee941e073a82"
357306,327738,27,29568,"02010000000000000000000000000000ffffffffffffffffffffff"
357339,352742,25,4597,"0000000000000000000000000000000000000000000000000f"
357364,356621,6,743,"26374c071403"
357370,327802,256,29568,"0000000000000000000000000000000000000000000000000000000000000000010000000000000000000000e2c67a9b15e9e7ff8a9cb0dfb8fee5609923e5db000000000000000000000000000000000000000000000000000000000000006000000000000000000000000000000000000000000000000000000000000000c000000000000000000000000000000000000000000000000000000000000000020101000000000000000000000000000000000000000000000000000000000000020200000000000000000000000000007fffffffffffffffffffffffffffffff0000000000000000000000000000000000000000000000000000000000000000"
357370,327802,36,29568,"000000000000000000000000000000000000000000000000000000000000000001000000"
357664,355744,3,1920,"02f901"
357668,356580,3,1088,"82e708"
357672,356584,11,1088,"84305f2ed784305f2ed783"
357686,310644,23,47042,"9488f087ad825322d9ec3261712cf09a56e58575fc8701"
357722,304562,13,53160,"00000000000000000000000048"
357735,322385,19,35350,"4090e5aa4fd417d71ccf24b14b39cc84c2f5ea"
357754,357631,31,123,"00000000000000000000000000000000000000000000000000000000000000"
357786,357210,61,576,"00000000000000000000000000000000000000000000000000000000000000e00000000000000000000000000000000000000000000000000000000000"
357850,357722,63,128,"000000000000000000000000484090e5aa4fd417d71ccf24b14b39cc84c2f5ea00000000000000000000000000000000000000000000000000000000000000"
357913,357631,32,282,"0000000000000000000000000000000000000000000000000000000000000001"
357946,355585,32,2361,"0000000000000000000000000000000000000000000000000000000000000014"
357978,357862,63,116,"484090e5aa4fd417d71ccf24b14b39cc84c2f5ea00000000000000000000000000000000000000000000000000000000000000000000000000000000000000"
358042,356695,31,1347,"00010000000000000000000000000000000000000000000000000000000000"
358076,348283,67,9793,"000000000000000000000000000000000000000000000000000000000000c0000000000000000000000000000000000000000000000000000000000000000000000000"
358143,326847,10,31296,"7202f86f82e708088430"
358153,356425,149,1728,"5f2ed784305f2ed783011c4294176211869ca2b568f2a7d4ee941e073a821ee1ff80b844095ea7b30000000000000000000000001d0188c4b276a09366d05d6be06af61a73bc7535ffffffffffffffffffffffffffffffffffffffffffffffffffffffffffffffffc00000000000000000000000000000000000000000000000000000000000000000000000000000000000000000"
358344,354858,3,3486,"0000b8"
358352,310325,76,48027,"000000000000000000000000e5d7c2a44ffddf6b295a15c148167daaaf5cf34f000000000000000000000000176211869ca2b568f2a7d4ee941e073a821ee1ff000000000000000000000000"
358448,355931,31,2517,"0000000000000000000000000000000000000000000000000000000064fa8a"
358480,352837,26,5643,"0000000000000000000000000000000000000000000000000016"
358506,358340,6,166,"bcc41e900000"
358512,351273,30,7239,"0000000000000000000000000000000000000000000000000000000000a0"
358544,355661,78,2883,"000000000000000000000000000000000000000000000000000000000000000082e70880800000000000000000000000000000000000000000000000000000000000000000000000000000000000"
358628,358308,5,320,"8430597419"
358636,346422,22,12214,"9480e38291e06339d10aab483c65695d004dbd5c6987"
358663,355794,3,2869,"0000b9"
358666,346452,62,12214,"02642cc4081e0000000000000000000000000000000000000000000000000000000000000060000000000000000000000000000000000000000000000001"
358736,346522,31,12214,"0000000000000000000000000000000000000000000000000000000064fab4"
358768,346554,153,12214,"000000000000000000000000000000000000000000000000000000000000000100000000000000000000000000000000000000000000000000000000000000200000000000000000000000000000000000000000000000000000000000000060000000000000000000000000000000000000000000000000000000000000000000000000000000000000000000000000000000000000000000"
358921,358658,7,263,"470de4df820000"
358928,346714,256,12214,"000000000000000000000000000000000000000000000000000000000000000100000000000000000000000000000000000000000000000000000000000000200000000000000000000000007f72e0d8e9abf9133a92322b8b50bd8e0f9dcfcb0000000000000000000000000000000000000000000000000000000000000080000000000000000000000000000000000000000000000000000000000000000000000000000000000000000000000000000000000000000000000000000001000000000000000000000000000000000000000000000000000000000000000060000000000000000000000000e5d7c2a44ffddf6b295a15c148167daaaf5cf34f"
358928,346714,12,12214,"000000000000000000000000"
359196,303984,20,55212,"c9eee68292a3f290b4b33e58b1b1dba695665d9f"
359216,347002,64,12214,"00000000000000000000000000000000000000000000000000000000000000020000000000000000000000000000000000000000000000000000000000000000"
359280,356199,47,3081,"82e7088080000000000000000000000000000000000000000000000000000000000000000000000000000000000000"
359330,356422,3,2908,"808430"
359333,358310,4,1023,"59741983"
359368,329809,3,29559,"00b844"
359375,339162,13,20213,"0000000000000000000000007b"
359407,359087,32,320,"0000000000000000000000000000000000000000000000000000000000000001"
359439,356199,48,3240,"82e708808000000000000000000000000000000000000000000000000000000000000000000000000000000000000000"
359490,346404,6,13086,"82e70803842f"
359499,359494,4,5,"842f8485"
359504,351593,4,7911,"82520894"
359536,318479,46,41057,"0080c000000000000000000000000000000000000000000000000000000000000000000000000000000000000000"
359582,310718,12,48864,"013302f9012f82e7080e842f"
359594,331338,136,28256,"1f97d6842f1f97e0827e5494d1a3abf42f9e66be86cfdea8c5c2c74f041c5e1480b901045b7d7482000000000000000000000000000000000000000000000000000000000000004000000000000000000000000000000000000000000000000000000000000000a00000000000000000000000000000000000000000000000000000000000000040"
359731,348614,3,11117,"306564"
359742,311985,3,47757,"623861"
359745,331580,3,28165,"353835"
359754,348543,3,11211,"323238"
359758,331529,3,28229,"656431"
359766,346295,3,13471,"343664"
359769,348533,4,11236,"36363935"
359774,326642,3,33132,"343330"
359786,310925,3,48861,"303062"
359794,348466,33,11328,"000000000000000000000000000000000000000000000000000000000000004034"
359836,326645,4,33191,"63316364"
359851,326684,3,33167,"663636"
359858,311884,3,47974,"336537"
359863,331605,3,28258,"323132"
359873,311909,3,47964,"666366"
359878,348608,3,11270,"383366"
359890,331634,52,28256,"c000000000000000000000000000000000000000000000000000000000000000000000000000000000000000007102f86e82e708"
359943,359592,11,351,"842f1f97d6842f1f97e082"
359956,295476,40,64480,"947d43aabc515c356145049227cee54b608342c0ad80b844095ea7b3000000000000000000000000"
360016,295536,79,64480,"ffffffffffffffffffffffffffffffffffffffffffffffffffffffffffffffffc000000000000000000000000000000000000000000000000000000000000000000000000000000000000000000000"
360099,343010,4,17089,"82e70881"
360104,347784,11,12320,"842f0864eb842f0864f583"
360145,353537,30,6608,"00000000000000000000000000000000000000000000000000000000002e"
360178,348786,52,11392,"0000000000000000000000000000000000000000000000000000000000000000000000000000000000000000005102f84e82e708"
360230,318694,3,41536,"02842f"
360233,360106,9,127,"0864eb842f0864f583"
360242,348850,108,11392,"010a3b949dba31e492b7e98b8195e254ee13b6b027e4a59d80a4a7f68792766f746500000000000000000000000000000000000000000000000000000000c0000000000000000000000000000000000000000000000000000000000000000000000000000000000000000000"
360351,343103,3,17248,"1402f9"
360355,343107,4,17248,"1082e708"
360360,360104,12,256,"842f0864eb842f0864f58305"
360374,347798,21,12576,"94678aa4bf4e210cf2166753e054d5b7c31cc7fa86"
360395,359626,3,769,"80b901"
360398,347828,36,12570,"e45ae401dc0000000000000000000000000000000000000000000000000000000064fa86"
360435,347865,208,12570,"0000000000000000000000000000000000000000000000000000000000000040000000000000000000000000000000000000000000000000000000000000000100000000000000000000000000000000000000000000000000000000000000200000000000000000000000000000000000000000000000000000000000000124b858183f00000000000000000000000000000000000000000000000000000000000000200000000000000000000000000000000000000000000000000000000000000080000000000000000000000000"
360643,337432,20,23211,"5f92a40a6d582ef8856fa27fcd9189682b54f2a7"
360663,331760,32,28903,"00000000000000000000000000000000000000000000000000000000029f6311"
360695,360668,24,27,"000000000000000000000000000000000000000000000002"
360727,305727,32,55000,"0000000000000000000000000000000000000000000000000000000000000042"
360759,331701,20,29058,"a219439258ca9da29e9cc4ce5596924745e12b93"
360779,360429,3,350,"000064"
360782,348212,23,12570,"176211869ca2b568f2a7d4ee941e073a821ee1ff000064"
360805,356277,20,4528,"4af15ec2a0bd43db75dd04e62faa3b8ef36b00d5"
360825,345625,101,15200,"00000000000000000000000000000000000000000000000000000000000000000000000000000000000000000000000000000000000000000000c0000000000000000000000000000000000000000000000000000000000000000000000000000000000000"
360926,330622,9,30304,"029402f9029082e708"
360936,346408,12,14528,"842f0864eb842f0864f58302"
360950,358636,21,2314,"9480e38291e06339d10aab483c65695d004dbd5c69"
360971,330667,4,30304,"80b90264"
360975,332213,61,28762,"2cc4081e000000000000000000000000000000000000000000000000000000000000006000000000000000000000000000000000000000000000000000"
361042,341004,31,20038,"800000000000000000000000000000000000000000000000000000000064fa"
361073,358766,110,2307,"b47b000000000000000000000000000000000000000000000000000000000000000100000000000000000000000000000000000000000000000000000000000000200000000000000000000000000000000000000000000000000000000000000060000000000000000000000000"
361183,343615,49,17568,"176211869ca2b568f2a7d4ee941e073a821ee1ff0000000000000000000000000000000000000000000000000000000000"
361232,333741,3,27491,"7cf252"
361235,361075,76,160,"00000000000000000000000000000000000000000000000000000000000000010000000000000000000000000000000000000000000000000000000000000020000000000000000000000000"
361311,297855,51,63456,"5ec5b1e9b1bd5198343abb6e55fb695d2f7bb30800000000000000000000000000000000000000000000000000000000000000"
361362,359055,109,2307,"80000000000000000000000000000000000000000000000000000000000000000000000000000000000000000000000000000000000000000000000000000001000000000000000000000000000000000000000000000000000000000000000060000000000000000000000000"
361471,361183,32,288,"176211869ca2b568f2a7d4ee941e073a821ee1ff000000000000000000000000"
361503,337532,20,23971,"fc0c2df02b1616b05c22b3044c582c4150cfd3a9"
361523,361394,64,129,"00000000000000000000000000000000000000000000000000000000000000010000000000000000000000000000000000000000000000000000000000000000"
361587,345683,44,15904,"c000000000000000000000000000000000000000000000000000000000000000000000000000000000000001"
361631,331839,8,29792,"1b02f9011782e708"
361640,360936,11,704,"842f0864eb842f0864f583"
361654,331862,22,29792,"948731d54e9d02c286767d56ac03e8037c07e01e9888"
361684,345779,50,15905,"b8e41114cd2a00000000000000000000000000000000000000000000000000000000000000b8000000000000000000000000"
361754,359666,56,2088,"00000000000000000000000000000000000000000000000000000000000000a0000000000000000000000000000000000000000000000000"
361818,361786,25,32,"00000000000000000000000000000000000000000000000011"
361843,359995,2,1848,"0068"
361850,357946,32,3904,"0000000000000000000000000000000000000000000000000000000000000014"
361882,361734,32,148,"63b42affdb3a5f2bd7cfac09c8e0edbd9fc31177000000000000000000000000"
361915,360187,43,1728,"0000000000000000000000000000000000000000000000000000000000000000000000005102f84e82e708"
361958,345735,3,16223,"01842f"
361961,360233,117,1728,"0864eb842f0864f583010a3b949dba31e492b7e98b8195e254ee13b6b027e4a59d80a4a7f68792766f746500000000000000000000000000000000000000000000000000000000c0000000000000000000000000000000000000000000000000000000000000000000000000000000000000000000"
362078,342462,12,19616,"01f402f901f082e70880842f"
362090,360938,10,1152,"0864eb842f0864f58302"
362102,336397,220,25705,"940872ec4426103482a50f26ffc32acefcec61b3c980b901c4d4dfd6bc0000000000000000000000000000000000000000000000000000000000000000000000000000000000000000000000000000000000000000000000000000000000000000000000000000000000000000000000000000000000000000000000000000000000000000000000000000000000000000000000000000000000000001000000000000000000000000000000000000000000000000000000000000000100000000000000000000000000000000000000000000000000000000652212"
362323,350698,160,11625,"00000000000000000000000000000000000000000000000000000000000000000000000000000000000000000000000000000000000000000000000000000005000000000000000000000000000000000000000000000000000000000000000000000000000000000000000000000000000000000000000000000000000001400000000000000000000000000000000000000000000000000000000000000041"
362504,362481,1,23,"00"
362548,361556,75,992,"00000000000000000000000000000000000000000000000000000000000000c000000000000000000000000000000000000000000000000000000000000000000000000000000000000001"
362623,359583,8,3040,"3302f9012f82e708"
362632,348360,138,14272,"842ef1ea4f842ef1ea59827e5494d1a3abf42f9e66be86cfdea8c5c2c74f041c5e1480b901045b7d7482000000000000000000000000000000000000000000000000000000000000004000000000000000000000000000000000000000000000000000000000000000a00000000000000000000000000000000000000000000000000000000000000040"
362774,326546,3,36228,"623338"
362779,348512,3,14267,"313134"
362784,346309,3,16475,"333333"
362787,326577,3,36210,"653037"
362796,311992,3,50804,"653132"
362804,359759,3,3045,"643138"
362811,346249,3,16562,"333237"
362825,346317,3,16508,"643536"
362834,359698,33,3136,"000000000000000000000000000000000000000000000000000000000000004063"
362871,348542,3,14329,"343232"
362875,359789,4,3086,"33396461"
362883,362810,3,73,"353332"
362892,346326,3,16566,"633132"
362899,359786,3,3113,"303062"
362904,311961,3,50943,"656632"
362909,331626,3,31283,"323632"
362916,311023,3,51893,"656435"
362927,348620,3,14307,"393661"
362930,359538,45,3392,"c00000000000000000000000000000000000000000000000000000000000000000000000000000000000000001"
362976,362624,3,352,"02f901"
362980,362628,3,352,"82e708"
362984,362632,10,352,"842ef1ea4f842ef1ea59"
363034,362943,31,91,"00000000000000000000000000000000000000000000000000000000000000"
363066,362706,55,360,"00000000000000000000000000000000000000000000000000000000000000a00000000000000000000000000000000000000000000000"
363130,362323,63,807,"000000000000000000000000000000000000000000000000000000000000000000000000000000000000000000000000000000000000000000000000000000"
363194,361850,32,1344,"0000000000000000000000000000000000000000000000000000000000000014"
363246,357998,75,5248,"000000000000000000000000000000000000000000000000000000000000000000000000000000000000002200010000000000000000000000000000000000000000000000000000000000"
363324,362549,67,775,"000000000000000000000000000000000000000000000000000000000000c0000000000000000000000000000000000000000000000000000000000000000000000000"
363391,359935,7,3456,"7102f86e82e708"
363399,362632,11,767,"842ef1ea4f842ef1ea5982"
363433,359977,19,3456,"80b844095ea7b3000000000000000000000000"
363452,347127,20,16325,"f82537fb6c56a3b50092d3951f84f5f6c835b4f5"
363472,358045,29,5427,"0000000000000000000000000000000000000000000000000000000003"
363504,348784,54,14720,"c0000000000000000000000000000000000000000000000000000000000000000000000000000000000000000000005102f84e82e708"
363558,362631,11,927,"02842ef1ea4f842ef1ea59"
363569,348721,117,14848,"83010a3b949dba31e492b7e98b8195e254ee13b6b027e4a59d80a4a7f68792766f746500000000000000000000000000000000000000000000000000000000c0000000000000000000000000000000000000000000000000000000000000000000000000000000000000000000005102f84e82e708"
363686,363558,128,128,"02842ef1ea4f842ef1ea5983010a3b949dba31e492b7e98b8195e254ee13b6b027e4a59d80a4a7f68792766f746500000000000000000000000000000000000000000000000000000000c0000000000000000000000000000000000000000000000000000000000000000000000000000000000000000000005102f84e82e708"
363814,363398,11,416,"01842ef1ea4f842ef1ea59"
363825,363697,110,128,"83010a3b949dba31e492b7e98b8195e254ee13b6b027e4a59d80a4a7f68792766f746500000000000000000000000000000000000000000000000000000000c000000000000000000000000000000000000000000000000000000000000000000000000000000000000000000000"
363935,319231,6,44704,"3002ee82e708"
363942,363815,12,127,"842ef1ea4f842ef1ea598301"
363954,300178,84,63776,"0b3694cce9d3f392c135dc038b147ca73ec496f7f89d938084183ff085c000000000000000000000000000000000000000000000000000000000000000000000000000000000000000000000005102f84e82e708"
364044,364039,4,5,"842d9402"
364049,300273,5,63776,"8303291b94"
364073,360138,3,3935,"0d80a4"
364076,300300,82,63776,"efef39a10000000000000000000000000000000000000000000000000000000000000001c0000000000000000000000000000000000000000000000000000000000000000000000000000000000000000000"
364158,349598,54,14560,"010df9010a01842aea5400829d78940872ec4426103482a50f26ffc32acefcec61b3c980b8e4f242432a000000000000000000000000"
364212,352152,20,12060,"73072614fe14c67b15e5b4a6ed9cbcb1e0a0dd1d"
364232,334184,256,30048,"000000000000000000000000aec3cacef9457ff2821d9f85429ce3d90b0014590000000000000000000000000000000000000000000000000000000000000005000000000000000000000000000000000000000000000000000000000000000100000000000000000000000000000000000000000000000000000000000000a00000000000000000000000000000000000000000000000000000000000000000000000000000000000000000000000000000000000000000000000000000000082e70880800000000000000000000000000000000000000000000000000000000000000000000000000000000000000000000000000001eff901ec80842aea54"
364232,334184,225,30048,"000000000000000000000000aec3cacef9457ff2821d9f85429ce3d90b0014590000000000000000000000000000000000000000000000000000000000000005000000000000000000000000000000000000000000000000000000000000000100000000000000000000000000000000000000000000000000000000000000a00000000000000000000000000000000000000000000000000000000000000000000000000000000000000000000000000000000000000000000000000000000082e708808000000000000000000000000000000000000000000000000000000000"
364714,362323,160,2391,"00000000000000000000000000000000000000000000000000000000000000000000000000000000000000000000000000000000000000000000000000000005000000000000000000000000000000000000000000000000000000000000000000000000000000000000000000000000000000000000000000000000000001400000000000000000000000000000000000000000000000000000000000000041"
364938,302506,256,62432,"1c0000000000000000000000000000000000000000000000000000000000000082e7088080000000000000000000000000000000000000000000000000000000000000000000000000000000000000000000000001eff901ec80842aea540083015f90940872ec4426103482a50f26ffc32acefcec61b3c980b901c4d4dfd6bc0000000000000000000000000000000000000000000000000000000000000000000000000000000000000000000000000000000000000000000000000000000000000000000000000000000000000000000000000000000000000000000000000000000000000000000000000000000000000000000000000000000000000001"
364938,302506,62,62432,"1c0000000000000000000000000000000000000000000000000000000000000082e708808000000000000000000000000000000000000000000000000000"
365258,364714,160,544,"00000000000000000000000000000000000000000000000000000000000000000000000000000000000000000000000000000000000000000000000000000005000000000000000000000000000000000000000000000000000000000000000000000000000000000000000000000000000000000000000000000000000001400000000000000000000000000000000000000000000000000000000000000041"
365481,320969,256,44512,"971b0000000000000000000000000000000000000000000000000000000000000082e7088080000000000000000000000000000000000000000000000000000000000000000000000000000000000000000000000001eff901ec80842aea540083015f90940872ec4426103482a50f26ffc32acefcec61b3c980b901c4d4dfd6bc00000000000000000000000000000000000000000000000000000000000000000000000000000000000000000000000000000000000000000000000000000000000000000000000000000000000000000000000000000000000000000000000000000000000000000000000000000000000000000000000000000000000000"
365481,320969,63,44512,"971b0000000000000000000000000000000000000000000000000000000000000082e708808000000000000000000000000000000000000000000000000000"
365802,365258,160,544,"00000000000000000000000000000000000000000000000000000000000000000000000000000000000000000000000000000000000000000000000000000005000000000000000000000000000000000000000000000000000000000000000000000000000000000000000000000000000000000000000000000000000001400000000000000000000000000000000000000000000000000000000000000041"
366026,320106,138,45920,"1c0000000000000000000000000000000000000000000000000000000000000082e70880800000000000000000000000000000000000000000000000000000000000000000000000000000000000000000000000010df9010a01842aea5400829d78940872ec4426103482a50f26ffc32acefcec61b3c980b8e4f242432a000000000000000000000000"
366164,352132,20,14032,"2bfd72c60941ad5f41d964700ed8a07182e11535"
366184,364232,246,1952,"000000000000000000000000aec3cacef9457ff2821d9f85429ce3d90b0014590000000000000000000000000000000000000000000000000000000000000005000000000000000000000000000000000000000000000000000000000000000100000000000000000000000000000000000000000000000000000000000000a00000000000000000000000000000000000000000000000000000000000000000000000000000000000000000000000000000000000000000000000000000000082e708808000000000000000000000000000000000000000000000000000000000000000000000000000000000000000000000000000"
366430,303774,13,62656,"002ceb55842aea540082520894"
366463,303711,76,62752,"865af3107a40008082e70880800000000000000000000000000000000000000000000000000000000000000000000000000000000000000000000000000000002ceb55842aea540082520894"
366559,366463,76,96,"865af3107a40008082e70880800000000000000000000000000000000000000000000000000000000000000000000000000000000000000000000000000000002ceb55842aea540082520894"
366655,366559,63,96,"865af3107a40008082e70880800000000000000000000000000000000000000000000000000000000000000000000000000000000000000000000000000000"
366718,336382,235,30336,"01eff901ec80842aea540083015910940872ec4426103482a50f26ffc32acefcec61b3c980b901c4d4dfd6bc0000000000000000000000000000000000000000000000000000000000000000000000000000000000000000000000000000000000000000000000000000000000000000000000000000000000000000000000000000000000000000000000000000000000000000000000000000000000000000000000000000000000000001000000000000000000000000000000000000000000000000000000000000000100000000000000000000000000000000000000000000000000000000652212"
366954,364714,161,2240,"00000000000000000000000000000000000000000000000000000000000000000000000000000000000000000000000000000000000000000000000000000005000000000000000000000000000000000000000000000000000000000000000000000000000000000000000000000000000000000000000000000000000001400000000000000000000000000000000000000000000000000000000000000041f6"
367144,315639,2,51505,"0093"
367178,350922,85,16256,"1c0000000000000000000000000000000000000000000000000000000000000082e7088080000000000000000000000000000000000000000000000000000000000000000000000000000000000000000000000000"
367263,357242,32,10021,"0000000000000000000000000000000000000000000000000000000000000003"
367296,351752,20,15544,"e93685f3bba03016f02bd1828badd6195988d950"
367316,367296,20,20,"e93685f3bba03016f02bd1828badd6195988d950"
367336,355911,20,11425,"e815264a16e15dd1d8c9404905432a0d60fad92b"
367396,303964,20,63432,"bd082e9faa7043d4cccca58d63916348ee938fe0"
367416,337272,20,30144,"6dc812ce5c0729b233838fbfdaa91b1c16e82095"
367436,357978,20,9458,"484090e5aa4fd417d71ccf24b14b39cc84c2f5ea"
367476,358428,20,9048,"0de1c741d4aa4081e58022887e14835a875b1440"
367496,359196,20,8300,"c9eee68292a3f290b4b33e58b1b1dba695665d9f"
367516,359387,20,8129,"7bd33679b19262b373d440535727ed7d6824dfaa"
367576,304064,20,63512,"9344dc76389a6f8aa2cdbf0ff21240282d3bc1e9"
367636,360643,20,6993,"5f92a40a6d582ef8856fa27fcd9189682b54f2a7"
367656,361503,20,6153,"fc0c2df02b1616b05c22b3044c582c4150cfd3a9"
367676,361882,20,5794,"63b42affdb3a5f2bd7cfac09c8e0edbd9fc31177"
367756,363226,20,4530,"1fea467a892870ca6ca752aaa3ef32c76d804855"
367782,310013,2,57769,"00a6"
367896,364212,20,3684,"73072614fe14c67b15e5b4a6ed9cbcb1e0a0dd1d"
367916,351499,20,16417,"b4ec005be8a1f1460973450d1a25286670972545"
367936,351403,20,16533,"fa6b399edcaf993cf4668f54e690f2635ed01cbd"
367956,351019,20,16937,"5288a5414b642b75acf5405aa9e7b2fcfa2f00ee"
367976,366164,20,1812,"2bfd72c60941ad5f41d964700ed8a07182e11535"
367996,322784,60,45212,"c65347b43019f8f453d7b486d259fd6146da334ef269e8574583c27fe74b69b3f998a64efd8d044840082e6f1c15d2b27b3de80cb7ad04e9ed121900"
368056,351597,20,16459,"bf71745e89f8dd304961bf1369d635d83c310934"
368076,304428,146,63648,"0000000000000000000000000000000000000000000000000000000000000000000000000000000000000000000000000000000000000000000000000000000000000000000000000000000000000000000000040000000000000000000000000000000000000000000000000000000000000080000000000000000000000000000000000000000000000000000000000000"
368224,368192,30,32,"000000000000000000000000000000000000000000000000000000000000"
368256,368224,30,32,"000000000000000000000000000000000000000000000000000000000000"
368320,352352,31,15968,"0000000000000000000000000000000000000000000000000000000064fa85"
368352,362548,62,5804,"00000000000000000000000000000000000000000000000000000000000000c0000000000000000000000000000000000000000000000000000000000000"
368415,338751,63,29664,"8000000000000000000000000000000000000000000000000000000000000032a0000000000000000000000000000000000000000000000000000000000000"
368480,363258,33,5222,"000000000000000000000000000000000000000000000000000000000000002200"
368513,368130,30,383,"000000000000000000000000000000000000000000000000000000000004"
368544,368512,31,32,"00000000000000000000000000000000000000000000000000000000000004"
368576,366987,62,1589,"0000000000000000000000000000000000000000000000000000000000000500000000000000000000000000000000000000000000000000000000000000"
368640,338048,62,30592,"0000000000000000000000000000000000000000000000000000000000000700000000000000000000000000000000000000000000000000000000000000"
368704,338112,31,30592,"0000000000000000000000000000000000000000000000000000000000000b"
368735,352639,32,16096,"600000000000000000000000000000000000000000000000000000000000000d"
368768,368736,30,32,"000000000000000000000000000000000000000000000000000000000000"
368800,352800,31,16000,"00000000000000000000000000000000000000000000000000000000000015"
368832,322914,31,45918,"00000000000000000000000000000000000000000000000000000000000018"
368864,352896,31,15968,"0000000000000000000000000000000000000000000000000000000000001a"
368896,352960,31,15936,"0000000000000000000000000000000000000000000000000000000000001b"
368928,352992,31,15936,"0000000000000000000000000000000000000000000000000000000000001c"
368960,353056,31,15904,"0000000000000000000000000000000000000000000000000000000000001d"
368992,361268,31,7724,"00000000000000000000000000000000000000000000000000000000000020"
369024,354330,31,14694,"00000000000000000000000000000000000000000000000000000000000021"
369056,368481,31,575,"00000000000000000000000000000000000000000000000000000000000022"
369088,369056,31,32,"00000000000000000000000000000000000000000000000000000000000022"
369119,353151,32,15968,"a000000000000000000000000000000000000000000000000000000000000023"
369151,368671,31,480,"00000000000000000000000000000000000000000000000000000000000000"
369184,353216,31,15968,"00000000000000000000000000000000000000000000000000000000000025"
369216,338464,62,30752,"0000000000000000000000000000000000000000000000000000000000002600000000000000000000000000000000000000000000000000000000000000"
369280,323712,63,45568,"000000000000000000000000000000000000000000000000000000000000270000000000000000000000000000000000000000000000000000000000000028"
369343,338527,32,30816,"4000000000000000000000000000000000000000000000000000000000000029"
369376,353344,31,16032,"0000000000000000000000000000000000000000000000000000000000002a"
369408,366593,31,2815,"0000000000000000000000000000000000000000000000000000000000002c"
369439,323903,63,45536,"e00000000000000000000000000000000000000000000000000000000000002e00000000000000000000000000000000000000000000000000000000000000"
369504,338720,62,30784,"0000000000000000000000000000000000000000000000000000000000003080000000000000000000000000000000000000000000000000000000000000"
369568,342977,31,26591,"00000000000000000000000000000000000000000000000000000000000031"
369600,369471,32,129,"0000000000000000000000000000000000000000000000000000000000000030"
369636,324132,10,45504,"8502540be40082520894"
369673,366661,54,3012,"008082e70880800000000000000000000000000000000000000000000000000000000000000000000000000000000000000000000000"
369727,305823,8,63904,"3602f482e70882ab"
369736,305832,16,63904,"8502040eba5285026b44df95825a3c94"
369772,305868,50,63904,"87354a6ba7a1800780c000000000000000000000000000000000000000000000000000000000000000000000000000000000"
369822,362622,9,7200,"013302f9012f82e708"
369836,348843,2,20993,"0084"
369838,369833,3,5,"59682f"
369842,362642,128,7200,"827e5494d1a3abf42f9e66be86cfdea8c5c2c74f041c5e1480b901045b7d7482000000000000000000000000000000000000000000000000000000000000004000000000000000000000000000000000000000000000000000000000000000a00000000000000000000000000000000000000000000000000000000000000040"
369970,331579,3,38391,"643538"
369973,362792,4,7181,"37366465"
369978,326548,3,43430,"386337"
369985,326550,3,43435,"373339"
369988,348633,3,21355,"613933"
369992,346205,3,23787,"393431"
370003,359758,3,10245,"656431"
370007,311018,3,58989,"613364"
370013,331481,3,38532,"373861"
370016,348596,3,21420,"353930"
370034,348562,33,21472,"000000000000000000000000000000000000000000000000000000000000004032"
370069,362772,4,7297,"34356233"
370076,326666,3,43410,"303032"
370080,359847,3,10233,"363165"
370085,310897,3,59188,"396464"
370088,359877,3,10211,"303833"
370092,362882,3,7210,"613533"
370096,310998,3,59098,"636235"
370099,370018,3,81,"306435"
370103,346240,3,23863,"326533"
370107,346198,3,23909,"393135"
370114,362820,3,7294,"343831"
370117,362786,3,7331,"336530"
370124,331498,3,38626,"616535"
370131,369683,44,448,"0000000000000000000000000000000000000000000000000000000000000000000000000000000000000000"
370175,356095,3,14080,"6cf86a"
370187,359956,40,10231,"947d43aabc515c356145049227cee54b608342c0ad80b844095ea7b3000000000000000000000000"
370227,341724,43,28503,"6352a56caadc4f1e25cd6c75970fa768a3304e640000000000000000000000000000000000000000000000"
370279,367210,55,3069,"82e70880800000000000000000000000000000000000000000000000000000000000000000000000000000000000000000000000000000"
370334,354782,8,15552,"0392f9038f830305"
370348,354796,129,15552,"8313f7c094a658742d33ebd2ce2f0bdff73515aa797fd161d980b90364252f7b0100000000000000000000000000000000000000000000000000000000000000b800000000000000000000000045f1a95a4d3f3836523f5c83673c797f4d4d263b0000000000000000000000000000000000000000000000000000000000043238"
370509,370477,32,32,"b136f6267afc842ce309bd310fa170bee1c67d2e6b5cb0f94f0ea2e565e1370b"
370541,354989,103,15552,"00000000000000000000000000000000000000000000000000000000000000c0000000000000000000000000000000000000000000000000000000000000027400000000000000000000000038de71124f7a447a01d67945a51edce9ff491251000000000000a2"
370645,355093,230,15552,"00b8af54be5b6eec24d6bfacf1cce4eaf680a823939800b745f1a95a4d3f3836523f5c83673c797f4d4d263b0000000000000000000000000000000000000000000000000000000000000001000000000000000000000000000000000000000000000000000000000000000d000000000000000000000000000000000000000000000000000000000000000d0000000000000000000000000000000000000000000000000000000000000000000000000000000000000000000000000000000000000000000000000000000000000000000000000000000000000000000000000000002822eb"
370881,323109,26,47772,"0000000000000000000000000000000000000000000000000039"
370913,363364,28,7549,"00000000000000000000000000000000000000000000000000000071"
370945,366799,90,4146,"000000000000000000000000000000000000000000000000000000000000000000000000000000000000000000000000000000000000000000000000000000000000000000000000000000000000000000000000000000000000"
371041,370881,26,160,"0000000000000000000000000000000000000000000000000039"
371073,355521,96,15552,"00000000000000000000000000000000000000000000000000000000000001c000000000000000000000000000000000000000000000000000000000000002000000000000000000000000000000000000000000000000000000000000000014"
371189,366320,106,4869,"000000000000000000000000000000000000000000000000000000000000000000000000000000000000000000000000000000000000000082e7088080000000000000000000000000000000000000000000000000000000000000000000000000000000000000000000"
371295,341503,3,29792,"6df86b"
371299,341507,7,29792,"8435a4e9008301"
371329,370208,3,1121,"80b844"
371336,355835,13,15501,"0000000000000000000000007d"
371368,359407,80,11961,"000000000000000000000000000000000000000000000000000000000000000182e708808000000000000000000000000000000000000000000000000000000000000000000000000000000000000000"
371448,371393,7,55,"00000000000001"
371460,371400,3,60,"82e708"
371473,358636,22,12837,"9480e38291e06339d10aab483c65695d004dbd5c6987"
371495,311570,7,59925,"27147114878000"
371502,366755,3,4747,"b901c4"
371509,358992,63,12517,"0000000000000000000000007f72e0d8e9abf9133a92322b8b50bd8e0f9dcfcb00000000000000000000000000000000000000000000000000000000000000"
371572,328211,32,43361,"c000000000000000000000000000000000000000000000000000000000000001"
371605,366795,95,4810,"0000000000000000000000000000000000000000000000000000000000000000000000000000000000000000000000000000000000000000000000000000000000000000000000000000000000000000000000000000000000000000000001"
371701,328340,87,43361,"000000000000000000000000000000000000000000000000000000000000000200000000000000000000000000000000000000000000000000000000000000000000000000000000000000000000000000000000000000"
371788,311568,21,60220,"000027147114878000000000000000000000000000"
371809,355847,44,15962,"7d43aabc515c356145049227cee54b608342c0ad000000000000000000000000000000000000000000000000"
371861,361267,44,10594,"0000000000000000000000000000000000000000000000000000000000000020000000000000000000000000"
371925,361555,73,10370,"0000000000000000000000000000000000000000000000000000000000000000c000000000000000000000000000000000000000000000000000000000000000000000000000000000"
371998,328990,9,43008,"02d402f902d082e708"
372008,371464,5,544,"8430b2a5db"
372013,371464,6,549,"8430b2a5db83"
372019,329011,254,43008,"049c6494abefcff81b1f00905f5efc5871626e793e20a5dc80b902a433123926000000000000000000000000000000000000000000000000000000000002a16d000000000000000000000000469358b4724ba9581282605f800922bf543c1d4500000000000000000000000000000000000000000000000000000000000000a0000000000000000000000000000000000000000000000000000000000000016000000000000000000000000000000000000000000000000000000000000002200000000000000000000000000000000000000000000000000000000000000005000000000000000000000000000000000000000000000000000000000c1d"
372275,372243,31,32,"000000000000000000000000000000000000000000000000000000000c1d04"
372307,372275,31,32,"000000000000000000000000000000000000000000000000000000000c1d04"
372339,372307,31,32,"000000000000000000000000000000000000000000000000000000000c1d04"
372371,372339,31,32,"000000000000000000000000000000000000000000000000000000000c1d04"
372403,329395,224,43008,"0000000000000000000000000000000000000000000000000000000000000005000000000000000000000000000000000000000000000000000000000002a16d000000000000000000000000000000000000000000000000000000000002a16d000000000000000000000000000000000000000000000000000000000002a16d000000000000000000000000000000000000000000000000000000000002a16d000000000000000000000000000000000000000000000000000000000002a16d0000000000000000000000000000000000000000000000000000000000000041"
372691,342931,75,29760,"1c00000000000000000000000000000000000000000000000000000000000000c0000000000000000000000000000000000000000000000000000000000000000000000000000000000000"
372774,372013,6,761,"8430b2a5db83"
372819,372115,57,704,"00000000000000000000000000000000000000000000000000000000000000a000000000000000000000000000000000000000000000000000"
372876,372805,7,71,"e9ad95ffd0f340"
372915,368512,44,4403,"0000000000000000000000000000000000000000000000000000000000000440000000000000000000000000"
372979,370689,62,2290,"0000000000000000000000000000000000000000000000000000000000000001000000000000000000000000000000000000000000000000000000000000"
373042,323615,32,49427,"c000000000000000000000000000000000000000000000000000000000000021"
373075,371702,57,1373,"000000000000000000000000000000000000000000000000000000000000020000000000000000000000000000000000000000000000000000"
373139,373075,30,64,"000000000000000000000000000000000000000000000000000000000000"
373171,344443,57,28728,"000000000000000000000000000000000000000000000000000000000000024000000000000000000000000000000000000000000000000000"
373228,372876,7,352,"e9ad95ffd0f340"
373235,373171,31,64,"00000000000000000000000000000000000000000000000000000000000002"
373267,373235,31,32,"00000000000000000000000000000000000000000000000000000000000002"
373299,357243,60,16056,"000000000000000000000000000000000000000000000000000000000000030000000000000000000000000000000000000000000000000000000000"
373359,373327,3,32,"000003"
373362,353791,32,19571,"4000000000000000000000000000000000000000000000000000000000000003"
373395,338016,62,35379,"0000000000000000000000000000000000000000000000000000000000000380000000000000000000000000000000000000000000000000000000000000"
373457,371167,2,2290,"0014"
373479,371747,43,1732,"00000000000000000000000000000000000000000000000000000000000000000000000000000000000000"
373523,371636,63,1887,"000000000000000000000000000000000000000000000000000000000000000000000000000000000000000000000000000000000000000000000000000000"
373586,373522,65,64,"1400000000000000000000000000000000000000000000000000000000000000000000000000000000000000000000000000000000000000000000000000000014"
373651,373459,64,192,"7e51543446f54e3ec5ae604e3713af3403a082150000000000000000000000000000000000000000000000000000000000000000000000000000000000000014"
373715,373651,127,64,"7e51543446f54e3ec5ae604e3713af3403a0821500000000000000000000000000000000000000000000000000000000000000000000000000000000000000147e51543446f54e3ec5ae604e3713af3403a0821500000000000000000000000000000000000000000000000000000000000000000000000000000000000000"
373842,373841,97,1,"00000000000000000000000000000000000000000000000000000000000000000000000000000000000000000000000000000000000000000000000000000000000000000000000000000000000000000000000000000000000000000000000000"
373939,371400,43,2539,"82e70880800000000000000000000000000000000000000000000000000000000000000000000000000000"
373987,333478,3,40509,"05842f"
373992,371303,2,2689,"0083"
373997,328119,189,45878,"941d0188c4b276a09366d05d6be06af61a73bc753580b90324d3115a8a000000000000000000000000000000000000000000000000000000000000006000000000000000000000000000000000000000000000000000000000000000c000000000000000000000000000000000000000000000000000000000000001200000000000000000000000000000000000000000000000000000000000000002000000000000000000000000176211869ca2b568f2a7d4ee941e073a821ee1ff"
374186,356858,63,17328,"eeeeeeeeeeeeeeeeeeeeeeeeeeeeeeeeeeeeeeeeeeeeeeeeeeeeeeeeeeeeeeee00000000000000000000000000000000000000000000000000000000000000"
374250,368770,29,5480,"0000000000000000000000000000000000000000000000000000000010"
374282,357018,127,17264,"00000000000000000000000000000000000000000000000000000000000000000000000000000000000000000000000000000000000000000000000000000002000000000000000000000000000000000000000000000000000000000000004000000000000000000000000000000000000000000000000000000000000001"
374410,357146,95,17264,"000000000000000000000000e2c67a9b15e9e7ff8a9cb0dfb8fee5609923e5db000000000000000000000000000000000000000000000000000000000000006000000000000000000000000000000000000000000000000000000000000000"
374505,328627,34,45878,"c0000000000000000000000000000000000000000000000000000000000000000200"
374539,357563,31,16976,"0200000000000000000000000000007fffffffffffffffffffffffffffffff"
374571,328661,31,45910,"0100000000000000000000000000007fffffffffffffffffffffffffffffff"
374602,328724,160,45878,"00000000000000000000000000000000000000000000000000000000000000000500000000000000000000000000000000000000000000000000000000000000000000000000000000000000000000000000000000000000000000000000006000000000000000000000000000000000000000000000000000000000000000a00000000000000000000000000000000000000000000000000000000000000001"
374763,357307,23,17456,"010000000000000000000000000000ffffffffffffffff"
374794,366344,84,8450,"000000000000000000000000000000000000000000000000000000000000000082e70880800000000000000000000000000000000000000000000000000000000000000000000000000000000000000000000000"
374880,369824,3,5056,"02f901"
374884,360099,4,14785,"82e70881"
374894,374889,4,5,"842f6b9a"
374899,346066,129,28833,"827e5494d1a3abf42f9e66be86cfdea8c5c2c74f041c5e1480b901045b7d7482000000000000000000000000000000000000000000000000000000000000004000000000000000000000000000000000000000000000000000000000000000a0000000000000000000000000000000000000000000000000000000000000004038"
375029,331509,3,43520,"393963"
375033,348518,3,26515,"643633"
375049,346332,3,28717,"346330"
375055,326694,3,48361,"343733"
375061,311886,3,63175,"373166"
375072,331597,3,43475,"636662"
375077,326682,3,48395,"336666"
375081,331515,4,43566,"63393563"
375085,362896,4,12189,"35353330"
375090,346257,33,28833,"330000000000000000000000000000000000000000000000000000000000000040"
375123,370017,3,5106,"393064"
375131,331629,3,43502,"623964"
375143,348498,3,26645,"343433"
375146,311017,3,64129,"616133"
375150,362917,3,12233,"643530"
375155,331612,3,43543,"623233"
375160,375035,3,125,"333365"
375164,348520,3,26644,"336162"
375168,346329,3,28839,"633362"
375174,331476,3,43698,"393739"
375180,359872,3,15308,"616663"
375187,362579,44,12608,"c000000000000000000000000000000000000000000000000000000000000000000000000000000000000001"
375231,312159,3,63072,"3b02f9"
375235,312163,7,63072,"3782e70880842f"
375242,374891,8,351,"6b9a70842f6b9a7a"
375250,355762,3,19488,"830332"
375254,355766,21,19488,"94272e156df8da513c69cb41cc7a99185d53f926bb"
375275,329802,8,45473,"87071afd498d0000"
375283,355796,101,19487,"b90104a8c9ed67000000000000000000000000e5d7c2a44ffddf6b295a15c148167daaaf5cf34f0000000000000000000000007d43aabc515c356145049227cee54b608342c0ad000000000000000000000000000000000000000000000000000000000000"
375384,370871,2,4513,"0028"
375386,375373,12,13,"000000000000000000000000"
375398,337352,20,38046,"b6edc9cf779cb338cdfb0b1a6ed8e9f511a9d037"
375418,368320,30,7098,"0000000000000000000000000000000000000000000000000000000064fa"
375450,329848,32,45602,"00000000000000000000000000000000000000000000000000071afd498d0000"
375482,353510,25,21972,"0000000000000000000000000000000000000000000000002d"
375514,371925,69,3589,"0000000000000000000000000000000000000000000000000000000000000000c0000000000000000000000000000000000000000000000000000000000000000000000000"
375583,363391,7,12192,"7102f86e82e708"
375591,374889,11,702,"842f6b9a70842f6b9a7a82"
375604,358165,40,17439,"94176211869ca2b568f2a7d4ee941e073a821ee1ff80b844095ea7b3000000000000000000000000"
375644,360119,20,15525,"333d8b480bdb25ea7be4dd87eeb359988ce1b30d"
375664,375202,29,462,"0000000000000000000000000000000000000000000000000000000001"
375696,364112,47,11584,"c000000000000000000000000000000000000000000000000000000000000000000000000000000000000000000001"
375743,369823,8,5920,"3302f9012f82e708"
375757,375752,4,5,"842f5ee2"
375762,359602,129,16160,"827e5494d1a3abf42f9e66be86cfdea8c5c2c74f041c5e1480b901045b7d7482000000000000000000000000000000000000000000000000000000000000004000000000000000000000000000000000000000000000000000000000000000a0000000000000000000000000000000000000000000000000000000000000004063"
375892,326650,3,49242,"626130"
375901,359776,3,16125,"306264"
375904,370028,3,5876,"666164"
375916,331603,3,44313,"646232"
375921,346303,3,29618,"323337"
375930,348652,3,27278,"336634"
375933,346327,3,29606,"313263"
375939,375897,3,42,"383065"
375944,375039,3,905,"333036"
375949,370097,3,5852,"623530"
375954,346258,34,29696,"00000000000000000000000000000000000000000000000000000000000000403536"
375991,311887,3,64104,"316665"
375996,348594,3,27402,"323335"
376002,348555,3,27447,"343531"
376006,326576,4,49430,"63653037"
376016,311000,3,65016,"356436"
376023,362869,3,13154,"656134"
376026,331615,3,44411,"623038"
376029,312004,3,64025,"623162"
376037,376035,3,2,"373137"
376040,376024,3,16,"613462"
376044,370007,3,6037,"613364"
376050,346354,45,29696,"c00000000000000000000000000000000000000000000000000000000000000000000000000000000000000002"
376096,372000,3,4096,"02f902"
376100,374884,4,1216,"82e70881"
376105,375752,10,353,"842f5ee2be842f5ee2c8"
376119,360950,86,15169,"9480e38291e06339d10aab483c65695d004dbd5c6980b902642cc4081e000000000000000000000000000000000000000000000000000000000000006000000000000000000000000000000000000000000000000000"
376205,364208,5,11997,"0000000073"
376212,361043,31,15169,"0000000000000000000000000000000000000000000000000000000064fab4"
376244,361075,108,15169,"000000000000000000000000000000000000000000000000000000000000000100000000000000000000000000000000000000000000000000000000000000200000000000000000000000000000000000000000000000000000000000000060000000000000000000000000"
376352,360805,44,15547,"4af15ec2a0bd43db75dd04e62faa3b8ef36b00d5000000000000000000000000000000000000000000000000"
376404,376244,76,160,"00000000000000000000000000000000000000000000000000000000000000010000000000000000000000000000000000000000000000000000000000000020000000000000000000000000"
376500,361331,140,15169,"0000000000000000000000000000000000000000000000000000000000000080000000000000000000000000000000000000000000000000000000000000000000000000000000000000000000000000000000000000000000000000000001000000000000000000000000000000000000000000000000000000000000000060000000000000000000000000"
376640,376352,32,288,"4af15ec2a0bd43db75dd04e62faa3b8ef36b00d5000000000000000000000000"
376692,333081,102,43611,"00000000000000000000000000000000000000000000000000000000000000020000000000000000000000000000000000000000000000000000000000000000c000000000000000000000000000000000000000000000000000000000000000000000000000"
376794,375226,16,1568,"00000000013b02f9013782e70880842f"
376810,376107,9,703,"5ee2be842f5ee2c883"
376819,375251,147,1568,"03320b94272e156df8da513c69cb41cc7a99185d53f926bb87071afd498d0000b90104a8c9ed67000000000000000000000000e5d7c2a44ffddf6b295a15c148167daaaf5cf34f0000000000000000000000007d43aabc515c356145049227cee54b608342c0ad0000000000000000000000000000000000000000000000000000000000000028000000000000000000000000"
376966,322584,20,54382,"d2c4b0844eb23d3b89044ac92e2093de3007efa3"
376986,375418,172,1568,"0000000000000000000000000000000000000000000000000000000064fa89dd00000000000000000000000000000000000000000000000000071afd498d00000000000000000000000000000000000000000000000000002d92c3899390f8e60000000000000000000000000000000000000000000000000000000000000000c00000000000000000000000000000000000000000000000000000000000000000000000007102f86e82e708"
377159,375752,11,1407,"842f5ee2be842f5ee2c882"
377170,375602,42,1568,"eb9294176211869ca2b568f2a7d4ee941e073a821ee1ff80b844095ea7b3000000000000000000000000"
377212,331740,50,45472,"678aa4bf4e210cf2166753e054d5b7c31cc7fa8600000000000000000000000000000000000000000000000000000000029f"
377264,363888,53,13376,"c0000000000000000000000000000000000000000000000000000000000000000000000000000000000000000000003002ee82e708"
377322,369836,2,7486,"0084"
377324,377319,3,5,"2f5190"
377328,363952,79,13376,"83010b3694cce9d3f392c135dc038b147ca73ec496f7f89d938084183ff085c00000000000000000000000000000000000000000000000000000000000000000000000000000000000000000000000"
377407,343007,7,34400,"3102ef82e70881"
377415,377318,11,97,"842f519000842f51900983"
377456,375696,47,1760,"c000000000000000000000000000000000000000000000000000000000000000000000000000000000000000000001"
377503,345727,11,31776,"1a02f9011682e70801842f"
377514,377417,9,97,"519000842f51900983"
377526,345750,22,31776,"948731d54e9d02c286767d56ac03e8037c07e01e9887"
377554,345778,51,31776,"1eb8e41114cd2a00000000000000000000000000000000000000000000000000000000000000b8000000000000000000000000"
377625,375826,57,1799,"00000000000000000000000000000000000000000000000000000000000000a000000000000000000000000000000000000000000000000000"
377682,312205,7,65477,"038d7ea4c68000"
377689,377657,26,32,"0000000000000000000000000000000000000000000000000003"
377720,373746,33,3974,"000000000000000000000000000000000000000000000000000000000000000014"
377753,377605,32,148,"1f0b08fd862e7f57330528049a9a083cd81d7eb4000000000000000000000000"
377785,348313,46,29472,"c0000000000000000000000000000000000000000000000000000000000000000000000000013302f9012f82e708"
377832,377512,10,320,"842f519000842f519009"
377842,369842,129,8000,"827e5494d1a3abf42f9e66be86cfdea8c5c2c74f041c5e1480b901045b7d7482000000000000000000000000000000000000000000000000000000000000004000000000000000000000000000000000000000000000000000000000000000a0000000000000000000000000000000000000000000000000000000000000004064"
377987,369984,3,8003,"653733"
377996,369977,3,8019,"313863"
378007,375940,3,2067,"306562"
378011,348655,3,29356,"343066"
378015,326567,3,51448,"396535"
378021,346338,3,31683,"306239"
378028,359788,3,18240,"623339"
378033,359793,33,18240,"610000000000000000000000000000000000000000000000000000000000000040"
378067,348607,3,29460,"663833"
378071,331497,3,46574,"356165"
378076,348546,3,29530,"353437"
378080,348551,3,29529,"383236"
378084,377978,3,106,"663162"
378087,326571,3,51516,"346261"
378093,370066,3,8027,"323031"
378097,359870,3,18227,"366661"
378102,375904,3,2198,"666164"
378111,370101,3,8010,"356232"
378114,318073,3,60041,"343339"
378117,346211,3,31906,"316661"
378120,359883,3,18237,"343937"
378123,370092,3,8031,"613533"
378127,375138,3,2989,"363239"
378131,377363,51,768,"00000000000000000000000000000000000000000000000000000000000000000000000000000000000000003102ef82e70881"
378183,377415,12,768,"842f519000842f5190098302"
378218,377450,52,768,"80844e71d92dc0000000000000000000000000000000000000000000000000000000000000000000000000000000000000000000"
378270,318430,10,59840,"003202f082e70880842f"
378280,377834,9,446,"519000842f51900982"
378289,369643,3,8646,"520894"
378322,356210,52,22112,"0000000000000000000000000000000000000000000000000000000000000000000000000000000000000000007102f86e82e708"
378380,378375,4,5,"842df426"
378409,377193,19,1216,"80b844095ea7b3000000000000000000000000"
378448,369346,29,9102,"0000000000000000000000000000000000000000000000000000000029"
378480,364112,100,14368,"c0000000000000000000000000000000000000000000000000000000000000000000000000000000000000000000010df9010a01842aea5400829d78940872ec4426103482a50f26ffc32acefcec61b3c980b8e4f242432a000000000000000000000000"
378600,349352,256,29248,"000000000000000000000000aec3cacef9457ff2821d9f85429ce3d90b0014590000000000000000000000000000000000000000000000000000000000000005000000000000000000000000000000000000000000000000000000000000000100000000000000000000000000000000000000000000000000000000000000a00000000000000000000000000000000000000000000000000000000000000000000000000000000000000000000000000000000000000000000000000000000082e708808000000000000000000000000000000000000000000000000000000000000000000000000000000000000000000000000000010df9010a01842aea54"
378600,349352,44,29248,"000000000000000000000000aec3cacef9457ff2821d9f85429ce3d90b001459000000000000000000000000"
378920,378600,256,320,"000000000000000000000000aec3cacef9457ff2821d9f85429ce3d90b0014590000000000000000000000000000000000000000000000000000000000000005000000000000000000000000000000000000000000000000000000000000000100000000000000000000000000000000000000000000000000000000000000a00000000000000000000000000000000000000000000000000000000000000000000000000000000000000000000000000000000000000000000000000000000082e708808000000000000000000000000000000000000000000000000000000000000000000000000000000000000000000000000000010df9010a01842aea54"
378920,378600,44,320,"000000000000000000000000aec3cacef9457ff2821d9f85429ce3d90b001459000000000000000000000000"
379240,349672,256,29568,"000000000000000000000000aec3cacef9457ff2821d9f85429ce3d90b0014590000000000000000000000000000000000000000000000000000000000000005000000000000000000000000000000000000000000000000000000000000000100000000000000000000000000000000000000000000000000000000000000a00000000000000000000000000000000000000000000000000000000000000000000000000000000000000000000000000000000000000000000000000000000082e70880800000000000000000000000000000000000000000000000000000000000000000000000000000000000000000000000000001eff901ec80842aea54"
379240,349672,225,29568,"000000000000000000000000aec3cacef9457ff2821d9f85429ce3d90b0014590000000000000000000000000000000000000000000000000000000000000005000000000000000000000000000000000000000000000000000000000000000100000000000000000000000000000000000000000000000000000000000000a00000000000000000000000000000000000000000000000000000000000000000000000000000000000000000000000000000000000000000000000000000000082e708808000000000000000000000000000000000000000000000000000000000"
379722,366954,160,12768,"00000000000000000000000000000000000000000000000000000000000000000000000000000000000000000000000000000000000000000000000000000005000000000000000000000000000000000000000000000000000000000000000000000000000000000000000000000000000000000000000000000000000001400000000000000000000000000000000000000000000000000000000000000041"
379946,367178,85,12768,"1c0000000000000000000000000000000000000000000000000000000000000082e7088080000000000000000000000000000000000000000000000000000000000000000000000000000000000000000000000000"
380031,351103,52,28928,"ecf8ea01842aea5400829b28940872ec4426103482a50f26ffc32acefcec61b3c980b8c4f242432a000000000000000000000000"
380103,351175,215,28928,"00000000000000000000000001e4a663fffaf1430d3a36588b2c14b72231d8b40000000000000000000000000000000000000000000000000000000000000005000000000000000000000000000000000000000000000000000000000000000100000000000000000000000000000000000000000000000000000000000000a0000000000000000000000000000000000000000000000000000000000000000082e70880800000000000000000000000000000000000000000000000000000000000000000000000000000000000000000000000000000"
380318,350462,235,29856,"01eff901ec80842aea540083015f90940872ec4426103482a50f26ffc32acefcec61b3c980b901c4d4dfd6bc0000000000000000000000000000000000000000000000000000000000000000000000000000000000000000000000000000000000000000000000000000000000000000000000000000000000000000000000000000000000000000000000000000000000000000000000000000000000000000000000000000000000000001000000000000000000000000000000000000000000000000000000000000000100000000000000000000000000000000000000000000000000000000651418"
380554,379722,160,832,"00000000000000000000000000000000000000000000000000000000000000000000000000000000000000000000000000000000000000000000000000000005000000000000000000000000000000000000000000000000000000000000000000000000000000000000000000000000000000000000000000000000000001400000000000000000000000000000000000000000000000000000000000000041"
380778,379946,85,832,"1c0000000000000000000000000000000000000000000000000000000000000082e7088080000000000000000000000000000000000000000000000000000000000000000000000000000000000000000000000000"
380863,351583,4,29280,"2eed8202"
380868,366626,9,14242,"842aea540082520894"
380880,380862,2,18,"002e"
380897,351617,62,29280,"8654953ff6d0008082e708808000000000000000000000000000000000000000000000000000000000000000000000000000000000000000000000000000"
380962,380868,9,94,"842aea540082520894"
380991,366559,66,14432,"865af3107a40008082e70880800000000000000000000000000000000000000000000000000000000000000000000000000000000000000000000000000000002ceb"
381057,351009,10,30048,"4f842aea540082520894"
381087,351423,76,29664,"865af3107a40008082e70880800000000000000000000000000000000000000000000000000000000000000000000000000000000000000000000000000000002ceb51842aea540082520894"
381183,337055,96,44128,"865af3107a40008082e70880800000000000000000000000000000000000000000000000000000000000000000000000000000000000000000000000000000000000000000000000000000000000000000000000000000000000000000000002"
381280,337152,20,44128,"2fc617e933a52713247ce25730f6695920b3befe"
381300,322304,20,58996,"45a318273749d6eb00f5f6ca3bc7cd3de26d642a"
381360,367316,20,14044,"e93685f3bba03016f02bd1828badd6195988d950"
381380,351792,20,29588,"3d391afffed2255a2dd00325c3a96a5a8e023ff8"
381400,371905,20,9495,"0d276843c56c24a05a7d910d34aeb7d283e8083b"
381440,372959,20,8481,"555ce236c0220695b68341bc48c68d52210cc35b"
381500,375398,20,6102,"b6edc9cf779cb338cdfb0b1a6ed8e9f511a9d037"
381560,376672,20,4888,"866959f5a67c5b791a7a42d777a33e34fd0e3cc6"
381580,376966,20,4614,"d2c4b0844eb23d3b89044ac92e2093de3007efa3"
381600,367636,20,13964,"5f92a40a6d582ef8856fa27fcd9189682b54f2a7"
381640,337312,20,44328,"76b17077ea576c531f26cc5f4c613014b6bbb5e5"
381660,377753,20,3907,"1f0b08fd862e7f57330528049a9a083cd81d7eb4"
381700,381640,20,60,"76b17077ea576c531f26cc5f4c613014b6bbb5e5"
381760,378580,20,3180,"153a562df4759d36c178c9c6912b91906dc0960c"
381780,378900,20,2880,"bd8eaf4e71d5f42ca363193ba1b4db4d6039158e"
381800,379220,20,2580,"9cb41c350203ac108ce28bee6789014545cef477"
381840,380083,20,1757,"fd2f8182ea6c5107b8166812b4ce49cd959a84a6"
381880,380115,20,1765,"01e4a663fffaf1430d3a36588b2c14b72231d8b4"
381900,352172,20,29728,"161dbc3f770dc97288eed3c864daba618a209a24"
381920,352232,20,29688,"50ee2a1789f78174bf7fad3a2e9b21dec8ed0eb7"
381940,352212,20,29728,"b268e06dd9826e7c47c4b6bbc9f16df2d3bdc9ae"
381960,381222,56,738,"0000000000000000000000000000000000000000000000000000000000000000000000000000000000000000000000000000000000000000"
382048,368320,31,13728,"0000000000000000000000000000000000000000000000000000000064fa85"
382080,377083,62,4997,"00000000000000000000000000000000000000000000000000000000000000c0000000000000000000000000000000000000000000000000000000000000"
382143,353215,32,28928,"a000000000000000000000000000000000000000000000000000000000000025"
382176,323744,62,58432,"0000000000000000000000000000000000000000000000000000000000002820000000000000000000000000000000000000000000000000000000000000"
382238,338014,64,44224,"001c0000000000000000000000000000000000000000000000000000000000000380000000000000000000000000000000000000000000000000000000000000"
382304,368608,31,13696,"00000000000000000000000000000000000000000000000000000000000006"
382336,368640,31,13696,"00000000000000000000000000000000000000000000000000000000000007"
382368,381986,31,382,"0000000000000000000000000000000000000000000000000000000000000b"
382399,323295,32,59104,"c00000000000000000000000000000000000000000000000000000000000000c"
382431,352703,64,29728,"600000000000000000000000000000000000000000000000000000000000000f000000000000000000000000000000000000000000000000000000000000000f"
382496,382464,31,32,"0000000000000000000000000000000000000000000000000000000000000f"
382528,368768,62,13760,"0000000000000000000000000000000000000000000000000000000000001080000000000000000000000000000000000000000000000000000000000000"
382592,382560,30,32,"000000000000000000000000000000000000000000000000000000000000"
382624,352768,62,29856,"00000000000000000000000000000000000000000000000000000000000013e0000000000000000000000000000000000000000000000000000000000000"
382687,368799,32,13888,"8000000000000000000000000000000000000000000000000000000000000015"
382719,344639,32,38080,"0000000000000000000000000000000000000000000000000000000000000015"
382752,352832,31,29920,"00000000000000000000000000000000000000000000000000000000000016"
382784,352864,31,29920,"00000000000000000000000000000000000000000000000000000000000017"
382816,368832,31,13984,"00000000000000000000000000000000000000000000000000000000000018"
382848,382816,31,32,"00000000000000000000000000000000000000000000000000000000000018"
382879,323487,32,59392,"a000000000000000000000000000000000000000000000000000000000000019"
382912,382209,61,703,"0000000000000000000000000000000000000000000000000000000000001c000000000000000000000000000000000000000000000000000000000000"
382973,353117,2,29856,"001e"
382976,368992,63,13984,"000000000000000000000000000000000000000000000000000000000000204000000000000000000000000000000000000000000000000000000000000021"
383040,383008,31,32,"00000000000000000000000000000000000000000000000000000000000021"
383072,369056,94,14016,"000000000000000000000000000000000000000000000000000000000000224000000000000000000000000000000000000000000000000000000000000022a0000000000000000000000000000000000000000000000000000000000000"
383166,369726,9,13440,"003602f482e70882ab"
383176,369736,16,13440,"8502040eba5285026b44df95825a3c94"
383212,369772,50,13440,"87354a6ba7a1800780c000000000000000000000000000000000000000000000000000000000000000000000000000000000"
383262,340894,8,42368,"0232f9022f830306"
383270,325446,3,57824,"45843a"
383273,370345,4,12928,"6ffa3a83"
383277,340909,127,42368,"048d9c94cb566e3b6934fa77258d68ea18e931fa75e1aaaa80b902046c459a2800000000000000000000000038de71124f7a447a01d67945a51edce9ff49125100000000000000000000000000000000000000000000000000000000000000800000000000000000000000000000000000000000000000000000000064fad9"
383405,341037,99,42368,"00000000000000000000000000000000000000000000000000000000000001400000000000000000000000000000000000000000000000000000000000000084704316e500000000000000000000000000000000000000000000000000000000000000"
383537,377721,32,5816,"0000000000000000000000000000000000000000000000000000000000000014"
383569,383505,63,64,"4007749a7ddd3e3c852e34f857930b57d1771a6597e405ef508b052afe10676800000000000000000000000000000000000000000000000000000000000000"
383632,380782,29,2850,"0000000000000000000000000000000000000000000000000000000082"
383791,355663,80,28128,"00000000000000000000000000000000000000000000000000000000000082e7088080000000000000000000000000000000000000000000000000000000000000000000000000000000000000000001"
383871,358303,4,25568,"15f90112"
383885,377526,22,6359,"948731d54e9d02c286767d56ac03e8037c07e01e9887"
383914,377555,50,6359,"b8e41114cd2a00000000000000000000000000000000000000000000000000000000000000b8000000000000000000000000"
383984,380199,57,3785,"00000000000000000000000000000000000000000000000000000000000000a000000000000000000000000000000000000000000000000000"
384048,384016,25,32,"00000000000000000000000000000000000000000000000000"
384080,383537,32,543,"0000000000000000000000000000000000000000000000000000000000000014"
384112,383964,32,148,"1c7e75fa010eb308d07b6c07ca4f8b830f090ddf000000000000000000000000"
384144,383821,46,323,"82e70880800000000000000000000000000000000000000000000000000000000000000000000000000000000000"
384190,356574,12,27616,"041b02f9041782e708098430"
384202,372010,10,12192,"b2a5db8430b2a5db8304"
384214,327030,23,57184,"941d0188c4b276a09366d05d6be06af61a73bc7535870e"
384243,356627,256,27616,"b903e4d3115a8a0000000000000000000000000000000000000000000000000000000000000060000000000000000000000000000000000000000000000000000000000000010000000000000000000000000000000000000000000000000000000000000001a00000000000000000000000000000000000000000000000000000000000000004000000000000000000000000176211869ca2b568f2a7d4ee941e073a821ee1ff000000000000000000000000cc22f6aa610d1b2a0e89ef228079cb3e1831b1d1000000000000000000000000e2c67a9b15e9e7ff8a9cb0dfb8fee5609923e5dbeeeeeeeeeeeeeeeeeeeeeeeeeeeeeeeeeeeeeeeeeeeeeeeeee"
384243,356627,256,27616,"b903e4d3115a8a0000000000000000000000000000000000000000000000000000000000000060000000000000000000000000000000000000000000000000000000000000010000000000000000000000000000000000000000000000000000000000000001a00000000000000000000000000000000000000000000000000000000000000004000000000000000000000000176211869ca2b568f2a7d4ee941e073a821ee1ff000000000000000000000000cc22f6aa610d1b2a0e89ef228079cb3e1831b1d1000000000000000000000000e2c67a9b15e9e7ff8a9cb0dfb8fee5609923e5dbeeeeeeeeeeeeeeeeeeeeeeeeeeeeeeeeeeeeeeeeeeeeeeeeee"
384243,356627,164,27616,"b903e4d3115a8a0000000000000000000000000000000000000000000000000000000000000060000000000000000000000000000000000000000000000000000000000000010000000000000000000000000000000000000000000000000000000000000001a00000000000000000000000000000000000000000000000000000000000000004000000000000000000000000176211869ca2b568f2a7d4ee941e073a82"
384922,357306,27,27616,"02010000000000000000000000000000ffffffffffffffffffffff"
384954,327770,26,57184,"030000000000000000000000000000000000000000000000000e"
384980,384237,6,743,"147616d3c1ef"
384986,357370,256,27616,"0000000000000000000000000000000000000000000000000000000000000000010000000000000000000000e2c67a9b15e9e7ff8a9cb0dfb8fee5609923e5db000000000000000000000000000000000000000000000000000000000000006000000000000000000000000000000000000000000000000000000000000000c000000000000000000000000000000000000000000000000000000000000000020101000000000000000000000000000000000000000000000000000000000000020200000000000000000000000000007fffffffffffffffffffffffffffffff0000000000000000000000000000000000000000000000000000000000000000"
384986,357370,36,27616,"000000000000000000000000000000000000000000000000000000000000000001000000"
385278,378366,8,6912,"007102f86e82e708"
385287,384200,10,1087,"8430b2a5db8430b2a5db"
385297,377169,43,8128,"82eb9294176211869ca2b568f2a7d4ee941e073a821ee1ff80b844095ea7b3000000000000000000000000"
385340,384215,20,1125,"1d0188c4b276a09366d05d6be06af61a73bc7535"
385360,384990,29,370,"0000000000000000000000000000000000000000000000000000000001"
385392,360304,47,25088,"c000000000000000000000000000000000000000000000000000000000000000000000000000000000000000000002"
385453,347126,60,38327,"94f82537fb6c56a3b50092d3951f84f5f6c835b4f580b902445ae401dc0000000000000000000000000000000000000000000000000000000064fa86"
385514,347187,176,38327,"000000000000000000000000000000000000000000000000000000000000004000000000000000000000000000000000000000000000000000000000000000020000000000000000000000000000000000000000000000000000000000000040000000000000000000000000000000000000000000000000000000000000016000000000000000000000000000000000000000000000000000000000000000e404e45aaf000000000000000000000000"
385690,384390,32,1300,"176211869ca2b568f2a7d4ee941e073a821ee1ff000000000000000000000000"
385722,347395,107,38327,"e5d7c2a44ffddf6b295a15c148167daaaf5cf34f00000000000000000000000000000000000000000000000000000000000009c400000000000000000000000000000000000000000000000000000000000000020000000000000000000000000000000000000000000000"
385829,384009,7,1820,"000000000000a0"
385838,382757,26,3081,"0000000000000000000000000000000000000000000000000016"
385870,347543,121,38327,"000000000000000000000000000000000000000000000000000000000000000000000000000000000000000000000000000000000000000000000000000000000000000000000000000000000000000000000000000000000000004449404b7c00000000000000000000000000000000000000000000000000"
385991,385863,19,128,"1694943860b534000000000000000000000000"
386030,380782,81,5248,"0000000000000000000000000000000000000000000000000000000082e7088080000000000000000000000000000000000000000000000000000000000000000000000000000000000000000000000000"
386115,373988,5,12127,"842faf0800"
386124,385722,20,402,"e5d7c2a44ffddf6b295a15c148167daaaf5cf34f"
386150,382918,25,3232,"0000000000000000000000000000000000000000000000001c"
386180,367208,59,18972,"000082e708808000000000000000000000000000000000000000000000000000000000000000000000000000000000000000000000000000000000"
386239,377311,6,8928,"3002ee82e708"
386246,376808,11,9438,"842f5ee2be842f5ee2c883"
386257,377329,78,8928,"010b3694cce9d3f392c135dc038b147ca73ec496f7f89d938084183ff085c00000000000000000000000000000000000000000000000000000000000000000000000000000000000000000000000"
386335,385279,7,1056,"7102f86e82e708"
386343,377159,11,9184,"842f5ee2be842f5ee2c882"
386377,371329,19,15048,"80b844a22cb465000000000000000000000000"
386413,378899,2,7514,"00bd"
386416,364080,79,22336,"0000000000000000000000000000000000000000000000000000000000000001c000000000000000000000000000000000000000000000000000000000000000000000000000000000000000000001"
386495,355743,8,30752,"3c02f9013882e708"
386503,377831,3,8672,"04842f"
386506,386248,9,258,"5ee2be842f5ee2c883"
386518,355766,22,30752,"94272e156df8da513c69cb41cc7a99185d53f926bb88"
386546,371500,4,15046,"8000b901"
386550,376853,49,9697,"04a8c9ed67000000000000000000000000e5d7c2a44ffddf6b295a15c148167daaaf5cf34f000000000000000000000000"
386599,342293,51,44306,"176211869ca2b568f2a7d4ee941e073a821ee1ff00000000000000000000000000000000000000000000000000000000000000"
386651,385998,13,653,"00000000000000000000000059"
386664,337513,19,49151,"6758cbbf0b118da13bcf95a69eed050ab97a0d"
386683,376986,31,9697,"0000000000000000000000000000000000000000000000000000000064fa89"
386715,386470,25,245,"00000000000000000000000000000000000000000000000001"
386740,386541,7,199,"fc09be0ae18000"
386747,370756,29,15991,"000000000000000000000000000000000000000000000000000000000d"
386779,385210,68,1569,"0000000000000000000000000000000000000000000000000000000000000000c00000000000000000000000000000000000000000000000000000000000000000000000"
386847,358143,7,28704,"7202f86f82e708"
386855,386504,11,351,"842f5ee2be842f5ee2c883"
386869,329781,21,57088,"94009a0b7c38b542208936f1179151cd08e2943833"
386890,386377,3,513,"80b844"
386897,369394,13,17503,"0000000000000000000000002a"
386929,344347,32,42582,"000000000000000000000000000000000000000000000000000000001dcd6500"
386961,358257,46,28704,"c0000000000000000000000000000000000000000000000000000000000000000000000000000000000000000001"
387007,375743,11,11264,"3302f9012f82e70808842f"
387018,377834,136,9184,"519000842f519009827e5494d1a3abf42f9e66be86cfdea8c5c2c74f041c5e1480b901045b7d7482000000000000000000000000000000000000000000000000000000000000004000000000000000000000000000000000000000000000000000000000000000a00000000000000000000000000000000000000000000000000000000000000040"
387158,370126,4,17032,"35336431"
387162,375153,3,12009,"616662"
387165,378108,3,9057,"663533"
387168,370024,3,17144,"346565"
387172,375931,3,11241,"663431"
387178,346241,3,40937,"653331"
387185,331501,3,55684,"396338"
387188,348531,3,38657,"643036"
387191,376022,3,11169,"306561"
387195,331617,3,55578,"383533"
387202,359880,3,27322,"663066"
387206,375146,3,12060,"616133"
387218,375858,34,11360,"00000000000000000000000000000000000000000000000000000000000000406333"
387270,326572,3,60698,"626135"
387274,362799,3,24475,"393864"
387283,376014,3,11269,"666535"
387287,362813,3,24474,"376633"
387291,370025,3,17266,"656535"
387303,375141,3,12162,"326534"
387308,378067,3,9241,"663833"
387312,331632,54,55680,"3963c000000000000000000000000000000000000000000000000000000000000000000000000000000000000000007102f86e82e708"
387366,377511,11,9855,"01842f519000842f519009"
387377,385297,43,2080,"82eb9294176211869ca2b568f2a7d4ee941e073a821ee1ff80b844095ea7b3000000000000000000000000"
387440,385777,29,1663,"0000000000000000000000000000000000000000000000000000000002"
387472,360048,55,27424,"c0000000000000000000000000000000000000000000000000000000000000000000000000000000000000000000005202f84f82e70881"
387528,377512,12,10016,"842f519000842f5190098307"
387569,387507,12,62,"000000000000000000000000"
387581,381700,20,5881,"76b17077ea576c531f26cc5f4c613014b6bbb5e5"
387601,378321,53,9280,"c00000000000000000000000000000000000000000000000000000000000000000000000000000000000000000007102f86e82e708"
387655,387367,11,288,"842f519000842f51900982"
387668,331700,40,55968,"94a219439258ca9da29e9cc4ce5596924745e12b9380b844095ea7b3000000000000000000000000"
387728,361203,30,26525,"00000000000000000000000000000000000000000000000000000000007c"
387760,386448,47,1312,"c000000000000000000000000000000000000000000000000000000000000000000000000000000000000000000001"
387808,387008,3,800,"02f901"
387812,331844,6,55968,"82e70809842f"
387818,387530,9,288,"519000842f51900983"
387851,379201,3,8650,"80b8e4"
387858,338079,32,49779,"0000000000000000000000000000000000000000000000000000000000000007"
387890,328788,97,59102,"000000000000000000000000000000000000000000000000000000000000006000000000000000000000000000000000000000000000000000000000000000a0000000000000000000000000000000000000000000000000000000000000000100"
387987,387986,29,1,"0000000000000000000000000000000000000000000000000000000000"
388018,387954,58,64,"00000000000000000000000000000000000000000000000000000000000000010000000000000000000000000000000000000000000000000000"
388082,387314,52,768,"c000000000000000000000000000000000000000000000000000000000000000000000000000000000000000007102f86e82e708"
388134,386503,3,1631,"04842f"
388140,388135,3,5,"842f3c"
388145,387377,43,768,"82eb9294176211869ca2b568f2a7d4ee941e073a821ee1ff80b844095ea7b3000000000000000000000000"
388188,386909,48,1279,"2ad69a0cf272b9941c7ddcada7b0273e9046c4b000000000000000000000000000000000000000000000000000000000"
388240,356368,54,31872,"c0000000000000000000000000000000000000000000000000000000000000000000000000000000000000000000007202f86f82e708"
388300,388295,4,5,"842dc6a6"
388310,378428,20,9882,"bf05db69176e47bf89a6b19f7492d50751d20452"
388330,388169,3,161,"80b844"
388337,380586,60,7751,"000000000000000000000000000000000000000000000000000000000000000500000000000000000000000000000000000000000000000000000000"
388397,378476,50,9921,"29c979acc0000000000000000000000000000000000000000000000000000000000000000000000000000000000000000000"
388447,348831,9,39616,"5102f84e82e7088084"
388459,388454,6,5,"80842d6b3280"
388465,348849,163,39616,"83010a3b949dba31e492b7e98b8195e254ee13b6b027e4a59d80a4a7f68792766f746500000000000000000000000000000000000000000000000000000000c0000000000000000000000000000000000000000000000000000000000000000000000000000000000000000000010df9010a01842aea5400829d78940872ec4426103482a50f26ffc32acefcec61b3c980b8e4f242432a000000000000000000000000"
388628,381860,20,6768,"d01bf4961e06263b22484732f0cfbe169f8dad5a"
388648,379240,256,9408,"000000000000000000000000aec3cacef9457ff2821d9f85429ce3d90b0014590000000000000000000000000000000000000000000000000000000000000005000000000000000000000000000000000000000000000000000000000000000100000000000000000000000000000000000000000000000000000000000000a00000000000000000000000000000000000000000000000000000000000000000000000000000000000000000000000000000000000000000000000000000000082e70880800000000000000000000000000000000000000000000000000000000000000000000000000000000000000000000000000001eff901ec80842aea54"
388648,379240,224,9408,"000000000000000000000000aec3cacef9457ff2821d9f85429ce3d90b0014590000000000000000000000000000000000000000000000000000000000000005000000000000000000000000000000000000000000000000000000000000000100000000000000000000000000000000000000000000000000000000000000a00000000000000000000000000000000000000000000000000000000000000000000000000000000000000000000000000000000000000000000000000000000082e7088080000000000000000000000000000000000000000000000000000000"
389130,380554,160,8576,"00000000000000000000000000000000000000000000000000000000000000000000000000000000000000000000000000000000000000000000000000000005000000000000000000000000000000000000000000000000000000000000000000000000000000000000000000000000000000000000000000000000000001400000000000000000000000000000000000000000000000000000000000000041"
389290,386547,2,2743,"00b9"
389354,364938,256,24416,"1c0000000000000000000000000000000000000000000000000000000000000082e7088080000000000000000000000000000000000000000000000000000000000000000000000000000000000000000000000001eff901ec80842aea540083015f90940872ec4426103482a50f26ffc32acefcec61b3c980b901c4d4dfd6bc0000000000000000000000000000000000000000000000000000000000000000000000000000000000000000000000000000000000000000000000000000000000000000000000000000000000000000000000000000000000000000000000000000000000000000000000000000000000000000000000000000000000000001"
389354,364938,63,24416,"1c0000000000000000000000000000000000000000000000000000000000000082e70880800000000000000000000000000000000000000000000000000000"
389674,389130,160,544,"00000000000000000000000000000000000000000000000000000000000000000000000000000000000000000000000000000000000000000000000000000005000000000000000000000000000000000000000000000000000000000000000000000000000000000000000000000000000000000000000000000000000001400000000000000000000000000000000000000000000000000000000000000041"
389898,365482,256,24416,"1b0000000000000000000000000000000000000000000000000000000000000082e7088080000000000000000000000000000000000000000000000000000000000000000000000000000000000000000000000001eff901ec80842aea540083015f90940872ec4426103482a50f26ffc32acefcec61b3c980b901c4d4dfd6bc0000000000000000000000000000000000000000000000000000000000000000000000000000000000000000000000000000000000000000000000000000000000000000000000000000000000000000000000000000000000000000000000000000000000000000000000000000000000000000000000000000000000000001"
389898,365482,62,24416,"1b0000000000000000000000000000000000000000000000000000000000000082e708808000000000000000000000000000000000000000000000000000"
390218,389674,160,544,"00000000000000000000000000000000000000000000000000000000000000000000000000000000000000000000000000000000000000000000000000000005000000000000000000000000000000000000000000000000000000000000000000000000000000000000000000000000000000000000000000000000000001400000000000000000000000000000000000000000000000000000000000000041"
390442,366026,138,24416,"1c0000000000000000000000000000000000000000000000000000000000000082e70880800000000000000000000000000000000000000000000000000000000000000000000000000000000000000000000000010df9010a01842aea5400829d78940872ec4426103482a50f26ffc32acefcec61b3c980b8e4f242432a000000000000000000000000"
390580,381820,20,8760,"3e8576b3312fc6fd48324e177cc8f0a0d7c399e8"
390600,366184,249,24416,"000000000000000000000000aec3cacef9457ff2821d9f85429ce3d90b0014590000000000000000000000000000000000000000000000000000000000000005000000000000000000000000000000000000000000000000000000000000000100000000000000000000000000000000000000000000000000000000000000a00000000000000000000000000000000000000000000000000000000000000000000000000000000000000000000000000000000000000000000000000000000082e708808000000000000000000000000000000000000000000000000000000000000000000000000000000000000000000000000000002ceb"
390849,351393,10,39456,"53842aea540082520894"
390879,336959,76,53920,"865af3107a40008082e70880800000000000000000000000000000000000000000000000000000000000000000000000000000000000000000000000000000002ceb53842aea540082520894"
390975,390879,76,96,"865af3107a40008082e70880800000000000000000000000000000000000000000000000000000000000000000000000000000000000000000000000000000002ceb53842aea540082520894"
391071,366655,256,24416,"865af3107a40008082e7088080000000000000000000000000000000000000000000000000000000000000000000000000000000000000000000000000000001eff901ec80842aea540083015910940872ec4426103482a50f26ffc32acefcec61b3c980b901c4d4dfd6bc0000000000000000000000000000000000000000000000000000000000000000000000000000000000000000000000000000000000000000000000000000000000000000000000000000000000000000000000000000000000000000000000000000000000000000000000000000000000000000000000000000000000000001000000000000000000000000000000000000000000"
391071,366655,42,24416,"865af3107a40008082e70880800000000000000000000000000000000000000000000000000000000000"
391370,390218,160,1152,"00000000000000000000000000000000000000000000000000000000000000000000000000000000000000000000000000000000000000000000000000000005000000000000000000000000000000000000000000000000000000000000000000000000000000000000000000000000000000000000000000000000000001400000000000000000000000000000000000000000000000000000000000000041"
391533,384072,2,7461,"004e"
391594,367178,116,24416,"1c0000000000000000000000000000000000000000000000000000000000000082e708808000000000000000000000000000000000000000000000000000000000000000000000000000000000000000000000000000000000000000000000000000000000000000000000000000000000000000"
391712,381300,20,10412,"45a318273749d6eb00f5f6ca3bc7cd3de26d642a"
391732,351772,20,39960,"b8ff877ed78ba520ece21b1de7843a8a57ca47cb"
391752,384112,20,7640,"1c7e75fa010eb308d07b6c07ca4f8b830f090ddf"
391812,386010,20,5802,"592a798547e51bbbad73c5e874f3a5e7ed2e7bfb"
391892,386663,20,5229,"596758cbbf0b118da13bcf95a69eed050ab97a0d"
391912,351892,20,40020,"78b05688beb478a03160cd757806d0893407bdc1"
391972,387581,20,4391,"76b17077ea576c531f26cc5f4c613014b6bbb5e5"
391992,367656,20,24336,"fc0c2df02b1616b05c22b3044c582c4150cfd3a9"
392052,381740,20,10312,"0a3d0705937c2e0137514f65ff1e841242613003"
392090,391720,1,370,"00"
392092,388628,20,3464,"d01bf4961e06263b22484732f0cfbe169f8dad5a"
392112,380971,20,11141,"b5b936533cc57bda2ab9a7fe2e5e9e987dd9489c"
392132,381163,20,10969,"af84526a957f7442ac539ad33d15aa6f6057ae30"
392152,381067,20,11085,"e172923f87742d3e4901c06949bdf66a1cbd616b"
392172,390580,20,1592,"3e8576b3312fc6fd48324e177cc8f0a0d7c399e8"
392192,368036,20,24156,"40082e6f1c15d2b27b3de80cb7ad04e9ed121900"
392212,368016,20,24196,"f269e8574583c27fe74b69b3f998a64efd8d0448"
392232,367996,20,24236,"c65347b43019f8f453d7b486d259fd6146da334e"
392252,380877,20,11375,"7fc357002e8c81d43a8f568a336c76a7b5742830"
392272,391662,48,610,"000000000000000000000000000000000000000000000000000000000000000000000000000000000000000000000000"
392326,392319,1,7,"00"
392352,382048,31,10304,"0000000000000000000000000000000000000000000000000000000064fa85"
392384,386780,62,5604,"00000000000000000000000000000000000000000000000000000000000000c0000000000000000000000000000000000000000000000000000000000000"
392448,392416,31,32,"0000000000000000000000000000000000000000000000000000000000002d"
392480,369472,62,23008,"0000000000000000000000000000000000000000000000000000000000003020000000000000000000000000000000000000000000000000000000000000"
392542,338365,32,54177,"001e000000000000000000000000000000000000000000000000000000000000"
392576,384507,31,8069,"00000000000000000000000000000000000000000000000000000000000004"
392608,392576,31,32,"00000000000000000000000000000000000000000000000000000000000004"
392640,368672,31,23968,"0000000000000000000000000000000000000000000000000000000000000a"
392672,382400,31,10272,"0000000000000000000000000000000000000000000000000000000000000c"
392703,382527,32,10176,"e000000000000000000000000000000000000000000000000000000000000010"
392736,382560,31,10176,"00000000000000000000000000000000000000000000000000000000000011"
392768,382592,31,10176,"00000000000000000000000000000000000000000000000000000000000012"
392800,382592,62,10208,"0000000000000000000000000000000000000000000000000000000000001280000000000000000000000000000000000000000000000000000000000000"
392862,382686,64,10176,"14800000000000000000000000000000000000000000000000000000000000001500000000000000000000000000000000000000000000000000000000000000"
392928,382784,31,10144,"00000000000000000000000000000000000000000000000000000000000017"
392959,352863,32,40096,"6000000000000000000000000000000000000000000000000000000000000017"
392992,382848,31,10144,"00000000000000000000000000000000000000000000000000000000000018"
393024,352896,94,40128,"0000000000000000000000000000000000000000000000000000000000001a600000000000000000000000000000000000000000000000000000000000001b00000000000000000000000000000000000000000000000000000000000000"
393119,392512,32,607,"000000000000000000000000000000000000000000000000000000000000001e"
393152,393120,31,32,"0000000000000000000000000000000000000000000000000000000000001e"
393184,382976,94,10208,"00000000000000000000000000000000000000000000000000000000000020400000000000000000000000000000000000000000000000000000000000002180000000000000000000000000000000000000000000000000000000000000"
393280,369152,31,24128,"00000000000000000000000000000000000000000000000000000000000024"
393311,392289,32,1022,"0000000000000000000000000000000000000000000000000000000000000026"
393344,369312,62,24032,"0000000000000000000000000000000000000000000000000000000000002840000000000000000000000000000000000000000000000000000000000000"
393408,369376,62,24032,"0000000000000000000000000000000000000000000000000000000000002ac0000000000000000000000000000000000000000000000000000000000000"
393472,391009,31,2463,"0000000000000000000000000000000000000000000000000000000000002c"
393504,383136,39,10368,"000000000000000000000000000000000000000000000000000000000000003602f482e70882ab"
393544,383176,16,10368,"8502040eba5285026b44df95825a3c94"
393580,383212,50,10368,"87354a6ba7a1800780c000000000000000000000000000000000000000000000000000000000000000000000000000000000"
393630,393534,9,96,"003602f482e70882ab"
393640,393544,16,96,"8502040eba5285026b44df95825a3c94"
393676,358657,7,35019,"87470de4df8200"
393683,393587,43,96,"0780c000000000000000000000000000000000000000000000000000000000000000000000000000000000"
393732,393634,4,98,"82e70882"
393738,369832,9,23906,"8459682f008459682f"
393781,387890,62,5891,"0000000000000000000000000000000000000000000000000000000000000060000000000000000000000000000000000000000000000000000000000000"
393843,368574,33,25269,"04a000000000000000000000000000000000000000000000000000000000000005"
393877,384858,61,9019,"00000000000000000000000000000000000000000000000000000000000000030000000000000000000000000000000000000000000000000000000000"
393938,384279,34,9659,"00006000000000000000000000000000000000000000000000000000000000000001"
393973,391680,31,2293,"00000000000000000000000000000000000000000000000000000000000002"
394005,393941,31,64,"00000000000000000000000000000000000000000000000000000000000001"
394041,382642,13,11399,"00000000000000000000000013"
394054,393754,19,300,"9abb67a33f6ddcf00fbab5e321184f4e5c22e1"
394073,394005,30,68,"000000000000000000000000000000000000000000000000000000000000"
394105,384029,13,10076,"0000000000000000000000004f"
394137,380838,26,13299,"000000000000000000000000000000000000000000000000002e"
394169,378240,32,15929,"0000000000000000000000000000000000000000000000000000000000000032"
394201,394073,44,128,"0000000000000000000000000000000000000000000000000000000000003fc4000000000000000000000000"
394245,339013,84,55232,"000000000000000000000000000000000000000100000000000000000000000000000000000000000000000000000000000000000000000000000000000000000000000000000000000000000000000000000000"
394329,394009,95,320,"000000000000000000000000000000000000000000000000000001046012ed2d000000000000000000000000139abb67a33f6ddcf00fbab5e321184f4e5c22e10000000000000000000000000000000000000000000000000000000000003f"
394425,376954,13,17471,"000000000000000000000000d2"
394457,394137,26,320,"000000000000000000000000000000000000000000000000002e"
394489,394169,63,320,"00000000000000000000000000000000000000000000000000000000000000320000000000000000000000000000000000000000000000000000000000003f"
394553,394233,191,320,"000000000000000000000000000000000000000000000000000000000000000100000000000000000000000000000000000000000000000000000000000000000000000000000000000000000000000000000000000000000000000000000000000000000000000000000000000000000000000000000000000001046012ed2d000000000000000000000000139abb67a33f6ddcf00fbab5e321184f4e5c22e10000000000000000000000000000000000000000000000000000000000003f"
394745,333832,13,60913,"0000000000000000000000006a"
394776,380837,27,13939,"00000000000000000000000000000000000000000000000000002e"
394808,394168,64,640,"4000000000000000000000000000000000000000000000000000000000000000320000000000000000000000000000000000000000000000000000000000003f"
394873,394553,122,320,"0000000000000000000000000000000000000000000000000000000000000001000000000000000000000000000000000000000000000000000000000000000000000000000000000000000000000000000000000000000000000000000000000000000000000000000000000000000000000000000000000000"
394995,393907,27,1088,"000300000000000000000000000000000000000000000000000000"
395029,394997,26,32,"000000000000000000000000000000000000000000000000002e"
395061,395029,27,32,"000000000000000000000000000000000000000000000000002eaf"
395093,391498,32,3595,"0000000000000000000000000000000000000000000000000000000000000041"
395189,372691,73,22498,"1c00000000000000000000000000000000000000000000000000000000000000c000000000000000000000000000000000000000000000000000000000000000000000000000000000"
395262,383262,8,12000,"0232f9022f830306"
395270,339942,3,55328,"46843a"
395276,383276,128,12000,"83048d9c94cb566e3b6934fa77258d68ea18e931fa75e1aaaa80b902046c459a2800000000000000000000000038de71124f7a447a01d67945a51edce9ff49125100000000000000000000000000000000000000000000000000000000000000800000000000000000000000000000000000000000000000000000000064fad9"
395405,341037,100,54368,"00000000000000000000000000000000000000000000000000000000000001400000000000000000000000000000000000000000000000000000000000000084704316e500000000000000000000000000000000000000000000000000000000000000b8"
395537,343071,33,52466,"000000000000000000000000000000000000000000000000000000000000000a14"
395570,395506,62,64,"443f92ad1d65930b6131fc3161a7dae90179580ac8b10df705479935ebce1b00000000000000000000000000000000000000000000000000000000000000"
395632,391598,29,4034,"0000000000000000000000000000000000000000000000000000000082"
395790,341422,80,54368,"1c00000000000000000000000000000000000000000000000000000000000082e70880800000000000000000000000000000000000000000000000000000000000000000000000000000000000000000"
395870,370334,8,25536,"0392f9038f830305"
395879,395271,6,608,"843a4c086883"
395885,370349,63,25536,"13f7c094a658742d33ebd2ce2f0bdff73515aa797fd161d980b90364252f7b0100000000000000000000000000000000000000000000000000000000000000"
395949,370413,64,25536,"00000000000000000000000045f1a95a4d3f3836523f5c83673c797f4d4d263b0000000000000000000000000000000000000000000000000000000000043238"
396013,383569,32,12444,"4007749a7ddd3e3c852e34f857930b57d1771a6597e405ef508b052afe106768"
396045,383569,63,12476,"4007749a7ddd3e3c852e34f857930b57d1771a6597e405ef508b052afe10676800000000000000000000000000000000000000000000000000000000000000"
396108,354060,71,42048,"c000000000000000000000000000000000000000000000000000000000000002740000000000000000000000004d73adb72bc3dd368966edd0f0b2148401a178e2000000000000"
396181,395947,2,234,"006f"
396203,370667,205,25536,"00b745f1a95a4d3f3836523f5c83673c797f4d4d263b0000000000000000000000000000000000000000000000000000000000000001000000000000000000000000000000000000000000000000000000000000000d000000000000000000000000000000000000000000000000000000000000000d000000000000000000000000000000000000000000000000000000000000000000000000000000000000000000000000000000000000000000000000000000000000000000000000000000000000000000000000000000"
396417,395845,26,572,"0000000000000000000000000000000000000000000000000003"
396449,382307,28,14142,"00000000000000000000000000000000000000000000000000000006"
396480,376771,29,19709,"000000000000000000000000000000000000000000000000000000013b"
396513,394617,59,1896,"0000000000000000000000000000000000000000000000000000000000000000000000000000000000000000000000000000000000000000000001"
396572,396508,30,64,"3b71e36fae00000000000000000000000000000000000000000000000000"
396609,371073,96,25536,"00000000000000000000000000000000000000000000000000000000000001c000000000000000000000000000000000000000000000000000000000000002000000000000000000000000000000000000000000000000000000000000000014"
396705,348073,46,48632,"bc1fcfdcc84f22e7a88bcb485dd96e935f41455b0000000000000000000000000000000000000000000000000000"
396751,391596,80,5155,"00000000000000000000000000000000000000000000000000000000000082e7088080000000000000000000000000000000000000000000000000000000000000000000000000000000000000000000"
396835,371299,6,25536,"8435a4e90083"
396845,371348,20,25497,"7d5ba536ab244aaa1ea42ab88428847f25e3e676"
396872,396345,63,527,"000000000000000000000000000000000000000000000000000000000000000000000000000000000000000000000000000000000000000000000000000000"
396935,360466,63,36469,"400000000000000000000000000000000000000000000000000000000000000001000000000000000000000000000000000000000000000000000000000000"
397000,391626,55,5374,"82e70880800000000000000000000000000000000000000000000000000000000000000000000000000000000000000000000000000000"
397058,347107,4,49951,"7082e708"
397064,386246,12,10818,"842f5ee2be842f5ee2c88301"
397076,341514,42,55562,"635394176211869ca2b568f2a7d4ee941e073a821ee1ff80b844095ea7b3000000000000000000000000"
397118,375644,20,21474,"333d8b480bdb25ea7be4dd87eeb359988ce1b30d"
397138,360016,77,37122,"ffffffffffffffffffffffffffffffffffffffffffffffffffffffffffffffffc00000000000000000000000000000000000000000000000000000000000000000000000000000000000000000"
397215,386239,6,10976,"3002ee82e708"
397222,386246,88,10976,"842f5ee2be842f5ee2c883010b3694cce9d3f392c135dc038b147ca73ec496f7f89d938084183ff085c000000000000000000000000000000000000000000000000000000000000000000000000000000000000000000000"
397311,332159,3,65152,"da02f9"
397315,332163,4,65152,"d682e708"
397325,397320,4,5,"842f4879"
397334,347798,22,49536,"94678aa4bf4e210cf2166753e054d5b7c31cc7fa8686"
397361,386547,3,10814,"00b901"
397365,385478,35,11887,"5ae401dc0000000000000000000000000000000000000000000000000000000064fa86"
397401,360435,126,36966,"000000000000000000000000000000000000000000000000000000000000004000000000000000000000000000000000000000000000000000000000000000010000000000000000000000000000000000000000000000000000000000000020000000000000000000000000000000000000000000000000000000000000"
397527,385672,18,11855,"00e404e45aaf000000000000000000000000"
397545,386567,83,10978,"e5d7c2a44ffddf6b295a15c148167daaaf5cf34f000000000000000000000000176211869ca2b568f2a7d4ee941e073a821ee1ff00000000000000000000000000000000000000000000000000000000000000"
397629,371054,13,26575,"00000000000000000000000039"
397661,392452,27,5209,"00000000000000000000000000000000000000000000000000002d"
397688,397357,5,331,"79883d2000"
397693,397435,30,258,"000000000000000000000000000000000000000000000000000000000001"
397725,345623,98,52102,"000000000000000000000000000000000000000000000000000000000000000000000000000000000000000000000000000000000000000000000000c000000000000000000000000000000000000000000000000000000000000000000000000000"
397823,388447,7,9376,"5102f84e82e708"
397830,386114,3,11716,"15842f"
397833,397322,9,511,"48795e842f48796883"
397842,388466,109,9376,"010a3b949dba31e492b7e98b8195e254ee13b6b027e4a59d80a4a7f68792766f746500000000000000000000000000000000000000000000000000000000c000000000000000000000000000000000000000000000000000000000000000000000000000000000000000000001"
397951,361631,8,36320,"1b02f9011782e708"
397959,346055,3,51904,"14842f"
397962,397833,9,129,"48795e842f48796883"
397974,361654,22,36320,"948731d54e9d02c286767d56ac03e8037c07e01e9888"
398004,383914,37,14090,"b8e41114cd2a00000000000000000000000000000000000000000000000000000000000000"
398042,386099,13,11943,"0000000000000000000000004b"
398074,390696,56,7378,"00000000000000000000000000000000000000000000000000000000000000a0000000000000000000000000000000000000000000000000"
398137,393317,26,4820,"0000000000000000000000000000000000000000000000000026"
398169,396672,33,1497,"000000000000000000000000000000000000000000000000000000000000000014"
398202,398054,32,148,"4b1ffd7efe51b48fc19945fe78a1bb7a5260b897000000000000000000000000"
398235,397914,36,321,"000000000000000000000000000000000000000000000000000000000000000000000000"
398274,378177,4,20097,"ef82e708"
398279,397320,12,959,"842f48795e842f4879688303"
398294,387708,20,10586,"bc7f67fa9c72f9fccf917cbcee2a50deb031462a"
398314,380064,3,18250,"80b8c4"
398317,344635,35,53682,"8f6bdeaa00000000000000000000000000000000000000000000000000000000000000"
398353,396874,61,1479,"00000000000000000000000000000000000000000000000000000000000000000000000000000000000000000000000000000000000000000000000000"
398417,398385,30,32,"00000000000000000000000000000000000000000000000000000000007c"
398449,361491,60,36958,"000000000000000000000000fc0c2df02b1616b05c22b3044c582c4150cfd3a900000000000000000000000000000000000000000000000000000000"
398509,397397,3,1112,"64fa86"
398514,390994,46,7520,"0000000000000000000000000000000000000000000000000000000000000000000000000000000000000000002c"
398562,357668,5,40894,"82e7080b84"
398567,398280,11,287,"2f48795e842f4879688303"
398578,362996,3,35582,"575794"
398581,367756,20,30825,"1fea467a892870ca6ca752aaa3ef32c76d804855"
398604,356204,58,42400,"0000000000000000000000000000000000000000000000000000000000000000000000000000000000000000000000000000007102f86e82e708"
398663,388135,11,10528,"842f3ca5f9842f3ca60382"
398676,397078,40,1598,"94176211869ca2b568f2a7d4ee941e073a821ee1ff80b844095ea7b3000000000000000000000000"
398736,360016,78,38720,"ffffffffffffffffffffffffffffffffffffffffffffffffffffffffffffffffc0000000000000000000000000000000000000000000000000000000000000000000000000000000000000000000"
398815,371999,3,26816,"d402f9"
398819,372003,4,26816,"d082e708"
398824,398663,10,161,"842f3ca5f9842f3ca603"
398838,360374,24,38464,"94678aa4bf4e210cf2166753e054d5b7c31cc7fa8680b901"
398862,397364,181,1498,"a45ae401dc0000000000000000000000000000000000000000000000000000000064fa867d00000000000000000000000000000000000000000000000000000000000000400000000000000000000000000000000000000000000000000000000000000001000000000000000000000000000000000000000000000000000000000000002000000000000000000000000000000000000000000000000000000000000000e404e45aaf000000000000000000000000"
399043,397577,32,1466,"176211869ca2b568f2a7d4ee941e073a821ee1ff000000000000000000000000"
399075,360759,22,38316,"a219439258ca9da29e9cc4ce5596924745e12b930000"
399097,397599,42,1498,"000000000000000000000000000000000000000000000000000000000064000000000000000000000000"
399139,360643,50,38496,"5f92a40a6d582ef8856fa27fcd9189682b54f2a700000000000000000000000000000000000000000000000000000000029f"
399191,399159,29,32,"0000000000000000000000000000000000000000000000000000000002"
399223,345623,103,53600,"000000000000000000000000000000000000000000000000000000000000000000000000000000000000000000000000000000000000000000000000c0000000000000000000000000000000000000000000000000000000000000000000000000000000000000"
399326,398654,8,672,"007102f86e82e708"
399335,398663,11,672,"842f3ca5f9842f3ca60382"
399349,347363,20,51986,"9201f3b9dfab7c13cd659ac5695d12d605b5f1e6"
399369,363433,62,35936,"80b844095ea7b3000000000000000000000000f82537fb6c56a3b50092d3951f84f5f6c835b4f50000000000000000000000000000000000000000000000"
399431,347502,9,51929,"04af60188dc3f016c2"
399440,398768,47,672,"c000000000000000000000000000000000000000000000000000000000000000000000000000000000000000000001"
399488,398816,3,672,"02f901"
399492,341667,5,57825,"82e7081784"
399497,398825,10,672,"2f3ca5f9842f3ca60383"
399510,385453,21,14057,"94f82537fb6c56a3b50092d3951f84f5f6c835b4f5"
399537,376849,4,22688,"0000b901"
399541,397364,213,2177,"a45ae401dc0000000000000000000000000000000000000000000000000000000064fa867d00000000000000000000000000000000000000000000000000000000000000400000000000000000000000000000000000000000000000000000000000000001000000000000000000000000000000000000000000000000000000000000002000000000000000000000000000000000000000000000000000000000000000e404e45aaf000000000000000000000000e5d7c2a44ffddf6b295a15c148167daaaf5cf34f000000000000000000000000"
399754,376902,51,22852,"7d43aabc515c356145049227cee54b608342c0ad00000000000000000000000000000000000000000000000000000000000000"
399806,399793,12,13,"000000000000000000000000"
399818,367576,20,32242,"9344dc76389a6f8aa2cdbf0ff21240282d3bc1e9"
399838,399780,25,58,"00000000000000000000000000000000000000000000000000"
399863,399532,7,331,"6a94d74f430000"
399870,381255,25,18615,"000000000000000000000000000000000000000000000002a8"
399902,399223,96,679,"000000000000000000000000000000000000000000000000000000000000000000000000000000000000000000000000000000000000000000000000c00000000000000000000000000000000000000000000000000000000000000000000000"
399998,387006,9,12992,"013302f9012f82e708"
400007,361639,3,38368,"07842f"
400010,359594,136,40416,"1f97d6842f1f97e0827e5494d1a3abf42f9e66be86cfdea8c5c2c74f041c5e1480b901045b7d7482000000000000000000000000000000000000000000000000000000000000004000000000000000000000000000000000000000000000000000000000000000a00000000000000000000000000000000000000000000000000000000000000040"
400146,362886,3,37260,"643861"
400163,375903,3,24260,"646661"
400172,348625,3,51547,"663131"
400175,359839,3,40336,"646131"
400178,375155,3,25023,"623233"
400184,348502,3,51682,"653264"
400191,359735,3,40456,"653934"
400209,378033,33,22176,"610000000000000000000000000000000000000000000000000000000000000040"
400246,387269,3,12977,"386261"
400249,348549,3,51700,"343938"
400252,378069,3,22183,"336235"
400256,370022,3,30234,"613234"
400269,362914,3,37355,"353665"
400274,400171,3,103,"626631"
400278,387254,3,13024,"623531"
400288,362879,3,37409,"366339"
400291,376016,3,24275,"356436"
400296,400279,4,17,"35313730"
400306,348658,52,51648,"c000000000000000000000000000000000000000000000000000000000000000000000000000000000000000005102f84e82e708"
400364,400359,4,5,"842dd21b"
400369,364049,110,36320,"8303291b947e23def33dee73a4db90c4dab6591c8ff1b3180d80a4efef39a10000000000000000000000000000000000000000000000000000000000000001c000000000000000000000000000000000000000000000000000000000000000000000000000000000000000000001"
400479,399999,8,480,"3302f9012f82e708"
400488,388295,10,12193,"842dc6a61e842dc6a626"
400498,400018,128,480,"827e5494d1a3abf42f9e66be86cfdea8c5c2c74f041c5e1480b901045b7d7482000000000000000000000000000000000000000000000000000000000000004000000000000000000000000000000000000000000000000000000000000000a00000000000000000000000000000000000000000000000000000000000000040"
400628,362924,3,37704,"373564"
400636,362818,3,37818,"633834"
400642,378122,3,22520,"376135"
400652,400627,3,25,"313735"
400656,346346,4,54310,"31386233"
400660,375038,3,25622,"633330"
400663,362823,3,37840,"353164"
400675,346319,3,54356,"363964"
400685,376043,4,24642,"65613364"
400690,400594,32,96,"0000000000000000000000000000000000000000000000000000000000000040"
400723,362802,3,37921,"626164"
400726,400250,3,476,"393833"
400730,375173,3,25557,"393937"
400737,359836,3,40901,"633163"
400748,362922,3,37826,"313037"
400754,378123,3,22631,"613533"
400759,400264,3,495,"366330"
400768,346250,3,54518,"323765"
400772,387155,3,13617,"363832"
400777,378100,3,22677,"353266"
400780,400727,3,53,"383361"
400786,362930,45,37856,"c00000000000000000000000000000000000000000000000000000000000000000000000000000000000000001"
400831,390527,53,10304,"0df9010a01842aea5400829d78940872ec4426103482a50f26ffc32acefcec61b3c980b8e4f242432a000000000000000000000000"
400884,392152,20,8732,"e172923f87742d3e4901c06949bdf66a1cbd616b"
400904,378920,256,21984,"000000000000000000000000aec3cacef9457ff2821d9f85429ce3d90b0014590000000000000000000000000000000000000000000000000000000000000005000000000000000000000000000000000000000000000000000000000000000100000000000000000000000000000000000000000000000000000000000000a00000000000000000000000000000000000000000000000000000000000000000000000000000000000000000000000000000000000000000000000000000000082e708808000000000000000000000000000000000000000000000000000000000000000000000000000000000000000000000000000010df9010a01842aea54"
400904,378920,44,21984,"000000000000000000000000aec3cacef9457ff2821d9f85429ce3d90b001459000000000000000000000000"
401204,392132,20,9072,"af84526a957f7442ac539ad33d15aa6f6057ae30"
401224,400904,256,320,"000000000000000000000000aec3cacef9457ff2821d9f85429ce3d90b0014590000000000000000000000000000000000000000000000000000000000000005000000000000000000000000000000000000000000000000000000000000000100000000000000000000000000000000000000000000000000000000000000a00000000000000000000000000000000000000000000000000000000000000000000000000000000000000000000000000000000000000000000000000000000082e708808000000000000000000000000000000000000000000000000000000000000000000000000000000000000000000000000000010df9010a01842aea54"
401224,400904,44,320,"000000000000000000000000aec3cacef9457ff2821d9f85429ce3d90b001459000000000000000000000000"
401524,392112,20,9412,"b5b936533cc57bda2ab9a7fe2e5e9e987dd9489c"
401544,379240,256,22304,"000000000000000000000000aec3cacef9457ff2821d9f85429ce3d90b0014590000000000000000000000000000000000000000000000000000000000000005000000000000000000000000000000000000000000000000000000000000000100000000000000000000000000000000000000000000000000000000000000a00000000000000000000000000000000000000000000000000000000000000000000000000000000000000000000000000000000000000000000000000000000082e70880800000000000000000000000000000000000000000000000000000000000000000000000000000000000000000000000000001eff901ec80842aea54"
401544,379240,225,22304,"000000000000000000000000aec3cacef9457ff2821d9f85429ce3d90b0014590000000000000000000000000000000000000000000000000000000000000005000000000000000000000000000000000000000000000000000000000000000100000000000000000000000000000000000000000000000000000000000000a00000000000000000000000000000000000000000000000000000000000000000000000000000000000000000000000000000000000000000000000000000000082e708808000000000000000000000000000000000000000000000000000000000"
402026,391370,160,10656,"00000000000000000000000000000000000000000000000000000000000000000000000000000000000000000000000000000000000000000000000000000005000000000000000000000000000000000000000000000000000000000000000000000000000000000000000000000000000000000000000000000000000001400000000000000000000000000000000000000000000000000000000000000041"
402250,389898,256,12352,"1b0000000000000000000000000000000000000000000000000000000000000082e7088080000000000000000000000000000000000000000000000000000000000000000000000000000000000000000000000001eff901ec80842aea540083015f90940872ec4426103482a50f26ffc32acefcec61b3c980b901c4d4dfd6bc0000000000000000000000000000000000000000000000000000000000000000000000000000000000000000000000000000000000000000000000000000000000000000000000000000000000000000000000000000000000000000000000000000000000000000000000000000000000000000000000000000000000000001"
402250,389898,63,12352,"1b0000000000000000000000000000000000000000000000000000000000000082e70880800000000000000000000000000000000000000000000000000000"
402570,402026,160,544,"00000000000000000000000000000000000000000000000000000000000000000000000000000000000000000000000000000000000000000000000000000005000000000000000000000000000000000000000000000000000000000000000000000000000000000000000000000000000000000000000000000000000001400000000000000000000000000000000000000000000000000000000000000041"
402732,402728,1,4,"00"
402794,402250,256,544,"1b0000000000000000000000000000000000000000000000000000000000000082e7088080000000000000000000000000000000000000000000000000000000000000000000000000000000000000000000000001eff901ec80842aea540083015f90940872ec4426103482a50f26ffc32acefcec61b3c980b901c4d4dfd6bc0000000000000000000000000000000000000000000000000000000000000000000000000000000000000000000000000000000000000000000000000000000000000000000000000000000000000000000000000000000000000000000000000000000000000000000000000000000000000000000000000000000000000001"
402794,402250,62,544,"1b0000000000000000000000000000000000000000000000000000000000000082e708808000000000000000000000000000000000000000000000000000"
403114,402570,160,544,"00000000000000000000000000000000000000000000000000000000000000000000000000000000000000000000000000000000000000000000000000000005000000000000000000000000000000000000000000000000000000000000000000000000000000000000000000000000000000000000000000000000000001400000000000000000000000000000000000000000000000000000000000000041"
403338,402794,84,544,"1b0000000000000000000000000000000000000000000000000000000000000082e70880800000000000000000000000000000000000000000000000000000000000000000000000000000000000000000000000"
403422,391038,13,12384,"002ceb53842aea540082520894"
403455,390975,66,12480,"865af3107a40008082e70880800000000000000000000000000000000000000000000000000000000000000000000000000000000000000000000000000000002ceb"
403522,403426,9,96,"842aea540082520894"
403551,351039,75,52512,"865af3107a40008082e7088080000000000000000000000000000000000000000000000000000000000000000000000000000000000000000000000000000000ecf8ea01842aea5400829b"
403627,380043,40,23584,"940872ec4426103482a50f26ffc32acefcec61b3c980b8c4f242432a000000000000000000000000"
403667,392252,32,11415,"7fc357002e8c81d43a8f568a336c76a7b5742830000000000000000000000000"
403699,351187,204,52512,"01e4a663fffaf1430d3a36588b2c14b72231d8b40000000000000000000000000000000000000000000000000000000000000005000000000000000000000000000000000000000000000000000000000000000100000000000000000000000000000000000000000000000000000000000000a0000000000000000000000000000000000000000000000000000000000000000082e7088080000000000000000000000000000000000000000000000000000000000000000000000000000000000000000000000000000000"
403903,380863,4,23040,"2eed8202"
403908,403522,9,386,"842aea540082520894"
403937,351617,94,52320,"8654953ff6d0008082e7088080000000000000000000000000000000000000000000000000000000000000000000000000000000000000000000000000000000000000000000000000000000000000000000000000000000000000000002"
404032,391712,20,12320,"45a318273749d6eb00f5f6ca3bc7cd3de26d642a"
404052,404032,20,20,"45a318273749d6eb00f5f6ca3bc7cd3de26d642a"
404092,391732,20,12360,"b8ff877ed78ba520ece21b1de7843a8a57ca47cb"
404112,381360,40,22752,"e93685f3bba03016f02bd1828badd6195988d9503d391afffed2255a2dd00325c3a96a5a8e023ff8"
404152,367596,20,36556,"5ba5e30b05aa61cc6114292c1abaf9929d591965"
404192,397641,20,6551,"3953edc69bfad109c8b6a94070adb327cbe40f07"
404232,398202,20,6030,"4b1ffd7efe51b48fc19945fe78a1bb7a5260b897"
404252,398461,20,5791,"fc0c2df02b1616b05c22b3044c582c4150cfd3a9"
404272,398581,20,5691,"1fea467a892870ca6ca752aaa3ef32c76d804855"
404312,399139,20,5173,"5f92a40a6d582ef8856fa27fcd9189682b54f2a7"
404332,351972,20,52360,"f989d774bca0fe1263f023a3374762a42662cce5"
404352,399818,20,4534,"9344dc76389a6f8aa2cdbf0ff21240282d3bc1e9"
404432,400884,20,3548,"e172923f87742d3e4901c06949bdf66a1cbd616b"
404452,401204,20,3248,"af84526a957f7442ac539ad33d15aa6f6057ae30"
404472,380971,21,23501,"b5b936533cc57bda2ab9a7fe2e5e9e987dd9489c86"
404493,390860,19,13633,"bd5a2f0f0fd82bcaa58d4972f759c6f59eb419"
404512,390955,20,13557,"41ce91d0d223b281f43713139de7bddaff44525a"
404532,391051,20,13481,"c764a565c1f8f0e27a499dced1c56548046c0b1b"
404592,403667,20,925,"7fc357002e8c81d43a8f568a336c76a7b5742830"
404612,352252,60,52360,"01e4a663fffaf1430d3a36588b2c14b72231d8b400000000000000000000000000000000000000000000000000000000000000000000000000000000"
404704,392352,31,12352,"0000000000000000000000000000000000000000000000000000000064fa85"
404736,399931,62,4805,"00000000000000000000000000000000000000000000000000000000000000c0000000000000000000000000000000000000000000000000000000000000"
404800,404768,31,32,"00000000000000000000000000000000000000000000000000000000000045"
404832,404800,30,32,"000000000000000000000000000000000000000000000000000000000000"
404864,404736,31,128,"00000000000000000000000000000000000000000000000000000000000000"
404896,382272,62,22624,"00000000000000000000000000000000000000000000000000000000000003e0000000000000000000000000000000000000000000000000000000000000"
404958,368542,64,36416,"044000000000000000000000000000000000000000000000000000000000000004a0000000000000000000000000000000000000000000000000000000000000"
405023,392927,32,12096,"4000000000000000000000000000000000000000000000000000000000000017"
405055,399642,32,5413,"0000000000000000000000000000000000000000000000000000000000000020"
405088,393216,62,11872,"0000000000000000000000000000000000000000000000000000000000002180000000000000000000000000000000000000000000000000000000000000"
405152,393440,62,11712,"0000000000000000000000000000000000000000000000000000000000002b20000000000000000000000000000000000000000000000000000000000000"
405216,339809,31,65407,"0000000000000000000000000000000000000000000000000000000000002f"
405248,369568,62,35680,"0000000000000000000000000000000000000000000000000000000000003140000000000000000000000000000000000000000000000000000000000000"
405311,353599,32,51712,"a000000000000000000000000000000000000000000000000000000000000032"
405344,405312,31,32,"00000000000000000000000000000000000000000000000000000000000032"
405376,359457,31,45919,"00000000000000000000000000000000000000000000000000000000000033"
405408,353632,62,51776,"00000000000000000000000000000000000000000000000000000000000034e0000000000000000000000000000000000000000000000000000000000000"
405472,405440,31,32,"00000000000000000000000000000000000000000000000000000000000035"
405504,393601,31,11903,"00000000000000000000000000000000000000000000000000000000000036"
405536,353760,31,51776,"00000000000000000000000000000000000000000000000000000000000037"
405568,405536,30,32,"000000000000000000000000000000000000000000000000000000000000"
405599,405055,31,544,"00000000000000000000000000000000000000000000000000000000000000"
405632,352448,31,53184,"0000000000000000000000000000000000000000000000000000000000003a"
405664,405632,30,32,"000000000000000000000000000000000000000000000000000000000000"
405695,405599,31,96,"00000000000000000000000000000000000000000000000000000000000000"
405728,394841,31,10887,"0000000000000000000000000000000000000000000000000000000000003f"
405760,403243,31,2517,"00000000000000000000000000000000000000000000000000000000000041"
405792,405760,31,32,"00000000000000000000000000000000000000000000000000000000000041"
405824,360728,31,45096,"00000000000000000000000000000000000000000000000000000000000042"
405856,405824,31,32,"00000000000000000000000000000000000000000000000000000000000042"
405887,383135,40,22752,"a0000000000000000000000000000000000000000000000000000000000000003602f482e70882ab"
405928,393640,16,12288,"8502040eba5285026b44df95825a3c94"
405964,393580,51,12384,"87354a6ba7a1800780c00000000000000000000000000000000000000000000000000000000000000000000000000000000000"
406015,397215,6,8800,"3002ee82e708"
406022,369832,10,36190,"8459682f008459682f08"
406032,397232,78,8800,"83010b3694cce9d3f392c135dc038b147ca73ec496f7f89d938084183ff085c000000000000000000000000000000000000000000000000000000000000000000000000000000000000000000000"
406126,370227,20,35899,"6352a56caadc4f1e25cd6c75970fa768a3304e64"
406154,405170,13,984,"0000000000000000000000002b"
406186,393909,63,12277,"000000000000000000000000000000000000000000000000000000000000006000000000000000000000000000000000000000000000000000000000000001"
406250,399742,44,6508,"0000000000000000000000007d43aabc515c356145049227cee54b608342c0ad000000000000000000000000"
406294,384486,32,21808,"eeeeeeeeeeeeeeeeeeeeeeeeeeeeeeeeeeeeeeee000000000000000000000000"
406326,406166,32,160,"2b5f704ab7061fb4dbfc5876b024f4bdb2f5e8b6000000000000000000000000"
406358,381340,20,25018,"4ff7308017c6c7ccfce40c2e08efce91259d639f"
406378,370247,32,36131,"000000000000000000000000000000000000000000000008d95803f08658e05e"
406410,406224,25,186,"00000000000000000000000000000000000000000000000001"
406442,406410,25,32,"00000000000000000000000000000000000000000000000001"
406474,385774,44,20700,"0000000000000000000000000000000000000000000000000000000000000002000000000000000000000000"
406538,403210,63,3328,"000000000000000000000000000000000000000000000000000000000000014000000000000000000000000000000000000000000000000000000000000000"
406601,403145,64,3456,"00000000000000000000000000000000000000000000000000000000000000000500000000000000000000000000000000000000000000000000000000000000"
406666,352544,62,54122,"00000000000000000000000000000000000000000000000000000000000004e0000000000000000000000000000000000000000000000000000000000000"
406730,371005,31,35725,"00000000000000000000000000000000000000000000000000000000000008"
406762,396968,31,9794,"0000000000000000000000000000000000000000000000000000000000000a"
406793,384569,128,22224,"0000000000000000000000000000000000000000000000000000000000000000000000000000000000000000000000000000000000000000000000000000000000000000000000000000000000000000000000000000000000000000000000000000000000000000000000000000000000000000000000000000000000000000"
406921,382271,32,24650,"8000000000000000000000000000000000000000000000000000000000000003"
406958,399742,47,7216,"0000000000000000000000007d43aabc515c356145049227cee54b608342c0ad000000000000000000000000000000"
407006,403767,47,3239,"0000000000000000000000000000000100000000000000000000000000000000000000000000000000000000000000"
407053,406921,32,132,"8000000000000000000000000000000000000000000000000000000000000003"
407085,341913,96,65172,"200000000000000000000000000000000000000000000000000000000000000002000000000000000000000000000000000000000000000000000000000000004000000000000000000000000000000000000000000000000000000000000001"
407182,406794,158,388,"0000000000000000000000000000000000000000000000000000000000000000000000000000000000000000000000000000000000000000000000000000000000000000000000000000000000000000000000000000000000000000000000000000000000000000000000000000000000000000000000000000000000000080000000000000000000000000000000000000000000000000000000000000"
407340,404731,2,2609,"0064"
407346,406958,44,388,"0000000000000000000000007d43aabc515c356145049227cee54b608342c0ad000000000000000000000000"
407410,406378,56,1032,"000000000000000000000000000000000000000000000008d95803f08658e05e000000000000000000000000000000000000000000000000"
407466,399311,17,8155,"0000000000000000000000000000000071"
407483,407391,42,92,"60570bb153edd0ea1775ec2b2ac9b65f1ab61b0000000000000000000000000000000000000000000000"
407525,407237,105,288,"000000000000000000000000000000000000000000000000000000000000000000000000000000000000000000000000000000000000000000000000000000000000000000000000800000000000000000000000000000000000000000000000000000000000000064"
407634,407346,44,288,"0000000000000000000000007d43aabc515c356145049227cee54b608342c0ad000000000000000000000000"
407678,371521,43,36157,"7f72e0d8e9abf9133a92322b8b50bd8e0f9dcfcb0000000000000000000000000000000000000000000000"
407721,407433,49,288,"08d95803f08658e05e00000000000000000000000000000000000000000000000000000000000000000000000000000000"
407770,407098,51,672,"000000000000000000000000000000000000000200000000000000000000000000000000000000000000000000000000000000"
407822,407790,63,32,"000000000000000000000000000000000000000000000000000000000000004400000000000000000000000000000000000000000000000000000000000000"
407885,371512,60,36373,"0000000000000000007f72e0d8e9abf9133a92322b8b50bd8e0f9dcfcb00000000000000000000000000000000000000000000000000000000000000"
407945,407533,95,412,"0000000000000000000000000000000000000000000000000000000000000000000000000000000000000000000000000000000000000000000000000000000080000000000000000000000000000000000000000000000000000000000000"
408046,407978,44,68,"0000000000000000000000000000000000000000000000000000000000000080000000000000000000000000"
408090,406166,51,1924,"2b5f704ab7061fb4dbfc5876b024f4bdb2f5e8b600000000000000000000000000000000000000000000000000000000000000"
408141,376563,77,31578,"0000000000000000000000000000000000000000000000000000000000000001000000000000000000000000000000000000000000000000000000000000000060000000000000000000000000"
408218,407646,32,572,"7d43aabc515c356145049227cee54b608342c0ad000000000000000000000000"
408250,408090,51,160,"2b5f704ab7061fb4dbfc5876b024f4bdb2f5e8b600000000000000000000000000000000000000000000000000000000000000"
408302,384538,159,23764,"000000000000000000000000000000000000000000000000000000000000000000000000000000000000000000000000000000000000000000000000000000000000000000000000000000000000000000000000000000000000000000000000000000000000000000000000000000000000000000000000000000000000000000000000000000000000000000000000000000000000000000000000000000"
408461,407981,60,480,"000000000000000000000000000000000000000000000000000000008000000000000000000000000000000000000000000000000000000000000001"
408526,385710,47,22816,"000000000000000000000000e5d7c2a44ffddf6b295a15c148167daaaf5cf34f000000000000000000000000000000"
408573,407005,79,1568,"01000000000000000000000000000000010000000000000000000000000000000000000000000000000000000000000080000000000000000000000000000000000000000000000000000000000000"
408652,384536,14,24116,"0004000000000000000000000000"
408666,385722,50,22944,"e5d7c2a44ffddf6b295a15c148167daaaf5cf34f000000000000000000000000000000000000000000000000000000000000"
408716,407532,97,1184,"00000000000000000000000000000000000000000000000000000000000000000000000000000000000000000000000000000000000000000000000000000000008000000000000000000000000000000000000000000000000000000000000000"
408814,386146,28,22668,"2e1a7d4d000000000000000000000000000000000000000000000000"
408842,394897,99,13945,"000000000000000100000000000000000000000000000000000000000000000000000000000000000000000000000000000000000000000000000000000000000000000000000000000000000000000000000000000000000000000000000000000000"
408941,407505,125,1436,"0000000000000000000000000000000000000000000000000000000000000000000000000000000000000000000000000000000000000000000000000000000000000000000000000000000000000000000000000000000000000000800000000000000000000000000000000000000000000000000000000000000064"
409070,406282,44,2788,"000000000000000000000000eeeeeeeeeeeeeeeeeeeeeeeeeeeeeeeeeeeeeeee000000000000000000000000"
409136,406444,61,2692,"00000000000000000000000000000000000000000000015eea94ff9a1f9000000000000000000000000000000000000000000000000000000000000000"
409197,408365,156,832,"000000000000000000000000000000000000000000000000000000000000000000000000000000000000000000000000000000000000000000000000000000000000000000000000000000000000000000000000000000000000000000000000000000000000000000000000000000000000000000000000000000008000000000000000000000000000000000000000000000000000000000000001"
409354,408522,16,832,"9f865422000000000000000000000000"
409370,384486,35,24884,"eeeeeeeeeeeeeeeeeeeeeeeeeeeeeeeeeeeeeeee000000000000000000000000000000"
409405,408573,80,832,"0100000000000000000000000000000001000000000000000000000000000000000000000000000000000000000000008000000000000000000000000000000000000000000000000000000000000000"
409486,408906,160,580,"00000000000000000000000000000000000000000000000000000000000000000000000000000000000000000000000000000000000000000000000000000000000000000000000000000000000000000000000000000000000000000000000000000000000000000000000000000000000000000000000000000000000000800000000000000000000000000000000000000000000000000000000000000064"
409650,409358,44,292,"000000000000000000000000eeeeeeeeeeeeeeeeeeeeeeeeeeeeeeeeeeeeeeee000000000000000000000000"
409694,406358,43,3336,"4ff7308017c6c7ccfce40c2e08efce91259d639f0000000000000000000000000000000000000000000000"
409737,408841,65,896,"0000000000000000010000000000000000000000000000000000000000000000000000000000000000000000000000000000000000000000000000000000000000"
409802,403945,52,5857,"82e70880800000000000000000000000000000000000000000000000000000000000000000000000000000000000000000000000"
409854,395870,8,13984,"0392f9038f830305"
409868,370348,129,39520,"8313f7c094a658742d33ebd2ce2f0bdff73515aa797fd161d980b90364252f7b0100000000000000000000000000000000000000000000000000000000000000b800000000000000000000000045f1a95a4d3f3836523f5c83673c797f4d4d263b0000000000000000000000000000000000000000000000000000000000043238"
409997,395569,32,14428,"14443f92ad1d65930b6131fc3161a7dae90179580ac8b10df705479935ebce1b"
410029,395569,63,14460,"14443f92ad1d65930b6131fc3161a7dae90179580ac8b10df705479935ebce1b00000000000000000000000000000000000000000000000000000000000000"
410092,370572,72,39520,"c0000000000000000000000000000000000000000000000000000000000000027400000000000000000000000038de71124f7a447a01d67945a51edce9ff491251000000000000a2"
410165,370645,197,39520,"00b8af54be5b6eec24d6bfacf1cce4eaf680a823939800b745f1a95a4d3f3836523f5c83673c797f4d4d263b0000000000000000000000000000000000000000000000000000000000000001000000000000000000000000000000000000000000000000000000000000000d000000000000000000000000000000000000000000000000000000000000000d000000000000000000000000000000000000000000000000000000000000000000000000000000000000000000000000000000000000000000"
410369,355297,57,55072,"00000000000000000000000000000000000000000000002822ebf22f2cdf6ce300000000000000000000000000000000000000000000000000"
410426,387419,2,23007,"006d"
410432,410333,29,99,"0000000000000000000000000000000000000000000000000000000000"
410464,409521,92,943,"0000000000000000000000000000000000000000000000000000000000000000000000000000000000000000000000000000000000000000000000000000000000000000000000000000000000000000000000000000000000000000"
410560,371268,28,39292,"0000000000000000000000000000000000000000000000000000006d"
410592,355520,97,55072,"0000000000000000000000000000000000000000000000000000000000000001c000000000000000000000000000000000000000000000000000000000000002000000000000000000000000000000000000000000000000000000000000000014"
410704,379219,2,31485,"009c"
410709,409746,105,963,"000000000000000000000000000000000000000000000000000000000000000000000000000000000000000000000000000000000000000082e70880800000000000000000000000000000000000000000000000000000000000000000000000000000000000000000"
410820,364035,5,46785,"82e7081f84"
410825,356264,9,54561,"32a9f8808432a9f880"
410839,356316,20,54523,"6131b5fae19ea4f9d964eac0408e4408b66337b5"
410867,399642,44,11225,"0000000000000000000000000000000000000000000000000000000000000020000000000000000000000000"
410931,410493,63,438,"000000000000000000000000000000000000000000000000000000000000000000000000000000000000000000000000000000000000000000000000000000"
410994,368575,63,42419,"a00000000000000000000000000000000000000000000000000000000000000500000000000000000000000000000000000000000000000000000000000000"
411058,404959,32,6099,"4000000000000000000000000000000000000000000000000000000000000004"
411091,399642,63,11449,"000000000000000000000000000000000000000000000000000000000000002000000000000000000000000000000000000000000000000000000000000000"
411155,399063,44,12092,"000000000000000000000000a219439258ca9da29e9cc4ce5596924745e12b93000000000000000000000000"
411199,376640,32,34559,"4af15ec2a0bd43db75dd04e62faa3b8ef36b00d5000000000000000000000000"
411231,367376,20,43855,"0fe7561bc2a17115c5ad8284f29995c07c54e973"
411251,386683,31,24568,"0000000000000000000000000000000000000000000000000000000064fa89"
411283,404896,62,6387,"00000000000000000000000000000000000000000000000000000000000003e0000000000000000000000000000000000000000000000000000000000000"
411345,399640,65,11705,"0001000000000000000000000000000000000000000000000000000000000000002000000000000000000000000000000000000000000000000000000000000000"
411410,407117,64,4293,"02000000000000000000000000000000000000000000000000000000000000004000000000000000000000000000000000000000000000000000000000000001"
411475,387218,33,24257,"000000000000000000000000000000000000000000000000000000000000004063"
411511,411383,59,128,"0000000000000000000000000000000000000000000000000000000200000000000000000000000000000000000000000000000000000000000000"
411571,410899,44,672,"000000000000000000000000d1b47490209ccb7a806e8a45d9479490c040abf4000000000000000000000000"
411635,411155,44,480,"000000000000000000000000a219439258ca9da29e9cc4ce5596924745e12b93000000000000000000000000"
411679,397577,49,14102,"176211869ca2b568f2a7d4ee941e073a821ee1ff0000000000000000000000000000000000000000000000000000000000"
411731,409518,95,2213,"0000000000000000000000000000000000000000000000000000000000000000000000000000000000000000000000000000000000000000000000000000000000000000000000000000000000000000000000000000000000000000000000"
411826,411506,109,320,"4063407a490000000000000000000000000000000000000000000000000000000200000000000000000000000000000000000000000000000000000000000000e0000000000000000000000000d1b47490209ccb7a806e8a45d9479490c040abf4000000000000000000000000"
411955,411667,44,288,"000000000000000000000000176211869ca2b568f2a7d4ee941e073a821ee1ff000000000000000000000000"
411999,360805,49,51194,"4af15ec2a0bd43db75dd04e62faa3b8ef36b00d50000000000000000000000000000000000000000000000000000000000"
412051,411731,95,320,"0000000000000000000000000000000000000000000000000000000000000000000000000000000000000000000000000000000000000000000000000000000000000000000000000000000000000000000000000000000000000000000000"
412147,406100,11,6047,"000000000000000000000e"
412163,356352,10,55811,"0000000000000000e239"
412179,411155,76,1024,"000000000000000000000000a219439258ca9da29e9cc4ce5596924745e12b930000000000000000000000004af15ec2a0bd43db75dd04e62faa3b8ef36b00d5000000000000000000000000"
412255,407162,50,5093,"0000000000000000000000000000000000000160000000000000000000000000000000000000000000000000000000000000"
412306,372146,32,40160,"a000000000000000000000000000000000000000000000000000000000000001"
412339,411380,44,959,"0000000000000000000000000000000000000000000000000000000000000200000000000000000000000000"
412383,411231,48,1152,"0fe7561bc2a17115c5ad8284f29995c07c54e97300000000000000000000000000000000000000000000000000000000"
412431,411727,28,704,"00f8e335000000000000000000000000000000000000000000000000"
412467,403968,63,8499,"000000000000000000000000000000000000000000000000000000000000000000000000000000000000000000000000000000000000000000000000000002"
412531,411315,44,1216,"0000000000000000000000000000000000000000000000000000000000000001000000000000000000000000"
412575,410911,51,1664,"d1b47490209ccb7a806e8a45d9479490c040abf400000000000000000000000000000000000000000000000000000000000000"
412627,411699,127,928,"0000000000000000000000000000000000000000000000000000000000f8e3350000000000000000000000000000000000000000000000000000000000000000000000000000000000000000000000000000000000000000000000000000000000000000000000000000000000000000000000000000000000000000000000"
412754,412595,32,159,"0000000000000000000000000000000000000000000000000000000000000001"
412821,412795,3,26,"223a22"
412829,370076,3,42753,"303032"
412836,412807,9,29,"222c22416d6f756e74"
412848,412818,11,30,"555344223a2231362e3336"
412865,362777,3,50088,"383731"
412871,412836,3,35,"222c22"
412882,412851,3,31,"223a22"
412885,412871,3,14,"222c22"
412919,412850,5,69,"44223a2231"
412924,412885,3,39,"222c22"
412935,412794,4,141,"65223a22"
412993,375177,3,37816,"346631"
413139,377984,3,35155,"653832"
413184,376004,3,37180,"313763"
413267,400207,3,13060,"363461"
413286,399270,57,14016,"00000000000000000000000000c000000000000000000000000000000000000000000000000000000000000000000000000000000000000000"
413343,388287,7,25056,"7202f86f82e708"
413356,413351,3,5,"8430a3"
413365,403627,23,9738,"940872ec4426103482a50f26ffc32acefcec61b3c980b8"
413388,386379,17,27009,"44a22cb465000000000000000000000000"
413425,400400,77,13025,"0000000000000000000000000000000000000000000000000000000000000001c00000000000000000000000000000000000000000000000000000000000000000000000000000000000000000"
413508,413347,3,161,"82e708"
413512,413351,11,161,"8430a322fd8430a3230b83"
413527,413405,20,122,"0cab6977a9c70e04458b740476b498b214019641"
413553,399538,2,14015,"00b9"
413561,403105,6,10456,"000000000065"
413605,409662,20,3943,"eeeeeeeeeeeeeeeeeeeeeeeeeeeeeeeeeeeeeeee"
413636,413565,1,71,"00"
413661,413501,2,160,"0007"
413705,413661,1,44,"00"
413721,410061,62,3660,"00000000000000000000000000000000000000000000000000000000000000c0000000000000000000000000000000000000000000000000000000000000"
413786,408194,12,5592,"000000000000000000000060"
413817,405373,2,8444,"0032"
413820,413791,6,29,"000000000000"
413829,413573,20,256,"2275fe0244d75b42dfcf1774f50c7bd83f6e163d"
413849,413820,6,29,"000000000000"
413855,413548,6,307,"5adbc8035800"
413861,405100,19,8761,"00000000000000000000000000000000000021"
413881,413849,30,32,"0000000000005adbc8035800000000000000000000000000000000000000"
413913,413881,31,32,"0000000000005adbc80358000000000000000000000000000000000000001c"
413945,413849,31,96,"0000000000005adbc803580000000000000000000000000000000000000021"
413977,413945,31,32,"0000000000005adbc803580000000000000000000000000000000000000021"
414009,413913,31,96,"0000000000005adbc80358000000000000000000000000000000000000001c"
414041,413977,31,64,"0000000000005adbc803580000000000000000000000000000000000000021"
414073,414009,31,64,"0000000000005adbc80358000000000000000000000000000000000000001c"
414105,414041,31,64,"0000000000005adbc803580000000000000000000000000000000000000021"
414137,414073,31,64,"0000000000005adbc80358000000000000000000000000000000000000001c"
414169,414137,31,32,"0000000000005adbc80358000000000000000000000000000000000000001c"
414201,414169,31,32,"0000000000005adbc80358000000000000000000000000000000000000001c"
414233,414105,31,128,"0000000000005adbc803580000000000000000000000000000000000000021"
414265,414233,31,32,"0000000000005adbc803580000000000000000000000000000000000000021"
414297,414265,31,32,"0000000000005adbc803580000000000000000000000000000000000000021"
414329,414201,31,128,"0000000000005adbc80358000000000000000000000000000000000000001c"
414361,414297,31,64,"0000000000005adbc803580000000000000000000000000000000000000021"
414393,414361,31,32,"0000000000005adbc803580000000000000000000000000000000000000021"
414425,414393,31,32,"0000000000005adbc803580000000000000000000000000000000000000021"
414457,414329,31,128,"0000000000005adbc80358000000000000000000000000000000000000001c"
414489,414425,31,64,"0000000000005adbc803580000000000000000000000000000000000000021"
414521,414489,31,32,"0000000000005adbc803580000000000000000000000000000000000000021"
414553,414457,31,96,"0000000000005adbc80358000000000000000000000000000000000000001c"
414585,414521,31,64,"0000000000005adbc803580000000000000000000000000000000000000021"
414617,414553,31,64,"0000000000005adbc80358000000000000000000000000000000000000001c"
414649,414585,31,64,"0000000000005adbc803580000000000000000000000000000000000000021"
414681,414617,31,64,"0000000000005adbc80358000000000000000000000000000000000000001c"
414713,414649,31,64,"0000000000005adbc803580000000000000000000000000000000000000021"
414745,414713,31,32,"0000000000005adbc803580000000000000000000000000000000000000021"
414777,414681,31,96,"0000000000005adbc80358000000000000000000000000000000000000001c"
414809,414777,31,32,"0000000000005adbc80358000000000000000000000000000000000000001c"
414841,414809,30,32,"0000000000005adbc8035800000000000000000000000000000000000000"
414873,414841,31,32,"0000000000005adbc803580000000000000000000000000000000000000015"
414905,414745,31,160,"0000000000005adbc803580000000000000000000000000000000000000021"
414937,414809,31,128,"0000000000005adbc80358000000000000000000000000000000000000001c"
414969,414905,31,64,"0000000000005adbc803580000000000000000000000000000000000000021"
415001,414937,31,64,"0000000000005adbc80358000000000000000000000000000000000000001c"
415033,414969,31,64,"0000000000005adbc803580000000000000000000000000000000000000021"
415065,415001,31,64,"0000000000005adbc80358000000000000000000000000000000000000001c"
415097,415033,31,64,"0000000000005adbc803580000000000000000000000000000000000000021"
415129,415065,31,64,"0000000000005adbc80358000000000000000000000000000000000000001c"
415161,415097,31,64,"0000000000005adbc803580000000000000000000000000000000000000021"
415193,415129,31,64,"0000000000005adbc80358000000000000000000000000000000000000001c"
415225,415161,31,64,"0000000000005adbc803580000000000000000000000000000000000000021"
415257,415193,31,64,"0000000000005adbc80358000000000000000000000000000000000000001c"
415289,415225,31,64,"0000000000005adbc803580000000000000000000000000000000000000021"
415321,415289,31,32,"0000000000005adbc803580000000000000000000000000000000000000021"
415353,415321,31,32,"0000000000005adbc803580000000000000000000000000000000000000021"
415385,414873,31,512,"0000000000005adbc803580000000000000000000000000000000000000015"
415416,414008,31,1408,"710000000000005adbc8035800000000000000000000000000000000000000"
415454,412753,33,2701,"000000000000000000000000000000000000000000000000000000000000000001"
415488,400480,3,15008,"02f901"
415492,413508,3,1984,"82e708"
415496,385444,5,30052,"8430a21187"
415501,385444,6,30057,"8430a2118783"
415507,357683,24,57824,"0695a69488f087ad825322d9ec3261712cf09a56e58575fc"
415538,357715,19,57823,"b9018451905636000000000000000000000000"
415577,415455,31,122,"00000000000000000000000000000000000000000000000000000000000000"
415609,357786,63,57823,"00000000000000000000000000000000000000000000000000000000000000e0000000000000000000000000000000000000000000000000000000000024a1"
415673,415545,63,128,"000000000000000000000000182f8723b57ea3caf8b31c38bf5538987506e5ad00000000000000000000000000000000000000000000000000000000000000"
415736,357913,65,57823,"0000000000000000000000000000000000000000000000000000000000000001200000000000000000000000000000000000000000000000000000000000000014"
415801,415685,63,116,"182f8723b57ea3caf8b31c38bf5538987506e5ad00000000000000000000000000000000000000000000000000000000000000000000000000000000000000"
415864,358041,102,57823,"2200010000000000000000000000000000000000000000000000000000000000030d40000000000000000000000000000000000000000000000000000000000000c0000000000000000000000000000000000000000000000000000000000000000000000000"
415972,359490,5,56482,"82e7080384"
415981,415976,5,5,"843094b1ac"
415990,373997,256,41993,"941d0188c4b276a09366d05d6be06af61a73bc753580b90324d3115a8a000000000000000000000000000000000000000000000000000000000000006000000000000000000000000000000000000000000000000000000000000000c000000000000000000000000000000000000000000000000000000000000001200000000000000000000000000000000000000000000000000000000000000002000000000000000000000000176211869ca2b568f2a7d4ee941e073a821ee1ffeeeeeeeeeeeeeeeeeeeeeeeeeeeeeeeeeeeeeeeeeeeeeeeeeeeeeeeeeeeeeeee0000000000000000000000000000000000000000000000000000000000000002000000"
415990,373997,25,41993,"941d0188c4b276a09366d05d6be06af61a73bc753580b90324"
416271,416241,2,30,"0002"
416275,374282,256,41993,"0000000000000000000000000000000000000000000000000000000000000000000000000000000000000000000000000000000000000000000000000000000200000000000000000000000000000000000000000000000000000000000000400000000000000000000000000000000000000000000000000000000000000120000000000000000000000000e2c67a9b15e9e7ff8a9cb0dfb8fee5609923e5db000000000000000000000000000000000000000000000000000000000000006000000000000000000000000000000000000000000000000000000000000000c00000000000000000000000000000000000000000000000000000000000000002"
416275,374282,248,41993,"0000000000000000000000000000000000000000000000000000000000000000000000000000000000000000000000000000000000000000000000000000000200000000000000000000000000000000000000000000000000000000000000400000000000000000000000000000000000000000000000000000000000000120000000000000000000000000e2c67a9b15e9e7ff8a9cb0dfb8fee5609923e5db000000000000000000000000000000000000000000000000000000000000006000000000000000000000000000000000000000000000000000000000000000c0000000000000000000000000000000000000000000000000"
416787,399251,76,17536,"0000000000000000000000000000000000000000000000000000000000000000c000000000000000000000000000000000000000000000000000000000000000000000000000000000000000"
416863,358143,10,58720,"7202f86f82e708088430"
416873,415978,9,895,"94b1ac843094b1ac83"
416882,358162,141,58720,"011c4294176211869ca2b568f2a7d4ee941e073a821ee1ff80b844095ea7b30000000000000000000000001d0188c4b276a09366d05d6be06af61a73bc7535ffffffffffffffffffffffffffffffffffffffffffffffffffffffffffffffffc0000000000000000000000000000000000000000000000000000000000000000000000000000000000000000001"
417023,399487,8,17536,"db02f901d782e708"
417037,417032,4,5,"842f9bf5"
417046,398838,21,18208,"94678aa4bf4e210cf2166753e054d5b7c31cc7fa86"
417073,386546,4,30527,"8000b901"
417077,397364,256,19713,"a45ae401dc0000000000000000000000000000000000000000000000000000000064fa867d00000000000000000000000000000000000000000000000000000000000000400000000000000000000000000000000000000000000000000000000000000001000000000000000000000000000000000000000000000000000000000000002000000000000000000000000000000000000000000000000000000000000000e404e45aaf000000000000000000000000e5d7c2a44ffddf6b295a15c148167daaaf5cf34f000000000000000000000000176211869ca2b568f2a7d4ee941e073a821ee1ff0000000000000000000000000000000000000000000000"
417077,397364,21,19713,"a45ae401dc00000000000000000000000000000000"
417374,392997,26,24377,"0000000000000000000000000000000000000000000000000018"
417400,417069,6,331,"de76816d8000"
417406,417405,29,1,"0000000000000000000000000000000000000000000000000000000000"
417438,399223,97,18215,"000000000000000000000000000000000000000000000000000000000000000000000000000000000000000000000000000000000000000000000000c0000000000000000000000000000000000000000000000000000000000000000000000000"
417535,363935,8,53600,"3002ee82e7080484"
417543,397832,11,19711,"2f48795e842f4879688301"
417554,363954,84,53600,"0b3694cce9d3f392c135dc038b147ca73ec496f7f89d938084183ff085c000000000000000000000000000000000000000000000000000000000000000000000000000000000000000000000005102f84e82e708"
417638,387366,3,30272,"01842f"
417641,397833,117,19808,"48795e842f48796883010a3b949dba31e492b7e98b8195e254ee13b6b027e4a59d80a4a7f68792766f746500000000000000000000000000000000000000000000000000000000c0000000000000000000000000000000000000000000000000000000000000000000000000000000000000000000"
417758,417757,1,1,"00"
417763,417635,3,128,"82e708"
417767,398566,12,19201,"842f48795e842f4879688303"
417809,410165,2,7644,"00b8"
417816,417342,13,474,"00000000000000000000000078"
417831,390440,3,27391,"77591c"
417848,417114,63,734,"000000000000000000000000000000000000000000000000000000000000004000000000000000000000000000000000000000000000000000000000000000"
417911,417711,40,200,"00c00000000000000000000000000000000000000000000000000000000000000000000000000000"
417951,416863,7,1088,"7202f86f82e708"
417958,373987,3,43971,"05842f"
417961,399498,9,18463,"3ca5f9842f3ca60383"
417973,416885,40,1088,"94176211869ca2b568f2a7d4ee941e073a821ee1ff80b844095ea7b3000000000000000000000000"
418033,405025,30,13008,"000000000000000000000000000000000000000000000000000000000017"
418065,416977,46,1088,"c0000000000000000000000000000000000000000000000000000000000000000000000000000000000000000001"
418111,376799,8,41312,"3b02f9013782e708"
418119,417638,3,481,"01842f"
418122,398826,10,19296,"3ca5f9842f3ca6038303"
418134,376822,22,41312,"94272e156df8da513c69cb41cc7a99185d53f926bb87"
418156,377682,7,40474,"038d7ea4c68000"
418163,376851,115,41312,"b90104a8c9ed67000000000000000000000000e5d7c2a44ffddf6b295a15c148167daaaf5cf34f0000000000000000000000007d43aabc515c356145049227cee54b608342c0ad0000000000000000000000000000000000000000000000000000000000000028000000000000000000000000"
418298,411251,31,7047,"0000000000000000000000000000000000000000000000000000000064fa89"
418330,377657,56,40673,"00000000000000000000000000000000000000000000000000038d7ea4c68000000000000000000000000000000000000000000000000000"
418394,417880,69,514,"0000000000000000000000000000000000000000000000000000000000000000c0000000000000000000000000000000000000000000000000000000000000000000000000"
418467,415492,5,2975,"82e7080d84"
418472,400009,10,18463,"2f1f97d6842f1f97e082"
418484,386123,51,32361,"94e5d7c2a44ffddf6b295a15c148167daaaf5cf34f80a42e1a7d4d000000000000000000000000000000000000000000000000"
418535,363064,2,55471,"0066"
418544,386192,53,32352,"00000000000000000000000000000000000000000000000000000000000000000000000000000000000000000000003002ee82e708"
418598,418471,10,127,"842f1f97d6842f1f97e0"
418608,417552,86,1056,"83010b3694cce9d3f392c135dc038b147ca73ec496f7f89d938084183ff085c000000000000000000000000000000000000000000000000000000000000000000000000000000000000000000000005102f84e82e708"
418695,418598,11,97,"842f1f97d6842f1f97e083"
418709,360118,55,58591,"94333d8b480bdb25ea7be4dd87eeb359988ce1b30d80a4a0712d6800000000000000000000000000000000000000000000000000000000"
418768,400432,55,18336,"c0000000000000000000000000000000000000000000000000000000000000000000000000000000000000000000013302f9012f82e708"
418823,417541,3,1282,"04842f"
418826,400010,137,18816,"1f97d6842f1f97e0827e5494d1a3abf42f9e66be86cfdea8c5c2c74f041c5e1480b901045b7d7482000000000000000000000000000000000000000000000000000000000000004000000000000000000000000000000000000000000000000000000000000000a0000000000000000000000000000000000000000000000000000000000000004064"
418963,378067,63,40896,"663833623561656431353437353832363166316234626165666132303166366661353266616437623266353335623234333931666134393761353364363239"
419026,377938,96,41088,"000000000000000000000000000000000000000000000000000000000000004064306537663539386631626162666538326537336233376334613138633339666134366662306562613430663739653535386430623932653139623339663061"
419122,359538,53,59584,"c000000000000000000000000000000000000000000000000000000000000000000000000000000000000000013302f9012f82e708"
419176,400359,10,18817,"842dd21be1842dd21be9"
419186,418834,128,352,"827e5494d1a3abf42f9e66be86cfdea8c5c2c74f041c5e1480b901045b7d7482000000000000000000000000000000000000000000000000000000000000004000000000000000000000000000000000000000000000000000000000000000a00000000000000000000000000000000000000000000000000000000000000040"
419314,375951,3,43363,"306330"
419319,359733,3,59586,"643865"
419328,375145,3,44183,"336161"
419334,375913,3,43421,"386437"
419343,375055,3,44288,"343733"
419349,375895,3,43454,"636538"
419353,375900,3,43453,"363062"
419357,418999,4,358,"61643762"
419361,418993,3,368,"366661"
419364,375038,4,44326,"63333036"
419369,400626,3,18743,"653137"
419372,362811,3,56561,"333237"
419377,419025,33,352,"390000000000000000000000000000000000000000000000000000000000000040"
419412,359762,3,59650,"643634"
419417,369990,3,49427,"333339"
419426,419085,3,341,"386333"
419434,387181,3,32253,"353637"
419437,375051,3,44386,"303632"
419441,419328,3,113,"336161"
419448,419062,3,386,"663539"
419451,375935,3,43516,"633665"
419454,400758,3,18696,"333663"
419458,400253,3,19205,"623539"
419464,400670,3,18794,"653565"
419474,400306,52,19168,"c000000000000000000000000000000000000000000000000000000000000000000000000000000000000000005102f84e82e708"
419531,406026,2,13505,"0084"
419533,419528,4,5,"2c959300"
419537,388465,163,31072,"83010a3b949dba31e492b7e98b8195e254ee13b6b027e4a59d80a4a7f68792766f746500000000000000000000000000000000000000000000000000000000c0000000000000000000000000000000000000000000000000000000000000000000000000000000000000000000010df9010a01842aea5400829d78940872ec4426103482a50f26ffc32acefcec61b3c980b8e4f242432a000000000000000000000000"
419700,404532,20,15168,"c764a565c1f8f0e27a499dced1c56548046c0b1b"
419720,401224,256,18496,"000000000000000000000000aec3cacef9457ff2821d9f85429ce3d90b0014590000000000000000000000000000000000000000000000000000000000000005000000000000000000000000000000000000000000000000000000000000000100000000000000000000000000000000000000000000000000000000000000a00000000000000000000000000000000000000000000000000000000000000000000000000000000000000000000000000000000000000000000000000000000082e708808000000000000000000000000000000000000000000000000000000000000000000000000000000000000000000000000000010df9010a01842aea54"
419720,401224,44,18496,"000000000000000000000000aec3cacef9457ff2821d9f85429ce3d90b001459000000000000000000000000"
420020,404492,20,15528,"86bd5a2f0f0fd82bcaa58d4972f759c6f59eb419"
420040,419720,256,320,"000000000000000000000000aec3cacef9457ff2821d9f85429ce3d90b0014590000000000000000000000000000000000000000000000000000000000000005000000000000000000000000000000000000000000000000000000000000000100000000000000000000000000000000000000000000000000000000000000a00000000000000000000000000000000000000000000000000000000000000000000000000000000000000000000000000000000000000000000000000000000082e708808000000000000000000000000000000000000000000000000000000000000000000000000000000000000000000000000000010df9010a01842aea54"
420040,419720,44,320,"000000000000000000000000aec3cacef9457ff2821d9f85429ce3d90b001459000000000000000000000000"
420340,404512,20,15828,"41ce91d0d223b281f43713139de7bddaff44525a"
420360,401544,256,18816,"000000000000000000000000aec3cacef9457ff2821d9f85429ce3d90b0014590000000000000000000000000000000000000000000000000000000000000005000000000000000000000000000000000000000000000000000000000000000100000000000000000000000000000000000000000000000000000000000000a00000000000000000000000000000000000000000000000000000000000000000000000000000000000000000000000000000000000000000000000000000000082e70880800000000000000000000000000000000000000000000000000000000000000000000000000000000000000000000000000001eff901ec80842aea54"
420360,401544,224,18816,"000000000000000000000000aec3cacef9457ff2821d9f85429ce3d90b0014590000000000000000000000000000000000000000000000000000000000000005000000000000000000000000000000000000000000000000000000000000000100000000000000000000000000000000000000000000000000000000000000a00000000000000000000000000000000000000000000000000000000000000000000000000000000000000000000000000000000000000000000000000000000082e7088080000000000000000000000000000000000000000000000000000000"
420842,403114,160,17728,"00000000000000000000000000000000000000000000000000000000000000000000000000000000000000000000000000000000000000000000000000000005000000000000000000000000000000000000000000000000000000000000000000000000000000000000000000000000000000000000000000000000000001400000000000000000000000000000000000000000000000000000000000000041"
421066,402794,256,18272,"1b0000000000000000000000000000000000000000000000000000000000000082e7088080000000000000000000000000000000000000000000000000000000000000000000000000000000000000000000000001eff901ec80842aea540083015f90940872ec4426103482a50f26ffc32acefcec61b3c980b901c4d4dfd6bc0000000000000000000000000000000000000000000000000000000000000000000000000000000000000000000000000000000000000000000000000000000000000000000000000000000000000000000000000000000000000000000000000000000000000000000000000000000000000000000000000000000000000001"
421066,402794,62,18272,"1b0000000000000000000000000000000000000000000000000000000000000082e708808000000000000000000000000000000000000000000000000000"
421385,406569,96,14816,"400000000000000000000000000000000000000000000000000000000000000000000000000000000000000000000000000000000000000000000000000000000500000000000000000000000000000000000000000000000000000000000000"
421481,420937,65,544,"0000000000000000000000000000000000000000000000000000000000000001400000000000000000000000000000000000000000000000000000000000000041"
421610,391594,85,30016,"1c0000000000000000000000000000000000000000000000000000000000000082e7088080000000000000000000000000000000000000000000000000000000000000000000000000000000000000000000000000"
421695,403519,12,18176,"2ceb52842aea540082520894"
421727,403455,66,18272,"865af3107a40008082e70880800000000000000000000000000000000000000000000000000000000000000000000000000000000000000000000000000000002ceb"
421794,421698,9,96,"842aea540082520894"
421823,421727,66,96,"865af3107a40008082e70880800000000000000000000000000000000000000000000000000000000000000000000000000000000000000000000000000000002ceb"
421890,421794,9,96,"842aea540082520894"
421919,391071,256,30848,"865af3107a40008082e7088080000000000000000000000000000000000000000000000000000000000000000000000000000000000000000000000000000001eff901ec80842aea540083015910940872ec4426103482a50f26ffc32acefcec61b3c980b901c4d4dfd6bc0000000000000000000000000000000000000000000000000000000000000000000000000000000000000000000000000000000000000000000000000000000000000000000000000000000000000000000000000000000000000000000000000000000000000000000000000000000000000000000000000000000000000001000000000000000000000000000000000000000000"
421919,391071,42,30848,"865af3107a40008082e70880800000000000000000000000000000000000000000000000000000000000"
422218,421386,160,832,"00000000000000000000000000000000000000000000000000000000000000000000000000000000000000000000000000000000000000000000000000000005000000000000000000000000000000000000000000000000000000000000000000000000000000000000000000000000000000000000000000000000000001400000000000000000000000000000000000000000000000000000000000000041"
422380,422376,1,4,"00"
422442,391594,117,30848,"1c0000000000000000000000000000000000000000000000000000000000000082e70880800000000000000000000000000000000000000000000000000000000000000000000000000000000000000000000000000000000000000000000000000000000000000000000000000000000000000002"
422560,404052,20,18508,"45a318273749d6eb00f5f6ca3bc7cd3de26d642a"
422600,381340,40,41260,"4ff7308017c6c7ccfce40c2e08efce91259d639fe93685f3bba03016f02bd1828badd6195988d950"
422640,412383,20,10257,"0fe7561bc2a17115c5ad8284f29995c07c54e973"
422680,413593,8,9087,"89a4bc5894638349"
422688,413625,12,9063,"219fac69d0c1df27204d6800"
422700,415801,20,6899,"182f8723b57ea3caf8b31c38bf5538987506e5ad"
422720,391792,20,30928,"6232e78d54c4845c977fc9e11d7e61c5316d12d1"
422760,417354,20,5406,"78ff533a3a52c7154947b663ac943304640de114"
422820,417828,20,4992,"783c0777591caf4191181ed09c7d1ea2de73843e"
422860,418278,20,4582,"b5857d19298f419f371163a20d188a185f641e94"
422920,381520,20,41400,"d15b3ac5c7b448b371537ea8a8ac6e95f298774e"
423000,391051,21,31949,"c764a565c1f8f0e27a499dced1c56548046c0b1b86"
423021,404493,39,18528,"bd5a2f0f0fd82bcaa58d4972f759c6f59eb41941ce91d0d223b281f43713139de7bddaff44525a"
423060,403531,20,19529,"5e0ddd81557f909453e8da18086b320337d877f7"
423080,403435,20,19645,"e126a80baa3c0265c52a887bd95beeb88526097a"
423100,381940,20,41160,"b268e06dd9826e7c47c4b6bbc9f16df2d3bdc9ae"
423120,381900,40,41220,"161dbc3f770dc97288eed3c864daba618a209a2450ee2a1789f78174bf7fad3a2e9b21dec8ed0eb7"
423160,403917,20,19243,"46177ac663365b7c7bf0421c6aa321530a3d46d1"
423180,368076,146,55104,"0000000000000000000000000000000000000000000000000000000000000000000000000000000000000000000000000000000000000000000000000000000000000000000000000000000000000000000000040000000000000000000000000000000000000000000000000000000000000080000000000000000000000000000000000000000000000000000000000000"
423328,423296,30,32,"000000000000000000000000000000000000000000000000000000000000"
423360,423328,30,32,"000000000000000000000000000000000000000000000000000000000000"
423391,412156,2,11235,"000e"
423424,404704,31,18720,"0000000000000000000000000000000000000000000000000000000064fa85"
423456,418395,62,5061,"00000000000000000000000000000000000000000000000000000000000000c0000000000000000000000000000000000000000000000000000000000000"
423519,378144,32,45375,"0000000000000000000000000000000000000000000000000000000000000031"
423552,405376,31,18176,"00000000000000000000000000000000000000000000000000000000000033"
423584,392512,95,31072,"000000000000000000000000000000000000000000000000000000000000001e00000000000000000000000000000000000000000000000000000000000003c000000000000000000000000000000000000000000000000000000000000004"
423680,406730,31,16950,"00000000000000000000000000000000000000000000000000000000000008"
423711,395537,32,28174,"000000000000000000000000000000000000000000000000000000000000000a"
423744,392672,31,31072,"0000000000000000000000000000000000000000000000000000000000000c"
423776,406080,31,17696,"0000000000000000000000000000000000000000000000000000000000000e"
423808,410526,31,13282,"0000000000000000000000000000000000000000000000000000000000000f"
423840,404992,31,18848,"00000000000000000000000000000000000000000000000000000000000013"
423872,405024,31,18848,"00000000000000000000000000000000000000000000000000000000000017"
423904,392960,94,30944,"00000000000000000000000000000000000000000000000000000000000017c00000000000000000000000000000000000000000000000000000000000001860000000000000000000000000000000000000000000000000000000000000"
423999,423711,31,288,"00000000000000000000000000000000000000000000000000000000000000"
424030,393054,33,30976,"1a600000000000000000000000000000000000000000000000000000000000001b"
424064,393120,63,30944,"0000000000000000000000000000000000000000000000000000000000001e600000000000000000000000000000000000000000000000000000000000001e"
424128,417179,31,6949,"00000000000000000000000000000000000000000000000000000000000020"
424159,373042,32,51117,"c000000000000000000000000000000000000000000000000000000000000021"
424192,368481,61,55711,"00000000000000000000000000000000000000000000000000000000000022000000000000000000000000000000000000000000000000000000000000"
424253,396407,2,27846,"0023"
424256,424224,31,32,"00000000000000000000000000000000000000000000000000000000000023"
424287,382111,32,42176,"c000000000000000000000000000000000000000000000000000000000000025"
424319,393311,32,31008,"0000000000000000000000000000000000000000000000000000000000000026"
424352,418235,31,6117,"00000000000000000000000000000000000000000000000000000000000028"
424383,393407,32,30976,"600000000000000000000000000000000000000000000000000000000000002a"
424416,405152,31,19264,"0000000000000000000000000000000000000000000000000000000000002b"
424447,392415,32,32032,"c00000000000000000000000000000000000000000000000000000000000002d"
424479,369439,32,55040,"e00000000000000000000000000000000000000000000000000000000000002e"
424512,405216,31,19296,"0000000000000000000000000000000000000000000000000000000000002f"
424544,424512,31,32,"0000000000000000000000000000000000000000000000000000000000002f"
424576,424319,31,257,"00000000000000000000000000000000000000000000000000000000000000"
424644,416951,26,7693,"ffffffffffffffffffffffffffffffffffffffffffffffffffff"
424676,422474,58,2202,"82e70880800000000000000000000000000000000000000000000000000000000000000000000000000000000000000000000000000000000000"
424734,409854,8,14880,"0392f9038f830305"
424748,409868,129,14880,"8313f7c094a658742d33ebd2ce2f0bdff73515aa797fd161d980b90364252f7b0100000000000000000000000000000000000000000000000000000000000000b800000000000000000000000045f1a95a4d3f3836523f5c83673c797f4d4d263b0000000000000000000000000000000000000000000000000000000000043238"
424909,424877,32,32,"fa6b94d13d796b9cc0277fafd7b4a9b5b7af6e93e3fe0261479d160811e0679d"
424941,410061,103,14880,"00000000000000000000000000000000000000000000000000000000000000c0000000000000000000000000000000000000000000000000000000000000027400000000000000000000000038de71124f7a447a01d67945a51edce9ff491251000000000000a2"
425045,410165,197,14880,"00b8af54be5b6eec24d6bfacf1cce4eaf680a823939800b745f1a95a4d3f3836523f5c83673c797f4d4d263b0000000000000000000000000000000000000000000000000000000000000001000000000000000000000000000000000000000000000000000000000000000d000000000000000000000000000000000000000000000000000000000000000d000000000000000000000000000000000000000000000000000000000000000000000000000000000000000000000000000000000000000000"
425249,370849,56,54400,"00000000000000000000000000000000000000000000002822ebf0831ec2d106000000000000000000000000000000000000000000000000"
425312,424035,28,1277,"0000000000000000000000000000000000000000000000000000001b"
425344,384607,91,40737,"00000000000000000000000000000000000000000000000000000000000000000000000000000000000000000000000000000000000000000000000000000000000000000000000000000000000000000000000000000000000002"
425440,423781,26,1659,"000000000000000000000000000000000000000000000000000e"
425468,392077,3,33391,"cc44fd"
425471,422312,33,3159,"000000000000000000000000000000000000000000000000000000000000000001"
425504,410624,65,14880,"c000000000000000000000000000000000000000000000000000000000000002000000000000000000000000000000000000000000000000000000000000000014"
425589,420496,105,5093,"000000000000000000000000000000000000000000000000000000000000000000000000000000000000000000000000000000000000000082e70880800000000000000000000000000000000000000000000000000000000000000000000000000000000000000000"
425694,395262,8,30432,"0232f9022f830306"
425703,424743,6,960,"843aaa10e783"
425709,395277,127,30432,"048d9c94cb566e3b6934fa77258d68ea18e931fa75e1aaaa80b902046c459a2800000000000000000000000038de71124f7a447a01d67945a51edce9ff49125100000000000000000000000000000000000000000000000000000000000000800000000000000000000000000000000000000000000000000000000064fad9"
425837,383405,100,42432,"00000000000000000000000000000000000000000000000000000000000001400000000000000000000000000000000000000000000000000000000000000084704316e5000000000000000000000000000000000000000000000000000000000000006f"
425969,425537,32,432,"0000000000000000000000000000000000000000000000000000000000000014"
426001,425937,63,64,"1dbda51b0449d5cda96c24837aab2d91a102c7563609a90d90f30538a2a5e7c400000000000000000000000000000000000000000000000000000000000000"
426064,425617,29,447,"0000000000000000000000000000000000000000000000000000000082"
426168,426091,1,77,"00"
426222,383790,80,42432,"1b00000000000000000000000000000000000000000000000000000000000082e70880800000000000000000000000000000000000000000000000000000000000000000000000000000000000000000"
426302,425694,8,608,"0232f9022f830306"
426311,425703,233,608,"843aaa10e783048d9c94cb566e3b6934fa77258d68ea18e931fa75e1aaaa80b902046c459a2800000000000000000000000038de71124f7a447a01d67945a51edce9ff49125100000000000000000000000000000000000000000000000000000000000000800000000000000000000000000000000000000000000000000000000064fad97500000000000000000000000000000000000000000000000000000000000001400000000000000000000000000000000000000000000000000000000000000084704316e500000000000000000000000000000000000000000000000000000000000000"
426577,423711,32,2866,"000000000000000000000000000000000000000000000000000000000000000a"
426609,426545,63,64,"722d5e373a90a672edfaa51091ca7c88e3e99d2f16145d78a3e6286640be7b6300000000000000000000000000000000000000000000000000000000000000"
426672,426225,29,447,"0000000000000000000000000000000000000000000000000000000082"
426830,395790,80,31040,"1c00000000000000000000000000000000000000000000000000000000000082e70880800000000000000000000000000000000000000000000000000000000000000000000000000000000000000000"
426916,396835,6,30081,"8435a4e90083"
426946,419210,4,7736,"80b90104"
426954,422253,29,4701,"0000000000000000000000000000000000000000000000000000000005"
426985,426956,26,29,"0000000000000000000000000000000000000000000000000000"
427018,420456,44,6562,"00000000000000000000000000000000000000000000000000000000000000a0000000000000000000000000"
427082,418298,31,8784,"0000000000000000000000000000000000000000000000000000000064fa89"
427114,416307,44,10807,"0000000000000000000000000000000000000000000000000000000000000002000000000000000000000000"
427158,363413,20,63745,"eb466342c4d449bc9f53a865d5cb90586f405215"
427178,418170,32,9008,"000000000000000000000000e5d7c2a44ffddf6b295a15c148167daaaf5cf34f"
427210,421098,53,6112,"82e7088080000000000000000000000000000000000000000000000000000000000000000000000000000000000000000000000001"
427263,383871,4,43392,"15f90112"
427277,383885,22,43392,"948731d54e9d02c286767d56ac03e8037c07e01e9887"
427305,377554,51,49751,"1eb8e41114cd2a00000000000000000000000000000000000000000000000000000000000000b8000000000000000000000000"
427376,420456,57,6920,"00000000000000000000000000000000000000000000000000000000000000a000000000000000000000000000000000000000000000000000"
427433,399863,30,27570,"6a94d74f4300000000000000000000000000000000000000000000000000"
427463,427431,3,32,"00006a"
427471,425536,33,1935,"000000000000000000000000000000000000000000000000000000000000000014"
427504,427356,32,148,"45ddf217e45b6098c7f82e0de475ac4c737a20d8000000000000000000000000"
427536,384144,58,43392,"82e70880800000000000000000000000000000000000000000000000000000000000000000000000000000000000041b02f9041782e708098430"
427597,427592,5,5,"8430fb4b0b"
427606,384214,22,43392,"941d0188c4b276a09366d05d6be06af61a73bc753587"
427635,384243,256,43392,"b903e4d3115a8a0000000000000000000000000000000000000000000000000000000000000060000000000000000000000000000000000000000000000000000000000000010000000000000000000000000000000000000000000000000000000000000001a00000000000000000000000000000000000000000000000000000000000000004000000000000000000000000176211869ca2b568f2a7d4ee941e073a821ee1ff000000000000000000000000cc22f6aa610d1b2a0e89ef228079cb3e1831b1d1000000000000000000000000e2c67a9b15e9e7ff8a9cb0dfb8fee5609923e5dbeeeeeeeeeeeeeeeeeeeeeeeeeeeeeeeeeeeeeeeeeeeeeeeeee"
427635,384243,256,43392,"b903e4d3115a8a0000000000000000000000000000000000000000000000000000000000000060000000000000000000000000000000000000000000000000000000000000010000000000000000000000000000000000000000000000000000000000000001a00000000000000000000000000000000000000000000000000000000000000004000000000000000000000000176211869ca2b568f2a7d4ee941e073a821ee1ff000000000000000000000000cc22f6aa610d1b2a0e89ef228079cb3e1831b1d1000000000000000000000000e2c67a9b15e9e7ff8a9cb0dfb8fee5609923e5dbeeeeeeeeeeeeeeeeeeeeeeeeeeeeeeeeeeeeeeeeeeeeeeeeee"
427635,384243,164,43392,"b903e4d3115a8a0000000000000000000000000000000000000000000000000000000000000060000000000000000000000000000000000000000000000000000000000000010000000000000000000000000000000000000000000000000000000000000001a00000000000000000000000000000000000000000000000000000000000000004000000000000000000000000176211869ca2b568f2a7d4ee941e073a82"
428314,384922,27,43392,"02010000000000000000000000000000ffffffffffffffffffffff"
428347,425160,25,3187,"0000000000000000000000000000000000000000000000000d"
428372,427629,6,743,"644d8d92df23"
428378,384986,256,43392,"0000000000000000000000000000000000000000000000000000000000000000010000000000000000000000e2c67a9b15e9e7ff8a9cb0dfb8fee5609923e5db000000000000000000000000000000000000000000000000000000000000006000000000000000000000000000000000000000000000000000000000000000c000000000000000000000000000000000000000000000000000000000000000020101000000000000000000000000000000000000000000000000000000000000020200000000000000000000000000007fffffffffffffffffffffffffffffff0000000000000000000000000000000000000000000000000000000000000000"
428378,384986,36,43392,"000000000000000000000000000000000000000000000000000000000000000001000000"
428670,415966,9,12704,"035402f9035082e708"
428680,427592,11,1088,"8430fb4b0b8430fb4b0b83"
428694,415990,256,12704,"941d0188c4b276a09366d05d6be06af61a73bc753580b90324d3115a8a000000000000000000000000000000000000000000000000000000000000006000000000000000000000000000000000000000000000000000000000000000c000000000000000000000000000000000000000000000000000000000000001200000000000000000000000000000000000000000000000000000000000000002000000000000000000000000176211869ca2b568f2a7d4ee941e073a821ee1ffeeeeeeeeeeeeeeeeeeeeeeeeeeeeeeeeeeeeeeeeeeeeeeeeeeeeeeeeeeeeeeee0000000000000000000000000000000000000000000000000000000000000002000000"
428694,415990,25,12704,"941d0188c4b276a09366d05d6be06af61a73bc753580b90324"
428979,416275,256,12704,"0000000000000000000000000000000000000000000000000000000000000000000000000000000000000000000000000000000000000000000000000000000200000000000000000000000000000000000000000000000000000000000000400000000000000000000000000000000000000000000000000000000000000120000000000000000000000000e2c67a9b15e9e7ff8a9cb0dfb8fee5609923e5db000000000000000000000000000000000000000000000000000000000000006000000000000000000000000000000000000000000000000000000000000000c00000000000000000000000000000000000000000000000000000000000000002"
428979,416275,249,12704,"0000000000000000000000000000000000000000000000000000000000000000000000000000000000000000000000000000000000000000000000000000000200000000000000000000000000000000000000000000000000000000000000400000000000000000000000000000000000000000000000000000000000000120000000000000000000000000e2c67a9b15e9e7ff8a9cb0dfb8fee5609923e5db000000000000000000000000000000000000000000000000000000000000006000000000000000000000000000000000000000000000000000000000000000c000000000000000000000000000000000000000000000000000"
429491,416787,83,12704,"0000000000000000000000000000000000000000000000000000000000000000c0000000000000000000000000000000000000000000000000000000000000000000000000000000000000007202f86f82e708"
429579,397226,3,32353,"be842f"
429587,418213,2,11374,"007d"
429589,386869,24,42720,"94009a0b7c38b542208936f1179151cd08e294383380b844"
429617,419688,13,9929,"000000000000000000000000c7"
429649,413477,26,16172,"0000000000000000000000000000000000000000000000000007"
429682,388242,52,41440,"0000000000000000000000000000000000000000000000000000000000000000000000000000000000000000007202f86f82e708"
429734,429574,103,160,"02842f8e89be842f8e89c88305007d94009a0b7c38b542208936f1179151cd08e294383380b844830cbbbd000000000000000000000000c7d8489dae3d2ebef075b1db2257e2c231c9d231000000000000000000000000000000000000000000000000000712ef"
429841,387601,53,42240,"c00000000000000000000000000000000000000000000000000000000000000000000000000000000000000000007102f86e82e708"
429894,398565,3,31329,"0b842f"
429897,429737,8,160,"8e89be842f8e89c8"
429905,388145,43,41760,"82eb9294176211869ca2b568f2a7d4ee941e073a821ee1ff80b844095ea7b3000000000000000000000000"
429948,410839,20,19109,"6131b5fae19ea4f9d964eac0408e4408b66337b5"
429968,429206,29,762,"0000000000000000000000000000000000000000000000000000000002"
430000,386448,55,43552,"c0000000000000000000000000000000000000000000000000000000000000000000000000000000000000000000013c02f9013882e708"
430055,429734,3,321,"02842f"
430060,387654,3,42406,"66842f"
430070,386518,196,43552,"94272e156df8da513c69cb41cc7a99185d53f926bb8801fc09be0ae18000b90104a8c9ed67000000000000000000000000e5d7c2a44ffddf6b295a15c148167daaaf5cf34f000000000000000000000000176211869ca2b568f2a7d4ee941e073a821ee1ff0000000000000000000000000000000000000000000000000000000000000028000000000000000000000000596758cbbf0b118da13bcf95a69eed050ab97a0d0000000000000000000000000000000000000000000000000000000064fa89"
430267,386715,61,43552,"00000000000000000000000000000000000000000000000001fc09be0ae18000000000000000000000000000000000000000000000000000000000000d"
430331,429491,67,840,"0000000000000000000000000000000000000000000000000000000000000000c000000000000000000000000000000000000000000000000000000000000000000000"
430398,399998,12,30400,"013302f9012f82e70807842f"
430410,430058,8,352,"8de966842f8de96f"
430418,375762,129,54656,"827e5494d1a3abf42f9e66be86cfdea8c5c2c74f041c5e1480b901045b7d7482000000000000000000000000000000000000000000000000000000000000004000000000000000000000000000000000000000000000000000000000000000a0000000000000000000000000000000000000000000000000000000000000004063"
430550,419008,3,11542,"623234"
430556,419374,3,11182,"376361"
430560,412993,3,17567,"346631"
430571,387164,3,43407,"626635"
430575,370030,3,60545,"643238"
430583,400153,3,30430,"613261"
430591,375989,3,54602,"306431"
430594,375994,3,54600,"323232"
430598,400752,3,29846,"636561"
430610,400594,33,30016,"000000000000000000000000000000000000000000000000000000000000004065"
430647,430546,3,101,"636165"
430652,387293,3,43359,"353063"
430656,419319,4,11337,"64386563"
430667,375048,3,55619,"653463"
430671,419362,3,11309,"666163"
430674,430671,3,3,"666163"
430678,387282,3,43396,"386665"
430681,370078,3,60603,"326136"
430685,375942,3,54743,"623733"
430691,418979,3,11712,"316631"
430694,400195,3,30499,"333038"
430699,419318,3,11381,"376438"
430706,376050,45,54656,"c00000000000000000000000000000000000000000000000000000000000000000000000000000000000000002"
430752,376096,3,54656,"02f902"
430755,397058,4,33697,"7082e708"
430759,417958,3,12801,"05842f"
430762,430058,10,704,"8de966842f8de96f8303"
430774,398838,23,31936,"94678aa4bf4e210cf2166753e054d5b7c31cc7fa8680b9"
430797,385476,37,45321,"02445ae401dc0000000000000000000000000000000000000000000000000000000064fa86"
430835,385514,256,45321,"000000000000000000000000000000000000000000000000000000000000004000000000000000000000000000000000000000000000000000000000000000020000000000000000000000000000000000000000000000000000000000000040000000000000000000000000000000000000000000000000000000000000016000000000000000000000000000000000000000000000000000000000000000e404e45aaf000000000000000000000000176211869ca2b568f2a7d4ee941e073a821ee1ff000000000000000000000000e5d7c2a44ffddf6b295a15c148167daaaf5cf34f00000000000000000000000000000000000000000000000000000000"
430835,385514,2,45321,"0000"
431093,417340,14,13753,"0064000000000000000000000000"
431107,430879,49,228,"00000000000000000000000000000000000000020000000000000000000000000000000000000000000000000000000000"
431159,431101,26,58,"0000000000000000000000000000000000000000000000000002"
431191,385870,121,45321,"000000000000000000000000000000000000000000000000000000000000000000000000000000000000000000000000000000000000000000000000000000000000000000000000000000000000000000000000000000000000004449404b7c00000000000000000000000000000000000000000000000000"
431312,431184,19,128,"021eebfe3ae442000000000000000000000000"
431331,422680,20,8651,"89a4bc5894638349219fac69d0c1df27204d6800"
431351,429495,72,1856,"00000000000000000000000000000000000000000000000000000000c000000000000000000000000000000000000000000000000000000000000000000000000000000000000000"
431423,377311,9,54112,"3002ee82e70827842f"
431432,430762,9,670,"8de966842f8de96f83"
431441,397233,78,34208,"010b3694cce9d3f392c135dc038b147ca73ec496f7f89d938084183ff085c00000000000000000000000000000000000000000000000000000000000000000000000000000000000000000000001"
431519,417023,8,14496,"db02f901d782e708"
431528,430760,12,768,"842f8de966842f8de96f8303"
431542,417046,67,14496,"94678aa4bf4e210cf2166753e054d5b7c31cc7fa868718de76816d8000b901a45ae401dc0000000000000000000000000000000000000000000000000000000064fa86"
431609,387217,33,44392,"350000000000000000000000000000000000000000000000000000000000000040"
431642,417146,194,14496,"0000000000000000000000000000000000000000000000000000000000000001000000000000000000000000000000000000000000000000000000000000002000000000000000000000000000000000000000000000000000000000000000e404e45aaf000000000000000000000000e5d7c2a44ffddf6b295a15c148167daaaf5cf34f000000000000000000000000176211869ca2b568f2a7d4ee941e073a821ee1ff000000000000000000000000000000000000000000000000000000000000"
431838,417342,94,14496,"00000000000000000000000078ff533a3a52c7154947b663ac943304640de1140000000000000000000000000000000000000000000000000018de76816d80000000000000000000000000000000000000000000000000000000000000ae"
431934,417438,97,14496,"000000000000000000000000000000000000000000000000000000000000000000000000000000000000000000000000000000000000000000000000c0000000000000000000000000000000000000000000000000000000000000000000000000"
432031,429727,7,2304,"7202f86f82e708"
432038,430407,11,1631,"07842f8de966842f8de96f"
432061,432030,1,31,"00"
432074,413386,19,18688,"80b844a22cb465000000000000000000000000"
432093,387831,20,44262,"1841752a0bcbde29ec3820fca5b0ec4ff4b3b443"
432113,400400,78,31713,"0000000000000000000000000000000000000000000000000000000000000001c0000000000000000000000000000000000000000000000000000000000000000000000000000000000000000000"
432191,429727,10,2464,"7202f86f82e70802842f"
432201,432041,9,160,"8de966842f8de96f83"
432210,429746,140,2464,"05007d94009a0b7c38b542208936f1179151cd08e294383380b844830cbbbd000000000000000000000000c7d8489dae3d2ebef075b1db2257e2c231c9d231000000000000000000000000000000000000000000000000000712efb9d63753c00000000000000000000000000000000000000000000000000000000000000000000000000000000000000000"
432350,430398,9,1952,"013302f9012f82e708"
432365,432360,4,5,"842e1601"
432370,418834,129,13536,"827e5494d1a3abf42f9e66be86cfdea8c5c2c74f041c5e1480b901045b7d7482000000000000000000000000000000000000000000000000000000000000004000000000000000000000000000000000000000000000000000000000000000a0000000000000000000000000000000000000000000000000000000000000004064"
432501,419331,3,13170,"623333"
432509,400246,4,32263,"38626134"
432513,419317,3,13196,"633764"
432518,419430,3,13088,"313663"
432523,419111,3,13412,"393265"
432535,419067,3,13468,"316261"
432545,419088,3,13457,"396661"
432549,375162,3,57387,"653533"
432552,419107,3,13445,"386430"
432556,419061,3,13495,"376635"
432561,430609,33,1952,"380000000000000000000000000000000000000000000000000000000000000040"
432599,430690,3,1909,"383166"
432606,430579,3,2027,"363934"
432609,419435,3,13174,"363730"
432624,400732,3,31892,"373232"
432633,375131,3,57502,"623964"
432636,432518,3,118,"313663"
432639,430560,4,2079,"34663134"
432649,419078,3,13571,"623337"
432654,432619,3,35,"623839"
432659,378227,52,54432,"00000000000000000000000000000000000000000000000000000000000000000000000000000000000000003202f082e7088084"
432715,432710,4,5,"842e1566"
432720,421895,4,10825,"82520894"
432753,432305,46,448,"c0000000000000000000000000000000000000000000000000000000000000000000000000000000000000000001"
432799,420287,53,12512,"0df9010a01842aea5400829d78940872ec4426103482a50f26ffc32acefcec61b3c980b8e4f242432a000000000000000000000000"
432872,420040,256,12832,"000000000000000000000000aec3cacef9457ff2821d9f85429ce3d90b0014590000000000000000000000000000000000000000000000000000000000000005000000000000000000000000000000000000000000000000000000000000000100000000000000000000000000000000000000000000000000000000000000a00000000000000000000000000000000000000000000000000000000000000000000000000000000000000000000000000000000000000000000000000000000082e708808000000000000000000000000000000000000000000000000000000000000000000000000000000000000000000000000000010df9010a01842aea54"
432872,420040,44,12832,"000000000000000000000000aec3cacef9457ff2821d9f85429ce3d90b001459000000000000000000000000"
433192,401544,256,31648,"000000000000000000000000aec3cacef9457ff2821d9f85429ce3d90b0014590000000000000000000000000000000000000000000000000000000000000005000000000000000000000000000000000000000000000000000000000000000100000000000000000000000000000000000000000000000000000000000000a00000000000000000000000000000000000000000000000000000000000000000000000000000000000000000000000000000000000000000000000000000000082e70880800000000000000000000000000000000000000000000000000000000000000000000000000000000000000000000000000001eff901ec80842aea54"
433192,401544,225,31648,"000000000000000000000000aec3cacef9457ff2821d9f85429ce3d90b0014590000000000000000000000000000000000000000000000000000000000000005000000000000000000000000000000000000000000000000000000000000000100000000000000000000000000000000000000000000000000000000000000a00000000000000000000000000000000000000000000000000000000000000000000000000000000000000000000000000000000000000000000000000000000082e708808000000000000000000000000000000000000000000000000000000000"
433674,422218,160,11456,"00000000000000000000000000000000000000000000000000000000000000000000000000000000000000000000000000000000000000000000000000000005000000000000000000000000000000000000000000000000000000000000000000000000000000000000000000000000000000000000000000000000000001400000000000000000000000000000000000000000000000000000000000000041"
433849,433832,1,17,"00"
433898,389354,256,44544,"1c0000000000000000000000000000000000000000000000000000000000000082e7088080000000000000000000000000000000000000000000000000000000000000000000000000000000000000000000000001eff901ec80842aea540083015f90940872ec4426103482a50f26ffc32acefcec61b3c980b901c4d4dfd6bc0000000000000000000000000000000000000000000000000000000000000000000000000000000000000000000000000000000000000000000000000000000000000000000000000000000000000000000000000000000000000000000000000000000000000000000000000000000000000000000000000000000000000001"
433898,389354,63,44544,"1c0000000000000000000000000000000000000000000000000000000000000082e70880800000000000000000000000000000000000000000000000000000"
434218,433674,160,544,"00000000000000000000000000000000000000000000000000000000000000000000000000000000000000000000000000000000000000000000000000000005000000000000000000000000000000000000000000000000000000000000000000000000000000000000000000000000000000000000000000000000000001400000000000000000000000000000000000000000000000000000000000000041"
434442,390442,138,44000,"1c0000000000000000000000000000000000000000000000000000000000000082e70880800000000000000000000000000000000000000000000000000000000000000000000000000000000000000000000000010df9010a01842aea5400829d78940872ec4426103482a50f26ffc32acefcec61b3c980b8e4f242432a000000000000000000000000"
434600,433192,256,1408,"000000000000000000000000aec3cacef9457ff2821d9f85429ce3d90b0014590000000000000000000000000000000000000000000000000000000000000005000000000000000000000000000000000000000000000000000000000000000100000000000000000000000000000000000000000000000000000000000000a00000000000000000000000000000000000000000000000000000000000000000000000000000000000000000000000000000000000000000000000000000000082e70880800000000000000000000000000000000000000000000000000000000000000000000000000000000000000000000000000001eff901ec80842aea54"
434600,433192,224,1408,"000000000000000000000000aec3cacef9457ff2821d9f85429ce3d90b0014590000000000000000000000000000000000000000000000000000000000000005000000000000000000000000000000000000000000000000000000000000000100000000000000000000000000000000000000000000000000000000000000a00000000000000000000000000000000000000000000000000000000000000000000000000000000000000000000000000000000000000000000000000000000082e7088080000000000000000000000000000000000000000000000000000000"
435082,434218,160,864,"00000000000000000000000000000000000000000000000000000000000000000000000000000000000000000000000000000000000000000000000000000005000000000000000000000000000000000000000000000000000000000000000000000000000000000000000000000000000000000000000000000000000001400000000000000000000000000000000000000000000000000000000000000041"
435306,421610,87,13696,"1c0000000000000000000000000000000000000000000000000000000000000082e70880800000000000000000000000000000000000000000000000000000000000000000000000000000000000000000000000002ceb"
435393,381153,10,54240,"51842aea540082520894"
435406,429886,2,5520,"0071"
435423,403551,75,31872,"865af3107a40008082e7088080000000000000000000000000000000000000000000000000000000000000000000000000000000000000000000000000000000ecf8ea01842aea5400829b"
435498,380042,41,55456,"28940872ec4426103482a50f26ffc32acefcec61b3c980b8c4f242432a000000000000000000000000"
435559,403687,216,31872,"00000000000000000000000001e4a663fffaf1430d3a36588b2c14b72231d8b40000000000000000000000000000000000000000000000000000000000000005000000000000000000000000000000000000000000000000000000000000000100000000000000000000000000000000000000000000000000000000000000a0000000000000000000000000000000000000000000000000000000000000000082e7088080000000000000000000000000000000000000000000000000000000000000000000000000000000000000000000000000000000"
435775,421887,12,13888,"2ceb50842aea540082520894"
435807,435423,64,384,"865af3107a40008082e7088080000000000000000000000000000000000000000000000000000000000000000000000000000000000000000000000000000000"
435871,403903,4,31968,"2eed8202"
435876,435778,9,98,"842aea540082520894"
435905,403937,95,31968,"8654953ff6d0008082e708808000000000000000000000000000000000000000000000000000000000000000000000000000000000000000000000000000000000000000000000000000000000000000000000000000000000000000000258"
436020,422620,20,13400,"e93685f3bba03016f02bd1828badd6195988d950"
436040,404092,20,31948,"b8ff877ed78ba520ece21b1de7843a8a57ca47cb"
436060,436040,20,20,"b8ff877ed78ba520ece21b1de7843a8a57ca47cb"
436080,427062,20,9018,"fb52e6f695e64088939c0665fd711c929bedc579"
436100,427504,20,8596,"45ddf217e45b6098c7f82e0de475ac4c737a20d8"
436200,422880,20,13320,"8e07475701065b2a7dfdd8ffa03823d83bfbb361"
436220,430215,20,6005,"596758cbbf0b118da13bcf95a69eed050ab97a0d"
436260,431331,20,4929,"89a4bc5894638349219fac69d0c1df27204d6800"
436300,431850,20,4450,"78ff533a3a52c7154947b663ac943304640de114"
436320,392012,20,44308,"d42aa370fcd06c683b7154ffa799a8e00ac0121e"
436382,429947,2,6435,"0061"
436400,432852,20,3548,"ccce7918b489b838b820713305ad05aafd3c0420"
436420,433172,20,3248,"ac4cf2a362e636080733e9b65d3989c42daf97e4"
436451,432297,2,4154,"0007"
436480,434580,20,1900,"6a97863f0ae8314798c87b7f21126ac79487082c"
436507,388627,2,47880,"00d0"
436520,404552,20,31968,"9dbad420963e53775a51ea9aad4afa3af6e5d753"
436540,435539,20,1001,"878a7994197676f430b684c9bc27942a430cb201"
436560,404572,20,31988,"f6f8b5bc021ff67a9932346447dd7e78aa674224"
436580,404612,60,31968,"01e4a663fffaf1430d3a36588b2c14b72231d8b400000000000000000000000000000000000000000000000000000000000000000000000000000000"
436672,423424,31,13248,"0000000000000000000000000000000000000000000000000000000064fa85"
436704,431963,62,4741,"00000000000000000000000000000000000000000000000000000000000000c0000000000000000000000000000000000000000000000000000000000000"
436768,405632,31,31136,"0000000000000000000000000000000000000000000000000000000000003a"
436799,436704,31,95,"00000000000000000000000000000000000000000000000000000000000000"
436832,382208,94,54624,"000000000000000000000000000000000000000000000000000000000000001c0000000000000000000000000000000000000000000000000000000000000380000000000000000000000000000000000000000000000000000000000000"
436928,425154,31,11774,"0000000000000000000000000000000000000000000000000000000000000d"
436959,423871,32,13088,"a000000000000000000000000000000000000000000000000000000000000017"
436992,393056,62,43936,"0000000000000000000000000000000000000000000000000000000000001b00000000000000000000000000000000000000000000000000000000000000"
437056,424192,31,12864,"00000000000000000000000000000000000000000000000000000000000022"
437088,424256,31,12832,"00000000000000000000000000000000000000000000000000000000000023"
437120,424288,31,12832,"00000000000000000000000000000000000000000000000000000000000025"
437152,437120,31,32,"00000000000000000000000000000000000000000000000000000000000025"
437184,371760,31,65424,"00000000000000000000000000000000000000000000000000000000000027"
437216,437184,31,32,"00000000000000000000000000000000000000000000000000000000000027"
437248,393344,62,43904,"0000000000000000000000000000000000000000000000000000000000002840000000000000000000000000000000000000000000000000000000000000"
437311,437023,31,288,"00000000000000000000000000000000000000000000000000000000000000"
437344,424416,31,12928,"0000000000000000000000000000000000000000000000000000000000002b"
437375,437311,31,64,"00000000000000000000000000000000000000000000000000000000000000"
437408,435745,31,1663,"0000000000000000000000000000000000000000000000000000000000002c"
437439,437375,31,64,"00000000000000000000000000000000000000000000000000000000000000"
437472,437440,31,32,"0000000000000000000000000000000000000000000000000000000000002d"
437504,424544,31,12960,"0000000000000000000000000000000000000000000000000000000000002f"
437535,431392,32,6143,"0000000000000000000000000000000000000000000000000000000000000030"
437568,432673,31,4895,"00000000000000000000000000000000000000000000000000000000000032"
437600,423296,31,14304,"00000000000000000000000000000000000000000000000000000000000034"
437632,405472,62,32160,"00000000000000000000000000000000000000000000000000000000000035c0000000000000000000000000000000000000000000000000000000000000"
437696,437664,30,32,"000000000000000000000000000000000000000000000000000000000000"
437728,437696,31,32,"00000000000000000000000000000000000000000000000000000000000038"
437760,437535,31,225,"00000000000000000000000000000000000000000000000000000000000000"
437840,437787,4,53,"00000000"
437846,431849,2,5997,"0078"
437864,398445,2,39419,"007c"
437888,426407,6,11481,"000000000080"
437895,435869,3,2026,"00002e"
437900,407482,20,30418,"7160570bb153edd0ea1775ec2b2ac9b65f1ab61b"
437923,437889,4,34,"00000000"
437949,437900,22,49,"7160570bb153edd0ea1775ec2b2ac9b65f1ab61b0730"
437972,399814,5,38158,"0000000093"
437998,427158,20,10840,"eb466342c4d449bc9f53a865d5cb90586f405215"
438018,435913,60,2105,"82e708808000000000000000000000000000000000000000000000000000000000000000000000000000000000000000000000000000000000000000"
438079,393727,3,44352,"d602f9"
438083,393731,6,44352,"d282e7088204"
438090,393738,11,44352,"8459682f008459682f0e83"
438104,393752,23,44352,"94139abb67a33f6ddcf00fbab5e321184f4e5c22e180b9"
438128,393776,67,44352,"a4b5ed6a060000000000000000000000000000000000000000000000000000000000000060000000000000000000000000000000000000000000000000000000000000"
438197,438048,31,149,"00000000000000000000000000000000000000000000000000000000000008"
438229,406602,94,31627,"000000000000000000000000000000000000000000000000000000000000000500000000000000000000000000000000000000000000000000000000000000a0000000000000000000000000000000000000000000000000000000000000"
438325,407054,62,31271,"0000000000000000000000000000000000000000000000000000000000000320000000000000000000000000000000000000000000000000000000000000"
438389,438230,31,159,"00000000000000000000000000000000000000000000000000000000000005"
438420,438292,32,128,"a000000000000000000000000000000000000000000000000000000000000001"
438452,394676,68,43776,"046012ed2d000000000000000000000000139abb67a33f6ddcf00fbab5e321184f4e5c22e10000000000000000000000000000000000000000000000000000000000003f"
438521,436723,13,1798,"000000000000000000000000c0"
438553,394137,27,44416,"000000000000000000000000000000000000000000000000002eea"
438584,432671,33,5913,"000000000000000000000000000000000000000000000000000000000000000032"
438617,438489,44,128,"0000000000000000000000000000000000000000000000000000000000003fbe000000000000000000000000"
438661,394565,179,44096,"000000000000000000000000000000000000000100000000000000000000000000000000000000000000000000000000000000000000000000000000000000000000000000000000000000000000000000000000000000000000000000000000000000000000000000000000000001046012ed2d000000000000000000000000139abb67a33f6ddcf00fbab5e321184f4e5c22e10000000000000000000000000000000000000000000000000000000000003f"
438841,438827,12,14,"000000000000000000000000"
438873,438553,27,320,"000000000000000000000000000000000000000000000000002eea"
438904,394808,64,44096,"4000000000000000000000000000000000000000000000000000000000000000320000000000000000000000000000000000000000000000000000000000003f"
438969,438649,191,320,"000000000000000000000000000000000000000000000000000000000000000100000000000000000000000000000000000000000000000000000000000000000000000000000000000000000000000000000000000000000000000000000000000000000000000000000000000000000000000000000000000001046012ed2d000000000000000000000000139abb67a33f6ddcf00fbab5e321184f4e5c22e10000000000000000000000000000000000000000000000000000000000003f"
439161,400872,13,38289,"000000000000000000000000e1"
439193,439134,25,59,"00000000000000000000000000000000000000000000000000"
439224,378143,33,61081,"000000000000000000000000000000000000000000000000000000000000000031"
439257,439129,44,128,"0000000000000000000000000000000000000000000000000000000000003f84000000000000000000000000"
439301,438981,178,320,"000000000000000000000000000000000000000100000000000000000000000000000000000000000000000000000000000000000000000000000000000000000000000000000000000000000000000000000000000000000000000000000000000000000000000000000000000001046012ed2d000000000000000000000000139abb67a33f6ddcf00fbab5e321184f4e5c22e1000000000000000000000000000000000000000000000000000000000000"
439481,439467,12,14,"000000000000000000000000"
439507,439492,1,15,"00"
439513,438202,26,1311,"0000000000000000000000000000000000000000000000000008"
439544,438584,63,960,"000000000000000000000000000000000000000000000000000000000000000032000000000000000000000000000000000000000000000000000000000000"
439608,386415,33,53193,"d10000000000000000000000000000000000000000000000000000000000000001"
439641,439001,159,640,"00000000000000000000000000000000000000000000000000000000000000000000000000000000000000000000000000000000000000000000000000000000000000000000000000000000000000000000000000000000000001046012ed2d000000000000000000000000139abb67a33f6ddcf00fbab5e321184f4e5c22e10000000000000000000000000000000000000000000000000000000000003f"
439801,435986,13,3815,"00000000000000000000000002"
439833,439774,25,59,"00000000000000000000000000000000000000000000000000"
439864,431391,33,8473,"000000000000000000000000000000000000000000000000000000000000000030"
439897,439769,44,128,"0000000000000000000000000000000000000000000000000000000000003f6f000000000000000000000000"
439941,408830,111,31111,"000000000000000000000000000000000000000100000000000000000000000000000000000000000000000000000000000000000000000000000000000000000000000000000000000000000000000000000000000000000000000000000000000000000000000000000000000000"
440053,394997,27,45056,"000000000000000000000000000000000000000000000000002eae"
440085,440053,27,32,"000000000000000000000000000000000000000000000000002eae"
440117,439193,26,924,"0000000000000000000000000000000000000000000000000074"
440149,438053,27,2096,"0000000000000000000000000000000000000000000000000008d6"
440180,440026,26,154,"0000000000000000000000000000000000000000000000000000"
440212,440020,32,192,"0000000000000000000000000000000000000000000000000000000000000000"
440309,395189,73,45120,"1c00000000000000000000000000000000000000000000000000000000000000c000000000000000000000000000000000000000000000000000000000000000000000000000000000"
440397,406125,21,34272,"946352a56caadc4f1e25cd6c75970fa768a3304e64"
440425,431569,3,8856,"8000b9"
440430,406150,112,34280,"90411a320000000000000000000000002b5f704ab7061fb4dbfc5876b024f4bdb2f5e8b6000000000000000000000000000000000000000000000000000000000000006000000000000000000000000000000000000000000000000000000000000001c0000000000000000000000000"
440542,428895,32,11647,"eeeeeeeeeeeeeeeeeeeeeeeeeeeeeeeeeeeeeeee000000000000000000000000"
440574,408218,64,32356,"7d43aabc515c356145049227cee54b608342c0ad0000000000000000000000002b5f704ab7061fb4dbfc5876b024f4bdb2f5e8b6000000000000000000000000"
440638,409694,44,30944,"4ff7308017c6c7ccfce40c2e08efce91259d639f000000000000000000000000000000000000000000000000"
440682,440419,8,263,"015fb7f9b8c38000"
440690,440151,24,539,"000000000000000000000000000000000000000000000008"
440722,407698,76,33024,"000000000000000000000000000000000000000000000008d95803f08658e05e0000000000000000000000000000000000000000000000000000000000000000000000000000000000000000"
440798,406518,115,34280,"3487ef9f9b36547e43268b8f0e2349a226c70b530000000000000000000000000000000000000000000000000000000000000140000000000000000000000000000000000000000000000000000000000000000000000000000000000000000000000000000000000000000000000000000000"
440913,423263,63,17650,"040000000000000000000000000000000000000000000000000000000000000080000000000000000000000000000000000000000000000000000000000000"
440977,411058,63,29919,"400000000000000000000000000000000000000000000000000000000000000440000000000000000000000000000000000000000000000000000000000000"
441042,408654,88,32388,"000000000000000000000000e5d7c2a44ffddf6b295a15c148167daaaf5cf34f0000000000000000000000000000000000000000000000000000000000000000000000000000000000000000000000000000000000000000"
441130,440682,31,448,"015fb7f9b8c380000000000000000000000000000000000000000000000000"
441161,408613,41,32548,"0000000000000000800000000000000000000000000000000000000000000000000000000000000004"
441206,409166,186,32040,"000000000000000000000000000000000000000000000000000000000000000000000000000000000000000000000000000000000000000000000000000000000000000000000000000000000000000000000000000000000000000000000000000000000000000000000000000000000000000000000000000000000000000000000000000000000000000000000000000000000000000000000080000000000000000000000000000000000000000000000000000000000000"
441394,408522,131,32872,"9f865422000000000000000000000000e5d7c2a44ffddf6b295a15c148167daaaf5cf34f0000000000000000000000000000000100000000000000000000000000000001000000000000000000000000000000000000000000000000000000000000008000000000000000000000000000000000000000000000000000000000000000"
441525,409485,159,32040,"440000000000000000000000000000000000000000000000000000000000000000000000000000000000000000000000000000000000000000000000000000000000000000000000000000000000000000000000000000000000000000000000000000000000000000000000000000000000000000000000000000000000000080000000000000000000000000000000000000000000000000000000000000"
441690,387569,13,54121,"00000000000000000000000076"
441722,434954,76,6768,"00000000000000000000000000000000000000000000000000000000000000000000000000000000000000000000000000000000000000000000000000000001000000000000000000000000"
441798,440446,51,1352,"2b5f704ab7061fb4dbfc5876b024f4bdb2f5e8b600000000000000000000000000000000000000000000000000000000000000"
441850,441818,31,32,"00000000000000000000000000000000000000000000000000000000000000"
441902,441410,21,492,"e5d7c2a44ffddf6b295a15c148167daaaf5cf34f00"
441925,418214,51,23711,"7d43aabc515c356145049227cee54b608342c0ad00000000000000000000000000000000000000000000000000000000000000"
441976,408880,202,33096,"0000000000000000000000000000000000000000000000000000000000000000000000000000000000000000000000000000000000000000000000000000000000000000000000000000000000000000000000000000000000000000000000000000000000000000000000000000000000000000000000000000000000000000000000000000000000000000000000000000000000000000008000000000000000000000000000000000000000000000000000000000000000648a6a1e85000000000000000000000000"
442178,441925,32,253,"7d43aabc515c356145049227cee54b608342c0ad000000000000000000000000"
442210,409114,43,33096,"353c1f0bc78fbbc245b3c93ef77b1dcc5b77d2a02710000000000000000000000000000000000000000000"
442253,407721,68,34532,"08d95803f08658e05e0000000000000000000000000000000000000000000000000000000000000000000000000000000000000000000000000000000000000000000000"
442321,409225,145,33096,"0000000000000000000000000000000000000000000000000000000000000000000000000000000000000000000000000000000000000000000000000000000000000000000000000000000000000000000000000000000000000000000000008000000000000000000000000000000000000000000000000000000000000001a49f865422000000000000000000000000"
442466,406970,114,35496,"7d43aabc515c356145049227cee54b608342c0ad00000000000000000000000000000001000000000000000000000000000000010000000000000000000000000000000000000000000000000000000000000080000000000000000000000000000000000000000000000000000000000000"
442580,409484,178,33096,"004400000000000000000000000000000000000000000000000000000000000000000000000000000000000000000000000000000000000000000000000000000000000000000000000000000000000000000000000000000000000000000000000000000000000000000000000000000000000000000000000000000000000000800000000000000000000000000000000000000000000000000000000000000064d1660f99000000000000000000000000"
442758,442466,32,292,"7d43aabc515c356145049227cee54b608342c0ad000000000000000000000000"
442790,409694,152,33096,"4ff7308017c6c7ccfce40c2e08efce91259d639f0000000000000000000000000000000000000000000000000000000000000001000000000000000000000000000000000000000000000000000000000000000000000000000000000000000000000000000000000000000082e7088080000000000000000000000000000000000000000000000000000000000000000000000000000000"
442954,434856,2,8098,"0083"
442980,428715,3,14265,"80b903"
442988,442917,25,71,"00000000000000000000000000000000000000000000000000"
443020,442810,63,210,"000000000000000000000000000000000000000000000000000000000000000100000000000000000000000000000000000000000000000000000000000000"
443084,441362,31,1722,"00000000000000000000000000000000000000000000000000000000000002"
443116,431838,13,11278,"00000000000000000000000078"
443129,437848,19,5281,"9836543fac61864bbbe61f88a4e48ede007cdf"
443148,443020,44,128,"0000000000000000000000000000000000000000000000000000000000000001000000000000000000000000"
443192,441054,51,2138,"e5d7c2a44ffddf6b295a15c148167daaaf5cf34f00000000000000000000000000000000000000000000000000000000000000"
443244,430867,95,12377,"0000000000000000000000000000000000000000000000000000000000000002000000000000000000000000000000000000000000000000000000000000004000000000000000000000000000000000000000000000000000000000000001"
443339,410962,63,32377,"0000000000000000000000000000000000000000000000000000000000000000a0000000000000000000000000000000000000000000000000000000000000"
443402,382461,33,60941,"000f00000000000000000000000000000000000000000000000000000000000000"
443436,443404,44,32,"0000000000000000000000000000000000000000000000000000000000000040000000000000000000000000"
443480,437929,20,5551,"3cd14d1efe5fc8323a9cab33f8e6b1b4306f2425"
443500,427146,44,16354,"000000000000000000000000eb466342c4d449bc9f53a865d5cb90586f405215000000000000000000000000"
443544,440322,51,3222,"00000000000000000000000000000000000000c000000000000000000000000000000000000000000000000000000000000000"
443596,443404,63,192,"000000000000000000000000000000000000000000000000000000000000004000000000000000000000000000000000000000000000000000000000000000"
443660,443647,12,13,"000000000000000000000000"
443692,443148,44,544,"0000000000000000000000000000000000000000000000000000000000000001000000000000000000000000"
443736,431786,20,11950,"176211869ca2b568f2a7d4ee941e073a821ee1ff"
443756,438018,50,5738,"82e7088080000000000000000000000000000000000000000000000000000000000000000000000000000000000000000000"
443806,424734,8,19072,"0392f9038f830305"
443820,395884,129,47936,"8313f7c094a658742d33ebd2ce2f0bdff73515aa797fd161d980b90364252f7b01000000000000000000000000000000000000000000000000000000000000006f00000000000000000000000045f1a95a4d3f3836523f5c83673c797f4d4d263b0000000000000000000000000000000000000000000000000000000000043238"
443949,426001,32,17948,"1dbda51b0449d5cda96c24837aab2d91a102c7563609a90d90f30538a2a5e7c4"
443981,426001,63,17980,"1dbda51b0449d5cda96c24837aab2d91a102c7563609a90d90f30538a2a5e7c400000000000000000000000000000000000000000000000000000000000000"
444044,396108,72,47936,"c000000000000000000000000000000000000000000000000000000000000002740000000000000000000000004d73adb72bc3dd368966edd0f0b2148401a178e20000000000008a"
444117,396181,231,47936,"006f701a95707a0290ac8b90b3719e8ee5b21036088300b745f1a95a4d3f3836523f5c83673c797f4d4d263b0000000000000000000000000000000000000000000000000000000000000001000000000000000000000000000000000000000000000000000000000000000d000000000000000000000000000000000000000000000000000000000000000d00000000000000000000000000000000000000000000000000000000000000000000000000000000000000000000000000000000000000000000000000000000000000000000000000000000000000000000000000000023dc4efe"
444353,392710,25,51643,"00000000000000000000000000000000000000000000000010"
444385,424164,27,20221,"000000000000000000000000000000000000000000000000000021"
444416,441014,27,3402,"000000000000000000000000000000000000000000000000000005"
444449,439995,58,4454,"00000000000000000000000000000000000000000000000000000000000000000000000000000000000000000000000000000000000000000005"
444507,444443,30,64,"e009d2cb9028000000000000000000000000000000000000000000000000"
444545,425473,96,19072,"00000000000000000000000000000000000000000000000000000000000001c000000000000000000000000000000000000000000000000000000000000002000000000000000000000000000000000000000000000000000000000000000014"
444661,434736,105,9925,"000000000000000000000000000000000000000000000000000000000000000000000000000000000000000000000000000000000000000082e70880800000000000000000000000000000000000000000000000000000000000000000000000000000000000000000"
444766,443806,8,960,"0392f9038f830305"
444775,443815,69,960,"843a9a553d8313f7c094a658742d33ebd2ce2f0bdff73515aa797fd161d980b90364252f7b0100000000000000000000000000000000000000000000000000000000000000"
444844,424812,65,20032,"b800000000000000000000000045f1a95a4d3f3836523f5c83673c797f4d4d263b0000000000000000000000000000000000000000000000000000000000043238"
444909,426609,32,18300,"722d5e373a90a672edfaa51091ca7c88e3e99d2f16145d78a3e6286640be7b63"
444941,426609,63,18332,"722d5e373a90a672edfaa51091ca7c88e3e99d2f16145d78a3e6286640be7b6300000000000000000000000000000000000000000000000000000000000000"
445004,424972,72,20032,"c0000000000000000000000000000000000000000000000000000000000000027400000000000000000000000038de71124f7a447a01d67945a51edce9ff491251000000000000a2"
445077,425045,197,20032,"00b8af54be5b6eec24d6bfacf1cce4eaf680a823939800b745f1a95a4d3f3836523f5c83673c797f4d4d263b0000000000000000000000000000000000000000000000000000000000000001000000000000000000000000000000000000000000000000000000000000000d000000000000000000000000000000000000000000000000000000000000000d000000000000000000000000000000000000000000000000000000000000000000000000000000000000000000000000000000000000000000"
445274,437248,31,8026,"00000000000000000000000000000000000000000000000000000000000028"
445305,425273,32,20032,"22ebf0831ec2d106000000000000000000000000000000000000000000000000"
445344,443376,28,1968,"0000000000000000000000000000000000000000000000000000000f"
445376,439641,91,5735,"00000000000000000000000000000000000000000000000000000000000000000000000000000000000000000000000000000000000000000000000000000000000000000000000000000000000000000000000000000000000001"
445472,438170,26,7302,"0000000000000000000000000000000000000000000000000007"
445503,425471,98,20032,"000000000000000000000000000000000000000000000000000000000000000001c000000000000000000000000000000000000000000000000000000000000002000000000000000000000000000000000000000000000000000000000000000014"
445621,434736,106,10885,"000000000000000000000000000000000000000000000000000000000000000000000000000000000000000000000000000000000000000082e7088080000000000000000000000000000000000000000000000000000000000000000000000000000000000000000000"
445731,426916,6,18815,"8435a4e90083"
445737,397075,43,48662,"01635394176211869ca2b568f2a7d4ee941e073a821ee1ff80b844095ea7b3000000000000000000000000"
445800,416945,32,28855,"ffffffffffffffffffffffffffffffffffffffffffffffffffffffffffffffff"
445832,434792,55,11040,"82e70880800000000000000000000000000000000000000000000000000000000000000000000000000000000000000000000000000001"
445888,432352,3,13536,"02f901"
445891,432705,6,13186,"f082e7088084"
445901,445896,4,5,"8430e30e"
445906,421993,3,23913,"830159"
445909,403626,23,42283,"1c940872ec4426103482a50f26ffc32acefcec61b3c980"
445932,434883,196,11049,"b901c4d4dfd6bc000000000000000000000000000000000000000000000000000000000000000000000000000000000000000000000000000000000000000000000000000000000000000000000000000000000000000000000000000000000000000000000000000000000000000000000000000000000000000000000000000000000000000100000000000000000000000000000000000000000000000000000000000000010000000000000000000000000000000000000000000000000000000065"
446131,435082,160,11049,"00000000000000000000000000000000000000000000000000000000000000000000000000000000000000000000000000000000000000000000000000000005000000000000000000000000000000000000000000000000000000000000000000000000000000000000000000000000000000000000000000000000000001400000000000000000000000000000000000000000000000000000000000000041"
446355,410060,63,36295,"1b00000000000000000000000000000000000000000000000000000000000000c0000000000000000000000000000000000000000000000000000000000000"
446418,416850,23,29568,"000000000000000000000000007202f86f82e708088430"
446444,446439,5,5,"8430e30e16"
446449,416881,142,29568,"83011c4294176211869ca2b568f2a7d4ee941e073a821ee1ff80b844095ea7b30000000000000000000000001d0188c4b276a09366d05d6be06af61a73bc7535ffffffffffffffffffffffffffffffffffffffffffffffffffffffffffffffffc0000000000000000000000000000000000000000000000000000000000000000000000000000000000000000001"
446591,419167,10,27424,"3302f9012f82e7080984"
446601,430409,137,16192,"2f8de966842f8de96f827e5494d1a3abf42f9e66be86cfdea8c5c2c74f041c5e1480b901045b7d7482000000000000000000000000000000000000000000000000000000000000004000000000000000000000000000000000000000000000000000000000000000a00000000000000000000000000000000000000000000000000000000000000040"
446741,412863,3,33878,"373338"
446749,419460,3,27289,"393332"
446755,430651,3,16104,"383530"
446759,400161,4,46598,"63316466"
446763,430586,3,16177,"346432"
446766,412831,3,33935,"323632"
446769,400270,3,46499,"366530"
446772,419351,3,27421,"383636"
446776,387264,3,59512,"383834"
446797,432643,4,14154,"32616237"
446802,430610,33,16192,"000000000000000000000000000000000000000000000000000000000000004065"
446841,400641,3,46200,"363761"
446844,412832,3,34012,"363237"
446856,430601,3,16255,"383039"
446865,419335,3,27530,"643734"
446882,446763,3,119,"346432"
446886,412830,4,34056,"30323632"
446898,432658,51,14240,"c000000000000000000000000000000000000000000000000000000000000000000000000000000000000000003202f082e708"
446949,418119,3,28830,"01842f"
446952,446602,9,350,"8de966842f8de96f82"
446961,435882,3,11079,"520894"
446984,418155,8,28829,"87038d7ea4c68000"
446993,429841,53,17152,"c00000000000000000000000000000000000000000000000000000000000000000000000000000000000000000007102f86e82e708"
447047,446950,11,97,"842f8de966842f8de96f82"
447060,446453,40,607,"94176211869ca2b568f2a7d4ee941e073a821ee1ff80b844095ea7b3000000000000000000000000"
447120,431708,30,15412,"0000000000000000000000000000000000000000000000000000000000e4"
447152,417712,54,29440,"c0000000000000000000000000000000000000000000000000000000000000000000000000000000000000000000009902f89682e708"
447207,431528,12,15679,"842f8de966842f8de96f8303"
447242,417802,148,29440,"8702738d24e52000b8643a1b1d57000000000000000000000000783c0777591caf4191181ed09c7d1ea2de73843e00000000000000000000000000000000000000000000000000000000000000400000000000000000000000000000000000000000000000000000000000000000c000000000000000000000000000000000000000000000000000000000000000000000000000"
447390,387006,12,60384,"013302f9012f82e70808842f"
447405,447400,4,5,"842f6b9a"
447410,400498,129,46912,"827e5494d1a3abf42f9e66be86cfdea8c5c2c74f041c5e1480b901045b7d7482000000000000000000000000000000000000000000000000000000000000004000000000000000000000000000000000000000000000000000000000000000a0000000000000000000000000000000000000000000000000000000000000004065"
447539,446835,63,704,"626265643337363761363237623463353734353136383039663633383366643734303332643365373436646332663434643239303236323136623939336163"
447602,446706,96,896,"000000000000000000000000000000000000000000000000000000000000004061313637333863333232623933326233353835303463316466346432323632366530383636653838343031363664386236333163323865646362373261623730"
447699,447155,44,544,"0000000000000000000000000000000000000000000000000000000000000000000000000000000000000000"
447747,432195,6,15552,"82e70802842f"
447753,447402,8,351,"6b9a70842f6b9a7a"
447765,432213,21,15552,"94009a0b7c38b542208936f1179151cd08e2943833"
447793,444842,3,2951,"0000b8"
447801,432241,56,15560,"000000000000000000000000c7d8489dae3d2ebef075b1db2257e2c231c9d231000000000000000000000000000000000000000000000000"
447857,447787,8,70,"141f6f514c510000"
447865,397785,45,50080,"c0000000000000000000000000000000000000000000000000000000000000000000000000005102f84e82e708"
447910,447750,12,160,"02842f6b9a70842f6b9a7a83"
447922,417650,109,30272,"010a3b949dba31e492b7e98b8195e254ee13b6b027e4a59d80a4a7f68792766f746500000000000000000000000000000000000000000000000000000000c000000000000000000000000000000000000000000000000000000000000000000000000000000000000000000000"
448031,419519,9,28512,"5102f84e82e7088084"
448040,447912,118,128,"2f6b9a70842f6b9a7a83010a3b949dba31e492b7e98b8195e254ee13b6b027e4a59d80a4a7f68792766f746500000000000000000000000000000000000000000000000000000000c0000000000000000000000000000000000000000000000000000000000000000000000000000000000000000000"
448160,447392,3,768,"02f901"
448164,397059,4,51105,"82e70881"
448169,447400,139,769,"842f6b9a70842f6b9a7a827e5494d1a3abf42f9e66be86cfdea8c5c2c74f041c5e1480b901045b7d7482000000000000000000000000000000000000000000000000000000000000004000000000000000000000000000000000000000000000000000000000000000a0000000000000000000000000000000000000000000000000000000000000004065"
448310,400686,3,47624,"613364"
448317,400186,3,48131,"643532"
448324,387162,3,61162,"616662"
448327,419005,3,29322,"353335"
448332,447668,3,664,"383636"
448335,400687,3,47648,"336463"
448339,430594,3,17745,"323232"
448345,387178,3,61167,"653331"
448348,400635,3,47713,"376338"
448352,419089,3,29263,"666134"
448357,400189,3,48168,"386365"
448371,448275,32,96,"0000000000000000000000000000000000000000000000000000000000000040"
448406,387177,3,61229,"656533"
448417,430689,3,17728,"383831"
448421,430596,3,17825,"326363"
448427,400146,3,48281,"643861"
448430,387287,3,61143,"376633"
448436,448361,3,75,"313062"
448441,400296,3,48145,"353137"
448444,448441,3,3,"353137"
448457,448308,3,149,"653461"
448463,419316,3,29147,"306337"
448468,448115,43,353,"00000000000000000000000000000000000000000000000000000000000000000000000000000000000000"
448513,398274,4,50239,"ef82e708"
448523,448518,4,5,"842df426"
448528,446960,4,1568,"82520894"
448532,422980,20,25552,"7d832a5c829ab7c90c2adcc1a03b8f5da6fd21ce"
448558,446991,48,1567,"0080c0000000000000000000000000000000000000000000000000000000000000000000000000000000000000000000"
448606,434526,54,14080,"010df9010a01842aea5400829d78940872ec4426103482a50f26ffc32acefcec61b3c980b8e4f242432a000000000000000000000000"
448660,436460,20,12200,"9811f46913fa9c7cc7fa4a715fab6391604cdf6d"
448680,432872,256,15808,"000000000000000000000000aec3cacef9457ff2821d9f85429ce3d90b0014590000000000000000000000000000000000000000000000000000000000000005000000000000000000000000000000000000000000000000000000000000000100000000000000000000000000000000000000000000000000000000000000a00000000000000000000000000000000000000000000000000000000000000000000000000000000000000000000000000000000000000000000000000000000082e708808000000000000000000000000000000000000000000000000000000000000000000000000000000000000000000000000000010df9010a01842aea54"
448680,432872,44,15808,"000000000000000000000000aec3cacef9457ff2821d9f85429ce3d90b001459000000000000000000000000"
448980,436440,20,12540,"be80dc299453ee338d31700007f2c3a5575294af"
449000,420360,256,28640,"000000000000000000000000aec3cacef9457ff2821d9f85429ce3d90b0014590000000000000000000000000000000000000000000000000000000000000005000000000000000000000000000000000000000000000000000000000000000100000000000000000000000000000000000000000000000000000000000000a00000000000000000000000000000000000000000000000000000000000000000000000000000000000000000000000000000000000000000000000000000000082e70880800000000000000000000000000000000000000000000000000000000000000000000000000000000000000000000000000001eff901ec80842aea54"
449000,420360,225,28640,"000000000000000000000000aec3cacef9457ff2821d9f85429ce3d90b0014590000000000000000000000000000000000000000000000000000000000000005000000000000000000000000000000000000000000000000000000000000000100000000000000000000000000000000000000000000000000000000000000a00000000000000000000000000000000000000000000000000000000000000000000000000000000000000000000000000000000000000000000000000000000082e708808000000000000000000000000000000000000000000000000000000000"
449482,446131,160,3351,"00000000000000000000000000000000000000000000000000000000000000000000000000000000000000000000000000000000000000000000000000000005000000000000000000000000000000000000000000000000000000000000000000000000000000000000000000000000000000000000000000000000000001400000000000000000000000000000000000000000000000000000000000000041"
449661,449640,1,21,"00"
449706,421066,256,28640,"1b0000000000000000000000000000000000000000000000000000000000000082e7088080000000000000000000000000000000000000000000000000000000000000000000000000000000000000000000000001eff901ec80842aea540083015f90940872ec4426103482a50f26ffc32acefcec61b3c980b901c4d4dfd6bc0000000000000000000000000000000000000000000000000000000000000000000000000000000000000000000000000000000000000000000000000000000000000000000000000000000000000000000000000000000000000000000000000000000000000000000000000000000000000000000000000000000000000001"
449706,421066,63,28640,"1b0000000000000000000000000000000000000000000000000000000000000082e70880800000000000000000000000000000000000000000000000000000"
450026,449482,160,544,"00000000000000000000000000000000000000000000000000000000000000000000000000000000000000000000000000000000000000000000000000000005000000000000000000000000000000000000000000000000000000000000000000000000000000000000000000000000000000000000000000000000000001400000000000000000000000000000000000000000000000000000000000000041"
450250,434442,138,15808,"1c0000000000000000000000000000000000000000000000000000000000000082e70880800000000000000000000000000000000000000000000000000000000000000000000000000000000000000000000000010df9010a01842aea5400829d78940872ec4426103482a50f26ffc32acefcec61b3c980b8e4f242432a000000000000000000000000"
450388,436500,20,13888,"d78aaa02e1032c00d0ff0ca05d3c595bbb9683f1"
450408,449000,256,1408,"000000000000000000000000aec3cacef9457ff2821d9f85429ce3d90b0014590000000000000000000000000000000000000000000000000000000000000005000000000000000000000000000000000000000000000000000000000000000100000000000000000000000000000000000000000000000000000000000000a00000000000000000000000000000000000000000000000000000000000000000000000000000000000000000000000000000000000000000000000000000000082e70880800000000000000000000000000000000000000000000000000000000000000000000000000000000000000000000000000001eff901ec80842aea54"
450408,449000,3,1408,"000000"
450667,445908,220,4759,"591c940872ec4426103482a50f26ffc32acefcec61b3c980b901c4d4dfd6bc000000000000000000000000000000000000000000000000000000000000000000000000000000000000000000000000000000000000000000000000000000000000000000000000000000000000000000000000000000000000000000000000000000000000000000000000000000000000000000000000000000000000000100000000000000000000000000000000000000000000000000000000000000010000000000000000000000000000000000000000000000000000000065"
450890,450026,160,864,"00000000000000000000000000000000000000000000000000000000000000000000000000000000000000000000000000000000000000000000000000000005000000000000000000000000000000000000000000000000000000000000000000000000000000000000000000000000000000000000000000000000000001400000000000000000000000000000000000000000000000000000000000000041"
451114,435306,87,15808,"1c0000000000000000000000000000000000000000000000000000000000000082e70880800000000000000000000000000000000000000000000000000000000000000000000000000000000000000000000000002ceb"
451202,435876,9,15326,"842aea540082520894"
451231,421823,76,29408,"865af3107a40008082e70880800000000000000000000000000000000000000000000000000000000000000000000000000000000000000000000000000000002ceb50842aea540082520894"
451327,421727,76,29600,"865af3107a40008082e70880800000000000000000000000000000000000000000000000000000000000000000000000000000000000000000000000000000002ceb4e842aea540082520894"
451422,451230,65,192,"7c865af3107a40008082e7088080000000000000000000000000000000000000000000000000000000000000000000000000000000000000000000000000000000"
451487,391679,33,59808,"000000000000000000000000000000000000000000000000000000000000000230"
451540,404072,20,47468,"5343d6e6fbdaeb372879e73a80d8e99ccd5f4058"
451560,442790,20,8770,"4ff7308017c6c7ccfce40c2e08efce91259d639f"
451600,436020,20,15580,"e93685f3bba03016f02bd1828badd6195988d950"
451620,404112,40,47508,"e93685f3bba03016f02bd1828badd6195988d9503d391afffed2255a2dd00325c3a96a5a8e023ff8"
451733,400747,3,50986,"633130"
451740,422840,20,28900,"b03d651170ceee35729aff792d522fd952cf94c0"
451760,447268,20,4492,"783c0777591caf4191181ed09c7d1ea2de73843e"
451800,392032,20,59768,"42601170d8cb28522671979bd89a708b93ac11b1"
451900,448660,20,3240,"9811f46913fa9c7cc7fa4a715fab6391604cdf6d"
451920,448980,20,2940,"be80dc299453ee338d31700007f2c3a5575294af"
451940,435787,20,16153,"bbad135fe6a6e1861c021e7ec049f4cc29f42ef3"
451960,435403,20,16557,"ea940f0071a4f68cce1123016e9b300fc507ab64"
451980,450388,20,1592,"d78aaa02e1032c00d0ff0ca05d3c595bbb9683f1"
452000,435885,20,16115,"508bc166cf62497e1bb0a79fc4ad27704a854d08"
452020,423120,20,28900,"161dbc3f770dc97288eed3c864daba618a209a24"
452040,423100,20,28940,"b268e06dd9826e7c47c4b6bbc9f16df2d3bdc9ae"
452060,423140,20,28920,"50ee2a1789f78174bf7fad3a2e9b21dec8ed0eb7"
452080,451470,49,610,"00000000000000000000000000000000000000000000000000000000000000000000000000000000000000000000000002"
452160,436672,31,15488,"0000000000000000000000000000000000000000000000000000000064fa85"
452192,447321,62,4871,"00000000000000000000000000000000000000000000000000000000000000c0000000000000000000000000000000000000000000000000000000000000"
452256,452224,31,32,"00000000000000000000000000000000000000000000000000000000000040"
452288,452256,30,32,"000000000000000000000000000000000000000000000000000000000000"
452320,415833,33,36487,"000000000000000000000000000000000000000000000000000000000000002200"
452353,440979,61,11374,"00000000000000000000000000000000000000000000000000000000000440000000000000000000000000000000000000000000000000000000000000"
452416,440352,31,12064,"00000000000000000000000000000000000000000000000000000000000009"
452447,452320,31,127,"00000000000000000000000000000000000000000000000000000000000000"
452479,423743,32,28736,"600000000000000000000000000000000000000000000000000000000000000c"
452511,443372,63,9139,"000000000000000000000000000000000000000000000000000000000000000f00000000000000000000000000000000000000000000000000000000000000"
452576,392736,31,59840,"00000000000000000000000000000000000000000000000000000000000011"
452608,423840,31,28768,"00000000000000000000000000000000000000000000000000000000000013"
452639,392831,32,59808,"8000000000000000000000000000000000000000000000000000000000000014"
452671,423903,32,28768,"2000000000000000000000000000000000000000000000000000000000000017"
452704,423936,31,28768,"00000000000000000000000000000000000000000000000000000000000018"
452736,423968,31,28768,"00000000000000000000000000000000000000000000000000000000000019"
452768,393088,31,59680,"0000000000000000000000000000000000000000000000000000000000001d"
452800,404865,61,47935,"0000000000000000000000000000000000000000000000000000000000001f000000000000000000000000000000000000000000000000000000000000"
452861,393213,33,59648,"002040000000000000000000000000000000000000000000000000000000000000"
452895,444313,32,8582,"0000000000000000000000000000000000000000000000000000000000000023"
452928,408783,31,44145,"00000000000000000000000000000000000000000000000000000000000024"
452960,437152,31,15808,"00000000000000000000000000000000000000000000000000000000000025"
452992,437216,31,15776,"00000000000000000000000000000000000000000000000000000000000027"
453023,452895,31,128,"00000000000000000000000000000000000000000000000000000000000000"
453055,424543,32,28512,"600000000000000000000000000000000000000000000000000000000000002f"
453088,437536,62,15552,"0000000000000000000000000000000000000000000000000000000000003040000000000000000000000000000000000000000000000000000000000000"
453152,437632,31,15520,"00000000000000000000000000000000000000000000000000000000000035"
453183,453023,31,160,"00000000000000000000000000000000000000000000000000000000000000"
453216,436736,31,16480,"00000000000000000000000000000000000000000000000000000000000039"
453248,453216,30,32,"000000000000000000000000000000000000000000000000000000000000"
453280,439577,31,13703,"0000000000000000000000000000000000000000000000000000000000003c"
453312,405696,31,47616,"0000000000000000000000000000000000000000000000000000000000003d"
453344,453312,30,32,"000000000000000000000000000000000000000000000000000000000000"
453376,453344,31,32,"0000000000000000000000000000000000000000000000000000000000003e"
453408,453376,31,32,"0000000000000000000000000000000000000000000000000000000000003e"
453439,412338,32,41101,"e000000000000000000000000000000000000000000000000000000000000002"
453471,426303,7,27168,"32f9022f830306"
453484,426316,128,27168,"83048d9c94cb566e3b6934fa77258d68ea18e931fa75e1aaaa80b902046c459a2800000000000000000000000038de71124f7a447a01d67945a51edce9ff49125100000000000000000000000000000000000000000000000000000000000000800000000000000000000000000000000000000000000000000000000064fad9"
453613,426445,99,27168,"00000000000000000000000000000000000000000000000000000000000001400000000000000000000000000000000000000000000000000000000000000084704316e500000000000000000000000000000000000000000000000000000000000000"
453745,445569,32,8176,"0000000000000000000000000000000000000000000000000000000000000014"
453777,453713,63,64,"52ae8c96c918a92b4b4ce1705adc181af67521eef0cc0279330ecd24beb3099900000000000000000000000000000000000000000000000000000000000000"
453840,451118,29,2722,"0000000000000000000000000000000000000000000000000000000082"
453998,426222,88,27776,"1b00000000000000000000000000000000000000000000000000000000000082e708808000000000000000000000000000000000000000000000000000000000000000000000000000000000000000000232f9022f830306"
454087,453479,233,608,"843a89d9c383048d9c94cb566e3b6934fa77258d68ea18e931fa75e1aaaa80b902046c459a2800000000000000000000000038de71124f7a447a01d67945a51edce9ff49125100000000000000000000000000000000000000000000000000000000000000800000000000000000000000000000000000000000000000000000000064fad98d00000000000000000000000000000000000000000000000000000000000001400000000000000000000000000000000000000000000000000000000000000084704316e500000000000000000000000000000000000000000000000000000000000000"
454324,454319,1,5,"00"
454353,453745,32,608,"0000000000000000000000000000000000000000000000000000000000000014"
454385,454321,63,64,"a055ce0046344793b1af50d3f13189ed8f271e5aea51a4a05aa091776bd7d3f600000000000000000000000000000000000000000000000000000000000000"
454448,454001,29,447,"0000000000000000000000000000000000000000000000000000000082"
454606,453998,88,608,"1b00000000000000000000000000000000000000000000000000000000000082e708808000000000000000000000000000000000000000000000000000000000000000000000000000000000000000000232f9022f830306"
454694,395878,3,58816,"43843a"
454697,454089,232,608,"89d9c383048d9c94cb566e3b6934fa77258d68ea18e931fa75e1aaaa80b902046c459a2800000000000000000000000038de71124f7a447a01d67945a51edce9ff49125100000000000000000000000000000000000000000000000000000000000000800000000000000000000000000000000000000000000000000000000064fad98d00000000000000000000000000000000000000000000000000000000000001400000000000000000000000000000000000000000000000000000000000000084704316e5000000000000000000000000000000000000000000000000000000000000006f"
454961,454353,32,608,"0000000000000000000000000000000000000000000000000000000000000014"
454993,454929,63,64,"0bf37cc324a2bf2882ec9c824207fa9d9fccd8d6fc61562c44e2e8fb3c0c2e6100000000000000000000000000000000000000000000000000000000000000"
455056,454609,29,447,"0000000000000000000000000000000000000000000000000000000082"
455206,452605,2,2601,"0011"
455214,426830,80,28384,"1c00000000000000000000000000000000000000000000000000000000000082e70880800000000000000000000000000000000000000000000000000000000000000000000000000000000000000000"
455294,445726,4,9568,"006df86b"
455308,447060,40,8248,"94176211869ca2b568f2a7d4ee941e073a821ee1ff80b844095ea7b3000000000000000000000000"
455363,444088,2,11275,"004d"
455368,452420,27,2948,"000000000000000000000000000000000000000000000000000009"
455399,450599,55,4800,"0082e708808000000000000000000000000000000000000000000000000000000000000000000000000000000000000000000000000000"
455460,445731,6,9729,"8435a4e90083"
455470,445780,20,9690,"e222fbe074a436145b255442d919e4e3a6c6a480"
455505,411347,126,44158,"000000000000000000000000000000000000000000000000000000000000002000000000000000000000000000000000000000000000000000000000000000020000000000000000000000000000000000000000000000000000000000000040000000000000000000000000000000000000000000000000000000000000"
455632,397691,32,57941,"2000000000000000000000000000000000000000000000000000000000000001"
455669,430999,95,24670,"000000000000000000000000176211869ca2b568f2a7d4ee941e073a821ee1ff000000000000000000000000e5d7c2a44ffddf6b295a15c148167daaaf5cf34f00000000000000000000000000000000000000000000000000000000000000"
455765,444737,30,11028,"000000000000000000000000000000000000000000000000000000000003"
455797,455765,30,32,"000000000000000000000000000000000000000000000000000000000003"
455829,455765,31,64,"0000000000000000000000000000000000000000000000000000000000030f"
455861,455797,31,64,"0000000000000000000000000000000000000000000000000000000000031b"
455893,455603,29,290,"0000000000000000000000000000000000000000000000000000000002"
455925,447718,26,8207,"000000000000000000000000000000000000000000000000007a"
455951,455492,6,459,"9a2c39520eeb"
455957,455893,29,64,"0000000000000000000000000000000000000000000000000000000002"
455989,455925,26,64,"000000000000000000000000000000000000000000000000007a"
456021,453330,13,2691,"0000000000000000000000003d"
456034,451641,19,4393,"391afffed2255a2dd00325c3a96a5a8e023ff8"
456053,430235,31,25818,"0000000000000000000000000000000000000000000000000000000064fa89"
456085,440854,60,15231,"000000000000000000000000000000000000000000000000000000000000000000000000000000000000000000000000000000000000000000000004"
456149,455217,74,932,"0000000000000000000000000000000000000000000000000000000082e70880800000000000000000000000000000000000000000000000000000000000000000000000000000000000"
456226,446945,4,9281,"f082e708"
456237,456232,4,5,"8432aff4"
456246,398293,59,57953,"94bc7f67fa9c72f9fccf917cbcee2a50deb031462a80b8c48f6bdeaa00000000000000000000000000000000000000000000000000000000000000"
456306,450826,56,5480,"0000000000000000000000000000000000000000000000000000000000000001000000000000000000000000000000000000000000000000"
456369,456307,30,62,"000000000000000000000000000000000000000000000000000000000000"
456402,452530,13,3872,"0000000000000000000000000f"
456434,431578,31,24856,"0000000000000000000000000000000000000000000000000000000064fa86"
456466,419122,45,37344,"c00000000000000000000000000000000000000000000000000000000000000000000000000000000000000001"
456515,445895,3,10620,"808430"
456561,398010,44,58551,"000000000000000000000000000000000000000000000000000000000000006e000000000000000000000000"
456605,450516,42,6089,"00000000000000000000000000000000000000a000000000000000000000000000000000000000000000"
456656,451454,64,5202,"00000000000000000000000000000000000000000000000000000000000000000000000000000000000000000000000000000000000000000000000000000000"
456721,454961,32,1760,"0000000000000000000000000000000000000000000000000000000000000014"
456773,415821,75,40952,"000000000000000000000000000000000000000000000000000000000000000000000000000000000000002200010000000000000000000000000000000000000000000000000000000000"
456851,455215,75,1636,"00000000000000000000000000000000000000000000000000000000000082e708808000000000000000000000000000000000000000000000000000000000000000000000000000000000"
456928,448160,3,8768,"02f901"
456932,415972,6,40960,"82e708038430"
456941,456936,5,5,"8430c83578"
456987,450929,25,6058,"00000000000000000000000000000000000000000000000005"
457019,456999,12,20,"000000000000000000000000"
457051,440530,44,16521,"000000000000000000000000eeeeeeeeeeeeeeeeeeeeeeeeeeeeeeeeeeeeeeee000000000000000000000000"
457095,455713,44,1382,"e5d7c2a44ffddf6b295a15c148167daaaf5cf34f000000000000000000000000000000000000000000000000"
457147,457115,56,32,"00000000000000000000000000000000000000000000000009668a88f15e9c1d000000000000000000000000000000000000000000000000"
457203,443877,20,13326,"000000000000006f000000000000000000000000"
457223,457063,32,160,"eeeeeeeeeeeeeeeeeeeeeeeeeeeeeeeeeeeeeeee000000000000000000000000"
457256,452396,19,4860,"00000000000000000000000000000000000006"
457275,457147,25,128,"00000000000000000000000000000000000000000000000009"
457307,447320,68,9987,"0000000000000000000000000000000000000000000000000000000000000000c00000000000000000000000000000000000000000000000000000000000000000000000"
457375,455295,3,2080,"6df86b"
457378,418823,3,38555,"04842f"
457383,445735,45,11648,"008301635394176211869ca2b568f2a7d4ee941e073a821ee1ff80b844095ea7b3000000000000000000000000"
457428,446493,52,10935,"1d0188c4b276a09366d05d6be06af61a73bc7535ffffffffffffffffffffffffffffffffffffffffffffffffffffffffffffffff"
457480,455400,54,2080,"82e708808000000000000000000000000000000000000000000000000000000000000000000000000000000000000000000000000000"
457539,397959,3,59580,"14842f"
457542,457381,4,161,"af080083"
457549,428694,21,28855,"941d0188c4b276a09366d05d6be06af61a73bc7535"
457577,399537,3,58040,"0000b9"
457580,428717,146,28863,"0324d3115a8a000000000000000000000000000000000000000000000000000000000000006000000000000000000000000000000000000000000000000000000000000000c000000000000000000000000000000000000000000000000000000000000001200000000000000000000000000000000000000000000000000000000000000002000000000000000000000000"
457726,457095,20,631,"e5d7c2a44ffddf6b295a15c148167daaaf5cf34f"
457746,416179,93,41567,"eeeeeeeeeeeeeeeeeeeeeeeeeeeeeeeeeeeeeeeeeeeeeeeeeeeeeeeeeeeeeeee00000000000000000000000000000000000000000000000000000000000000020000000000000000000000000000000000000000000000000000000000"
457839,428023,130,29816,"00000000000000000000000000000000000000000000000000000000000000000000000000000000000000000000000000000000000000000000000000000000000002000000000000000000000000000000000000000000000000000000000000004000000000000000000000000000000000000000000000000000000000000001"
457971,452979,12,4992,"000000000000000000000025"
458002,429139,97,28863,"000000000000000000000000000000000000000000000000000000000000006000000000000000000000000000000000000000000000000000000000000000c0000000000000000000000000000000000000000000000000000000000000000200"
458099,407879,16,50220,"0000000000000000000000000000007f"
458115,429252,16,28863,"ffffffffffffffffffffffffffffff01"
458131,436840,24,21291,"00000000000000000000000000000000000000000000001c"
458155,457572,7,583,"7310237d8d0000"
458162,429299,160,28863,"00000000000000000000000000000000000000000000000000000000000000000500000000000000000000000000000000000000000000000000000000000000000000000000000000000000000000000000000000000000000000000000006000000000000000000000000000000000000000000000000000000000000000a00000000000000000000000000000000000000000000000000000000000000001"
458322,456817,16,1505,"00010000000000000000000000000000"
458338,458122,8,216,"ffffffffffffffff"
458353,450567,78,7786,"00000000000000000000000000000000000000000000000000000000000000000082e708808000000000000000000000000000000000000000000000000000000000000000000000000000000000"
458431,447039,7,11392,"7102f86e82e708"
458438,446949,12,11489,"01842f8de966842f8de96f82"
458452,455308,86,3144,"94176211869ca2b568f2a7d4ee941e073a821ee1ff80b844095ea7b300000000000000000000000080e38291e06339d10aab483c65695d004dbd5c690000000000000000000000000000000000000000000000000000"
458538,456411,4,2127,"0000000f"
458544,418768,55,39776,"c0000000000000000000000000000000000000000000000000000000000000000000000000000000000000000000013302f9012f82e708"
458605,458600,4,5,"842f831d"
458610,448179,128,10431,"827e5494d1a3abf42f9e66be86cfdea8c5c2c74f041c5e1480b901045b7d7482000000000000000000000000000000000000000000000000000000000000004000000000000000000000000000000000000000000000000000000000000000a00000000000000000000000000000000000000000000000000000000000000040"
458738,447665,3,11073,"366530"
458742,400298,3,58444,"373065"
458747,448368,3,10379,"653036"
458750,448449,3,10301,"386262"
458754,419117,3,39637,"333966"
458759,430590,3,28169,"373064"
458763,400187,4,58576,"35323863"
458770,430643,3,28127,"353036"
458777,430574,3,28203,"636432"
458782,447587,3,11195,"643239"
458785,430649,3,28136,"656438"
458795,400273,3,58522,"346266"
458799,419363,3,39436,"616333"
458802,448371,33,10431,"000000000000000000000000000000000000000000000000000000000000004034"
458841,447559,3,11282,"363830"
458847,430588,3,28259,"326437"
458860,400765,3,58095,"613537"
458864,432549,3,26315,"653533"
458873,447593,3,11280,"323136"
458876,419100,3,39776,"306637"
458879,419373,3,39506,"323763"
458884,448462,3,10422,"613063"
458888,430557,3,28331,"636162"
458899,457491,44,1408,"0000000000000000000000000000000000000000000000000000000000000000000000000000000000000003"
458943,431519,3,27424,"db02f9"
458947,431523,4,27424,"d782e708"
458952,458600,10,352,"842f831d3f842f831d49"
458967,458492,20,475,"80e38291e06339d10aab483c65695d004dbd5c69"
458993,440425,3,18568,"8000b9"
459002,458226,61,776,"00000000000000000000000000000000000000000000000000000000000000600000000000000000000000000000000000000000000000000000000000"
459066,456434,30,2632,"0000000000000000000000000000000000000000000000000000000064fa"
459098,431642,95,27456,"0000000000000000000000000000000000000000000000000000000000000001000000000000000000000000000000000000000000000000000000000000002000000000000000000000000000000000000000000000000000000000000000"
459194,458200,57,994,"000000000000000000000000000000000000000000000000000000000000000000000000000000000000000000000000000000000000000000"
459251,458988,7,263,"11c37937e08000"
459258,430867,108,28391,"000000000000000000000000000000000000000000000000000000000000000200000000000000000000000000000000000000000000000000000000000000400000000000000000000000000000000000000000000000000000000000000160000000000000000000000000"
459366,407894,51,51472,"7f72e0d8e9abf9133a92322b8b50bd8e0f9dcfcb00000000000000000000000000000000000000000000000000000000000000"
459418,408110,108,51308,"000000000000000000000000000000000000000000000000000000000000000000000000000000000000000000000000000000000000000000000000000001000000000000000000000000000000000000000000000000000000000000000060000000000000000000000000"
459526,457095,32,2431,"e5d7c2a44ffddf6b295a15c148167daaaf5cf34f000000000000000000000000"
459578,457829,76,1749,"00000000000000000000000000000000000000000000000000000000000000000000000000000000000000000000000000000000000000000000000000000000000000000000000000000000"
459654,459558,51,96,"8b1251076f23ffa2a2a6459583c587c1cdbb2c6e00000000000000000000000000000000000000000000000000000000000000"
459705,459417,109,288,"80000000000000000000000000000000000000000000000000000000000000000000000000000000000000000000000000000000000000000000000000000001000000000000000000000000000000000000000000000000000000000000000060000000000000000000000000"
459814,442758,32,17056,"7d43aabc515c356145049227cee54b608342c0ad000000000000000000000000"
459846,398461,48,61385,"fc0c2df02b1616b05c22b3044c582c4150cfd3a900000000000000000000000000000000000000000000000000000000"
459894,457806,36,2088,"000000020000000000000000000000000000000000000000000000000000000000000000"
459930,399962,45,59968,"c00000000000000000000000000000000000000000000000000000000000000000000000013302f9012f82e708"
459976,458600,138,1376,"842f831d3f842f831d49827e5494d1a3abf42f9e66be86cfdea8c5c2c74f041c5e1480b901045b7d7482000000000000000000000000000000000000000000000000000000000000004000000000000000000000000000000000000000000000000000000000000000a00000000000000000000000000000000000000000000000000000000000000040"
460119,448413,3,11706,"313530"
460132,430583,3,29549,"613261"
460138,419439,3,40699,"323633"
460146,447566,3,12580,"383366"
460156,419434,3,40722,"353637"
460162,419068,3,41094,"626162"
460169,432618,3,27551,"656238"
460173,458765,3,1408,"386338"
460178,460082,32,96,"0000000000000000000000000000000000000000000000000000000000000040"
460211,447583,3,12628,"326634"
460218,448445,3,11773,"313763"
460222,448350,3,11872,"383866"
460231,430644,3,29587,"303633"
460235,400750,4,59485,"37326365"
460245,419016,3,41229,"343937"
460248,400656,3,59592,"313862"
460258,430665,3,29593,"643465"
460262,400739,4,59523,"63393435"
460268,432642,3,27626,"343261"
460274,456466,45,3808,"c00000000000000000000000000000000000000000000000000000000000000000000000000000000000000001"
460320,459968,3,352,"02f901"
460324,448035,6,12289,"82e70880842f"
460330,458954,9,1376,"831d3f842f831d4983"
460342,427277,22,33065,"948731d54e9d02c286767d56ac03e8037c07e01e9887"
460371,427306,37,33065,"b8e41114cd2a00000000000000000000000000000000000000000000000000000000000000"
460409,460396,12,13,"000000000000000000000000"
460441,460050,57,391,"00000000000000000000000000000000000000000000000000000000000000a000000000000000000000000000000000000000000000000000"
460503,448484,28,12019,"00000000000000000000000000000000000000000000000000000031"
460535,427470,34,33065,"a0000000000000000000000000000000000000000000000000000000000000000014"
460569,460421,32,148,"abe67191995ea92a923325d0c96f6e32a8a529e8000000000000000000000000"
460602,457869,37,2733,"00000000000000000000000000000000000000000000000000000000000000000000000002"
460640,430752,3,29888,"02f902"
460644,418820,6,41824,"82e70804842f"
460650,460330,10,320,"831d3f842f831d498307"
460663,447100,20,13563,"685cea02c4a8ba4d6279e882bdd90129c1267cd0"
460685,460637,1,48,"00"
460694,455501,130,5193,"ac9650d8000000000000000000000000000000000000000000000000000000000000002000000000000000000000000000000000000000000000000000000000000000020000000000000000000000000000000000000000000000000000000000000040000000000000000000000000000000000000000000000000000000000000"
460826,408490,32,52336,"0000000000000000000000000000000000000000000000000000000000000164"
460862,455669,94,5193,"000000000000000000000000176211869ca2b568f2a7d4ee941e073a821ee1ff000000000000000000000000e5d7c2a44ffddf6b295a15c148167daaaf5cf34f000000000000000000000000000000000000000000000000000000000000"
460958,415867,31,45091,"0000000000000000000000000000000000000000000000000000000000030d"
460990,460958,30,32,"000000000000000000000000000000000000000000000000000000000003"
461022,447120,32,13902,"0000000000000000000000000000000000000000000000000000000000e4e1c0"
461054,460704,27,350,"000000000000000000000000000000000000000000000000002000"
461081,460686,5,395,"a9682739b5"
461086,461022,29,64,"0000000000000000000000000000000000000000000000000000000000"
461118,452805,26,8313,"000000000000000000000000000000000000000000000000001f"
461150,461131,12,19,"000000000000000000000000"
461162,451740,20,9422,"b03d651170ceee35729aff792d522fd952cf94c0"
461182,456434,31,4748,"0000000000000000000000000000000000000000000000000000000064fa86"
461214,456085,60,5129,"000000000000000000000000000000000000000000000000000000000000000000000000000000000000000000000000000000000000000000000004"
461278,431966,72,29312,"00000000000000000000000000000000000000000000000000000000c00000000000000000000000000000000000000000000000000000000000000000000000007202f86f82e708"
461350,447750,13,13600,"02842f6b9a70842f6b9a7a8305"
461363,429747,140,31616,"007d94009a0b7c38b542208936f1179151cd08e294383380b844830cbbbd000000000000000000000000c7d8489dae3d2ebef075b1db2257e2c231c9d231000000000000000000000000000000000000000000000000000712efb9d63753c0000000000000000000000000000000000000000000000000000000000000000000000000000000000000000000"
461507,447396,14,14111,"82e70808842f6b9a70842f6b9a7a"
461526,432093,20,29433,"1841752a0bcbde29ec3820fca5b0ec4ff4b3b443"
461553,460698,63,855,"000000000000000000000000000000000000000000000000000000000000002000000000000000000000000000000000000000000000000000000000000000"
461617,461586,30,31,"000000000000000000000000000000000000000000000000000000000000"
461649,446545,46,15104,"c0000000000000000000000000000000000000000000000000000000000000000000000000000000000000000001"
461695,397951,8,63744,"1b02f9011782e708"
461703,461350,12,353,"02842f6b9a70842f6b9a7a83"
461718,397974,22,63744,"948731d54e9d02c286767d56ac03e8037c07e01e9888"
461743,453181,2,8562,"0035"
461746,427304,52,34442,"161eb8e41114cd2a00000000000000000000000000000000000000000000000000000000000000b8000000000000000000000000"
461818,460441,56,1377,"00000000000000000000000000000000000000000000000000000000000000a0000000000000000000000000000000000000000000000000"
461880,461247,27,633,"000000000000000000000000000000000000000000000000000004"
461912,461661,33,251,"000000000000000000000000000000000000000000000000000000000000000000"
461946,461798,32,148,"110b41bba1853d2a571f73badf0ac552d9a57c7c000000000000000000000000"
461978,459930,48,2048,"c00000000000000000000000000000000000000000000000000000000000000000000000013302f9012f82e7080e842f"
462026,448171,136,13855,"6b9a70842f6b9a7a827e5494d1a3abf42f9e66be86cfdea8c5c2c74f041c5e1480b901045b7d7482000000000000000000000000000000000000000000000000000000000000004000000000000000000000000000000000000000000000000000000000000000a00000000000000000000000000000000000000000000000000000000000000040"
462171,460261,3,1910,"656339"
462175,447554,3,14621,"353734"
462193,458863,3,3330,"626535"
462201,419349,3,42852,"636538"
462205,448341,3,13864,"323361"
462208,458865,3,3343,"353335"
462211,460234,3,1977,"653732"
462217,462208,3,9,"353335"
462220,432558,3,29662,"353837"
462225,446801,33,15424,"300000000000000000000000000000000000000000000000000000000000000040"
462259,448426,3,13833,"336438"
462262,430566,3,31696,"633135"
462280,400206,3,62074,"343634"
462292,460124,3,2168,"383733"
462296,462293,3,3,"373366"
462308,460124,4,2184,"38373335"
462314,430653,3,31661,"306366"
462322,397170,51,65152,"c000000000000000000000000000000000000000000000000000000000000000000000000000000000000000003002ee82e708"
462373,458599,3,3774,"4a842f"
462376,448041,10,14335,"6b9a70842f6b9a7a8301"
462386,431442,76,30944,"0b3694cce9d3f392c135dc038b147ca73ec496f7f89d938084183ff085c000000000000000000000000000000000000000000000000000000000000000000000000000000000000000000000"
462463,428671,3,33792,"5402f9"
462467,428675,4,33792,"5082e708"
462477,462472,4,5,"842e0aef"
462486,410838,23,51648,"946131b5fae19ea4f9d964eac0408e4408b66337b580b9"
462511,410863,162,51648,"e21fd0e90000000000000000000000000000000000000000000000000000000000000020000000000000000000000000d1b47490209ccb7a806e8a45d9479490c040abf4000000000000000000000000000000000000000000000000000000000000000000000000000000000000000000000000000000000000000000000000000000a0000000000000000000000000000000000000000000000000000000000000"
462674,410994,32,51680,"a000000000000000000000000000000000000000000000000000000000000005"
462706,453439,32,9267,"e000000000000000000000000000000000000000000000000000000000000002"
462739,411091,76,51648,"000000000000000000000000000000000000000000000000000000000000002000000000000000000000000000000000000000000000000000000000000000c0000000000000000000000000"
462815,460874,32,1941,"176211869ca2b568f2a7d4ee941e073a821ee1ff000000000000000000000000"
462847,457758,32,5089,"eeeeeeeeeeeeeeeeeeeeeeeeeeeeeeeeeeeeeeee000000000000000000000000"
462879,436200,20,26679,"8e07475701065b2a7dfdd8ffa03823d83bfbb361"
462899,456053,31,6846,"0000000000000000000000000000000000000000000000000000000064fa89"
462931,443084,44,19847,"0000000000000000000000000000000000000000000000000000000000000280000000000000000000000000"
462975,459110,83,3865,"0000000000000000000000000000000000000001000000000000000000000000000000000000000000000000000000000000002000000000000000000000000000000000000000000000000000000000000000"
463058,462994,64,64,"01000000000000000000000000000000000000000000000000000000000000002000000000000000000000000000000000000000000000000000000000000000"
463122,411826,109,51296,"4063407a490000000000000000000000000000000000000000000000000000000200000000000000000000000000000000000000000000000000000000000000e0000000000000000000000000d1b47490209ccb7a806e8a45d9479490c040abf4000000000000000000000000"
463251,460862,92,2389,"000000000000000000000000176211869ca2b568f2a7d4ee941e073a821ee1ff000000000000000000000000e5d7c2a44ffddf6b295a15c148167daaaf5cf34f00000000000000000000000000000000000000000000000000000000"
463347,412051,106,51296,"00000000000000000000000000000000000000000000000000000000000000000000000000000000000000000000000000000000000000000000000000000000000000000000000000000000000000000000000000000000000000000000002000000000000000000000"
463453,462704,2,749,"0005"
463459,463445,9,14,"000000000000000000"
463475,462803,76,672,"000000000000000000000000176211869ca2b568f2a7d4ee941e073a821ee1ff000000000000000000000000eeeeeeeeeeeeeeeeeeeeeeeeeeeeeeeeeeeeeeee000000000000000000000000"
463551,412255,128,51296,"000000000000000000000000000000000000016000000000000000000000000000000000000000000000000000000000000001a000000000000000000000000000000000000000000000000000000000000001e00000000000000000000000000000000000000000000000000000000000000200000000000000000000000000"
463679,462879,48,800,"8e07475701065b2a7dfdd8ffa03823d83bfbb36100000000000000000000000000000000000000000000000000000000"
463727,463343,29,384,"0280de8000000000000000000000000000000000000000000000000000"
463763,412467,188,51296,"000000000000000000000000000000000000000000000000000000000000000000000000000000000000000000000000000000000000000000000000000002200000000000000000000000000000000000000000000000000000000000000001000000000000000000000000d1b47490209ccb7a806e8a45d9479490c040abf4000000000000000000000000000000000000000000000000000000000000000100000000000000000000000000000000000000000000000000000000"
463951,463343,99,608,"0280de800000000000000000000000000000000000000000000000000000000000000000000000000000000000000000000000000000000000000000000000000000000000000000000000000000000000000000000000000000000000000000000000"
464050,463891,32,159,"0000000000000000000000000000000000000000000000000000000000000001"
464083,412787,37,51296,"7b22536f75726365223a226b7962657273776170222c22416d6f756e74496e555344223a22"
464127,464126,10,1,"39393939393939393939"
464138,412836,18,51302,"222c22416d6f756e744f7574555344223a22"
464162,458878,3,5284,"373237"
464166,400766,3,63400,"353732"
464171,462279,3,1892,"313436"
464174,412871,68,51303,"222c22526566657272616c223a22222c22466c616773223a332c22496e74656772697479496e666f223a7b224b65794944223a2231222c225369676e6174757265223a22"
464262,419359,3,44903,"376236"
464584,413281,11,51303,"3d3d227d7d000000000000"
464595,448467,50,16128,"c0000000000000000000000000000000000000000000000000000000000000000000000000000000000000003102ef82e708"
464646,462472,10,2174,"842e0aef7a842e0aef81"
464656,451399,4,13257,"82520894"
464680,448552,54,16128,"862e625ce2300080c0000000000000000000000000000000000000000000000000000000000000000000000000000000000000000000"
464736,458944,3,5792,"02f903"
464740,430756,5,33984,"82e7080584"
464745,448519,9,16226,"2df426d1842df426d8"
464758,427606,23,37152,"941d0188c4b276a09366d05d6be06af61a73bc7535870d"
464787,416012,256,48775,"b90324d3115a8a000000000000000000000000000000000000000000000000000000000000006000000000000000000000000000000000000000000000000000000000000000c000000000000000000000000000000000000000000000000000000000000001200000000000000000000000000000000000000000000000000000000000000002000000000000000000000000176211869ca2b568f2a7d4ee941e073a821ee1ffeeeeeeeeeeeeeeeeeeeeeeeeeeeeeeeeeeeeeeeeeeeeeeeeeeeeeeeeeeeeeeee000000000000000000000000000000000000000000000000000000000000000200000000000000000000000000000000000000000000000000"
464787,416012,4,48775,"b90324d3"
465047,457839,131,7208,"0000000000000000000000000000000000000000000000000000000000000000000000000000000000000000000000000000000000000000000000000000000000000200000000000000000000000000000000000000000000000000000000000000400000000000000000000000000000000000000000000000000000000000000120"
465178,429107,129,36071,"000000000000000000000000e2c67a9b15e9e7ff8a9cb0dfb8fee5609923e5db000000000000000000000000000000000000000000000000000000000000006000000000000000000000000000000000000000000000000000000000000000c0000000000000000000000000000000000000000000000000000000000000000200"
465307,429268,31,36039,"0100000000000000000000000000007fffffffffffffffffffffffffffffff"
465339,428571,63,36768,"0200000000000000000000000000007fffffffffffffffffffffffffffffff0000000000000000000000000000000000000000000000000000000000000000"
465402,458194,152,7208,"0500000000000000000000000000000000000000000000000000000000000000000000000000000000000000000000000000000000000000000000000000006000000000000000000000000000000000000000000000000000000000000000a0000000000000000000000000000000000000000000000000000000000000000100010000000000000000000000000000ffffffffffffffff"
465554,465553,5,1,"ffffffffff"
465562,459898,69,5664,"0000000000000000000000000000000000000000000000000000000000000000c0000000000000000000000000000000000000000000000000000000000000000000000001"
465631,450335,53,15296,"0df9010a01842aea5400829d78940872ec4426103482a50f26ffc32acefcec61b3c980b8e4f242432a000000000000000000000000"
465684,451940,20,13744,"bbad135fe6a6e1861c021e7ec049f4cc29f42ef3"
465704,449000,256,16704,"000000000000000000000000aec3cacef9457ff2821d9f85429ce3d90b0014590000000000000000000000000000000000000000000000000000000000000005000000000000000000000000000000000000000000000000000000000000000100000000000000000000000000000000000000000000000000000000000000a00000000000000000000000000000000000000000000000000000000000000000000000000000000000000000000000000000000000000000000000000000000082e70880800000000000000000000000000000000000000000000000000000000000000000000000000000000000000000000000000001eff901ec80842aea54"
465704,449000,224,16704,"000000000000000000000000aec3cacef9457ff2821d9f85429ce3d90b0014590000000000000000000000000000000000000000000000000000000000000005000000000000000000000000000000000000000000000000000000000000000100000000000000000000000000000000000000000000000000000000000000a00000000000000000000000000000000000000000000000000000000000000000000000000000000000000000000000000000000000000000000000000000000082e7088080000000000000000000000000000000000000000000000000000000"
466186,402026,161,64160,"00000000000000000000000000000000000000000000000000000000000000000000000000000000000000000000000000000000000000000000000000000005000000000000000000000000000000000000000000000000000000000000000000000000000000000000000000000000000000000000000000000000000001400000000000000000000000000000000000000000000000000000000000000041cf"
466410,433898,256,32512,"1c0000000000000000000000000000000000000000000000000000000000000082e7088080000000000000000000000000000000000000000000000000000000000000000000000000000000000000000000000001eff901ec80842aea540083015f90940872ec4426103482a50f26ffc32acefcec61b3c980b901c4d4dfd6bc0000000000000000000000000000000000000000000000000000000000000000000000000000000000000000000000000000000000000000000000000000000000000000000000000000000000000000000000000000000000000000000000000000000000000000000000000000000000000000000000000000000000000001"
466410,433898,62,32512,"1c0000000000000000000000000000000000000000000000000000000000000082e708808000000000000000000000000000000000000000000000000000"
466730,466186,160,544,"00000000000000000000000000000000000000000000000000000000000000000000000000000000000000000000000000000000000000000000000000000005000000000000000000000000000000000000000000000000000000000000000000000000000000000000000000000000000000000000000000000000000001400000000000000000000000000000000000000000000000000000000000000041"
466954,466410,256,544,"1c0000000000000000000000000000000000000000000000000000000000000082e7088080000000000000000000000000000000000000000000000000000000000000000000000000000000000000000000000001eff901ec80842aea540083015f90940872ec4426103482a50f26ffc32acefcec61b3c980b901c4d4dfd6bc0000000000000000000000000000000000000000000000000000000000000000000000000000000000000000000000000000000000000000000000000000000000000000000000000000000000000000000000000000000000000000000000000000000000000000000000000000000000000000000000000000000000000001"
466954,466410,62,544,"1c0000000000000000000000000000000000000000000000000000000000000082e708808000000000000000000000000000000000000000000000000000"
467274,466730,160,544,"00000000000000000000000000000000000000000000000000000000000000000000000000000000000000000000000000000000000000000000000000000005000000000000000000000000000000000000000000000000000000000000000000000000000000000000000000000000000000000000000000000000000001400000000000000000000000000000000000000000000000000000000000000041"
467498,449706,85,17792,"1b0000000000000000000000000000000000000000000000000000000000000082e7088080000000000000000000000000000000000000000000000000000000000000000000000000000000000000000000000001"
467583,465631,53,1952,"0df9010a01842aea5400829d78940872ec4426103482a50f26ffc32acefcec61b3c980b8e4f242432a000000000000000000000000"
467636,451960,20,15676,"ea940f0071a4f68cce1123016e9b300fc507ab64"
467656,465704,246,1952,"000000000000000000000000aec3cacef9457ff2821d9f85429ce3d90b0014590000000000000000000000000000000000000000000000000000000000000005000000000000000000000000000000000000000000000000000000000000000100000000000000000000000000000000000000000000000000000000000000a00000000000000000000000000000000000000000000000000000000000000000000000000000000000000000000000000000000000000000000000000000000082e708808000000000000000000000000000000000000000000000000000000000000000000000000000000000000000000000000000"
467902,435486,53,32416,"00ecf8ea01842aea5400829b28940872ec4426103482a50f26ffc32acefcec61b3c980b8c4f242432a000000000000000000000000"
467955,452000,20,15955,"508bc166cf62497e1bb0a79fc4ad27704a854d08"
467975,435559,218,32416,"00000000000000000000000001e4a663fffaf1430d3a36588b2c14b72231d8b40000000000000000000000000000000000000000000000000000000000000005000000000000000000000000000000000000000000000000000000000000000100000000000000000000000000000000000000000000000000000000000000a0000000000000000000000000000000000000000000000000000000000000000082e70880800000000000000000000000000000000000000000000000000000000000000000000000000000000000000000000000000000002ceb"
468193,421697,10,46496,"52842aea540082520894"
468223,403455,76,64768,"865af3107a40008082e70880800000000000000000000000000000000000000000000000000000000000000000000000000000000000000000000000000000002ceb52842aea540082520894"
468319,468223,76,96,"865af3107a40008082e70880800000000000000000000000000000000000000000000000000000000000000000000000000000000000000000000000000000002ceb52842aea540082520894"
468415,435807,68,32608,"865af3107a40008082e70880800000000000000000000000000000000000000000000000000000000000000000000000000000000000000000000000000000002eed8202"
468484,468386,9,98,"842aea540082520894"
468513,435905,94,32608,"8654953ff6d0008082e7088080000000000000000000000000000000000000000000000000000000000000000000000000000000000000000000000000000000000000000000000000000000000000000000000000000000000000000002"
468608,436040,40,32568,"b8ff877ed78ba520ece21b1de7843a8a57ca47cbb8ff877ed78ba520ece21b1de7843a8a57ca47cb"
468648,468628,20,20,"b8ff877ed78ba520ece21b1de7843a8a57ca47cb"
468688,456033,20,12655,"3d391afffed2255a2dd00325c3a96a5a8e023ff8"
468708,456414,20,12294,"0f5deca191dde5a329d0d703ada3680c41b667f7"
468728,456753,20,11975,"64ee681afdaa10a9f408a18fe2d7a5888e812163"
468748,457031,20,11717,"8b0a22648fb05ab414238a367180aa71dc4b06de"
468848,459846,20,9002,"fc0c2df02b1616b05c22b3044c582c4150cfd3a9"
468888,460569,20,8319,"abe67191995ea92a923325d0c96f6e32a8a529e8"
468908,461162,20,7746,"b03d651170ceee35729aff792d522fd952cf94c0"
468948,436320,20,32628,"d42aa370fcd06c683b7154ffa799a8e00ac0121e"
468968,461946,20,7022,"110b41bba1853d2a571f73badf0ac552d9a57c7c"
469028,463679,20,5349,"8e07475701065b2a7dfdd8ffa03823d83bfbb361"
469048,451880,20,17168,"b7e5462af10b5386ffa973f7a0f3a51f5b37c210"
469078,436296,3,32782,"821064"
469088,465684,20,3404,"bbad135fe6a6e1861c021e7ec049f4cc29f42ef3"
469108,451307,20,17801,"8c335ab17c0fb9bc0a840652b75bb89aacfca9b3"
469128,451403,20,17725,"5f4cea979e209d574fc2438a04dee17e37e4a17c"
469148,451211,20,17937,"a5ad55e807c7b6460ecb6cb3e1d85c9a2f2bc67c"
469168,467636,20,1532,"ea940f0071a4f68cce1123016e9b300fc507ab64"
469188,467955,20,1233,"508bc166cf62497e1bb0a79fc4ad27704a854d08"
469227,469171,1,56,"00"
469268,436580,60,32688,"01e4a663fffaf1430d3a36588b2c14b72231d8b400000000000000000000000000000000000000000000000000000000000000000000000000000000"
469328,461890,17,7438,"0000000000000000000000000000000004"
469375,418297,31,51078,"940000000000000000000000000000000000000000000000000000000064fa"
469408,465563,62,3845,"00000000000000000000000000000000000000000000000000000000000000c0000000000000000000000000000000000000000000000000000000000000"
469472,469440,31,32,"0000000000000000000000000000000000000000000000000000000000003f"
469504,405856,31,63648,"00000000000000000000000000000000000000000000000000000000000042"
469536,423584,94,45952,"000000000000000000000000000000000000000000000000000000000000001e00000000000000000000000000000000000000000000000000000000000003c0000000000000000000000000000000000000000000000000000000000000"
469632,462432,31,7200,"00000000000000000000000000000000000000000000000000000000000008"
469664,426578,31,43086,"0000000000000000000000000000000000000000000000000000000000000a"
469695,436927,32,32768,"a00000000000000000000000000000000000000000000000000000000000000d"
469728,436610,31,33118,"00000000000000000000000000000000000000000000000000000000000015"
469759,452735,32,17024,"4000000000000000000000000000000000000000000000000000000000000019"
469792,469760,31,32,"00000000000000000000000000000000000000000000000000000000000019"
469824,469537,31,287,"0000000000000000000000000000000000000000000000000000000000001e"
469856,424160,31,45696,"00000000000000000000000000000000000000000000000000000000000021"
469888,456786,31,13102,"00000000000000000000000000000000000000000000000000000000000022"
469920,424320,31,45600,"00000000000000000000000000000000000000000000000000000000000026"
469952,453024,62,16928,"0000000000000000000000000000000000000000000000000000000000002760000000000000000000000000000000000000000000000000000000000000"
470016,437280,31,32736,"00000000000000000000000000000000000000000000000000000000000029"
470048,470016,31,32,"00000000000000000000000000000000000000000000000000000000000029"
470080,424384,62,45696,"0000000000000000000000000000000000000000000000000000000000002a80000000000000000000000000000000000000000000000000000000000000"
470143,470111,32,32,"800000000000000000000000000000000000000000000000000000000000002c"
470176,437472,31,32704,"0000000000000000000000000000000000000000000000000000000000002d"
470207,405247,96,64960,"40000000000000000000000000000000000000000000000000000000000000314000000000000000000000000000000000000000000000000000000000000031a000000000000000000000000000000000000000000000000000000000000032"
470304,440768,31,29536,"00000000000000000000000000000000000000000000000000000000000034"
470336,405440,62,64896,"0000000000000000000000000000000000000000000000000000000000003560000000000000000000000000000000000000000000000000000000000000"
470400,453216,31,17184,"00000000000000000000000000000000000000000000000000000000000039"
470432,453248,31,17184,"0000000000000000000000000000000000000000000000000000000000003b"
470463,405663,32,64800,"c00000000000000000000000000000000000000000000000000000000000003c"
470496,470464,31,32,"0000000000000000000000000000000000000000000000000000000000003c"
470527,441361,32,29166,"8000000000000000000000000000000000000000000000000000000000000002"
470559,454687,7,15872,"32f9022f830306"
470566,409862,3,60704,"44843a"
470572,454700,128,15872,"83048d9c94cb566e3b6934fa77258d68ea18e931fa75e1aaaa80b902046c459a2800000000000000000000000038de71124f7a447a01d67945a51edce9ff49125100000000000000000000000000000000000000000000000000000000000000800000000000000000000000000000000000000000000000000000000064fad9"
470701,426445,100,44256,"00000000000000000000000000000000000000000000000000000000000001400000000000000000000000000000000000000000000000000000000000000084704316e500000000000000000000000000000000000000000000000000000000000000b8"
470833,426577,32,44256,"000000000000000000000000000000000000000000000000000000000000000a"
470865,470801,63,64,"b136f6267afc842ce309bd310fa170bee1c67d2e6b5cb0f94f0ea2e565e1370b00000000000000000000000000000000000000000000000000000000000000"
470928,468107,29,2821,"0000000000000000000000000000000000000000000000000000000082"
471086,455214,80,15872,"1c00000000000000000000000000000000000000000000000000000000000082e70880800000000000000000000000000000000000000000000000000000000000000000000000000000000000000000"
471166,470558,7,608,"0232f9022f8303"
471174,425702,3,45472,"3f843a"
471177,470569,4,608,"7e9b7483"
471184,444784,23,26400,"94a658742d33ebd2ce2f0bdff73515aa797fd161d980b9"
471209,444809,35,26400,"252f7b0100000000000000000000000000000000000000000000000000000000000000"
471245,471232,12,13,"000000000000000000000000"
471277,468009,30,3268,"000000000000000000000000000000000000000000000000000000000005"
471309,453777,32,17532,"52ae8c96c918a92b4b4ce1705adc181af67521eef0cc0279330ecd24beb30999"
471341,453777,63,17564,"52ae8c96c918a92b4b4ce1705adc181af67521eef0cc0279330ecd24beb3099900000000000000000000000000000000000000000000000000000000000000"
471404,464857,32,6547,"c000000000000000000000000000000000000000000000000000000000000001"
471437,471423,12,14,"000000000000000000000000"
471469,468063,9,3406,"000000000000000100"
471499,445099,2,26400,"00b7"
471501,471257,49,244,"673f8009ad54945365be1f6394e3f016fdb4135d0000000000000000000000000000000000000000000000000000000000"
471550,462095,34,9455,"00004000000000000000000000000000000000000000000000000000000000000000"
471585,461914,32,9671,"0000000000000000000000000000000000000000000000000000000000000014"
471637,467166,72,4471,"000000000000000000000000000000000000000000000000000000000000000000000000000000000000000100000000000000000000000000000000000000000000000000000000"
471713,426849,62,44864,"00000000000000000000000082e7088080000000000000000000000000000000000000000000000000000000000000000000000000000000000000000001"
471779,471171,3,608,"830305"
471782,426310,3,45472,"40843a"
471785,471177,4,608,"7e9b7483"
471792,471184,23,608,"94a658742d33ebd2ce2f0bdff73515aa797fd161d980b9"
471817,443849,48,27968,"252f7b01000000000000000000000000000000000000000000000000000000000000006f000000000000000000000000"
471865,456526,20,15339,"808d7c71ad2ba3fa531b068a2417c63106bc0949"
471885,456819,32,15066,"0000000000000000000000000000000000000000000000000000000000014c08"
471917,454385,32,17532,"a055ce0046344793b1af50d3f13189ed8f271e5aea51a4a05aa091776bd7d3f6"
471949,454385,63,17564,"a055ce0046344793b1af50d3f13189ed8f271e5aea51a4a05aa091776bd7d3f600000000000000000000000000000000000000000000000000000000000000"
472013,471981,31,32,"00000000000000000000000000000000000000000000000000000000000000"
472045,444077,38,27968,"0000000000000000000000004d73adb72bc3dd368966edd0f0b2148401a178e2000000000000"
472085,471851,2,234,"006f"
472107,471499,2,608,"00b7"
472109,471865,49,244,"808d7c71ad2ba3fa531b068a2417c63106bc09490000000000000000000000000000000000000000000000000000000000"
472158,471550,27,608,"000040000000000000000000000000000000000000000000000000"
472191,461912,34,10279,"00000000000000000000000000000000000000000000000000000000000000000014"
472245,471093,74,1152,"00000000000000000000000000000000000000000000000082e7088080000000000000000000000000000000000000000000000000000000000000000000000000000000000000000002"
472323,471779,3,544,"830305"
472326,453478,3,18848,"41843a"
472329,471785,4,544,"7e9b7483"
472336,471184,24,1152,"94a658742d33ebd2ce2f0bdff73515aa797fd161d980b902"
472361,443849,97,28512,"252f7b01000000000000000000000000000000000000000000000000000000000000006f00000000000000000000000045f1a95a4d3f3836523f5c83673c797f4d4d263b0000000000000000000000000000000000000000000000000000000000"
472461,454993,32,17468,"0bf37cc324a2bf2882ec9c824207fa9d9fccd8d6fc61562c44e2e8fb3c0c2e61"
472493,454993,63,17500,"0bf37cc324a2bf2882ec9c824207fa9d9fccd8d6fc61562c44e2e8fb3c0c2e6100000000000000000000000000000000000000000000000000000000000000"
472556,471404,32,1152,"c000000000000000000000000000000000000000000000000000000000000001"
472589,444077,39,28512,"0000000000000000000000004d73adb72bc3dd368966edd0f0b2148401a178e20000000000008a"
472629,444117,75,28512,"006f701a95707a0290ac8b90b3719e8ee5b21036088300b745f1a95a4d3f3836523f5c83673c797f4d4d263b00000000000000000000000000000000000000000000000000000000000000"
472705,445153,119,27552,"000000000000000000000000000000000000000000000000000000000000000d000000000000000000000000000000000000000000000000000000000000000d00000000000000000000000000000000000000000000000000000000000000000000000000000000000000000000000000000000000000"
472824,444344,4,28480,"23dc4efe"
472833,459226,63,13607,"0000000000000000000000000000000000000000000000000011c37937e0800000000000000000000000000000000000000000000000000000000000000000"
472896,459737,64,13159,"00000000000000000000000000000000000000000000000000000000000000010000000000000000000000000000000000000000000000000000000000000000"
472981,472245,73,736,"00000000000000000000000000000000000000000000000082e70880800000000000000000000000000000000000000000000000000000000000000000000000000000000000000000"
473054,413502,9,59552,"079e02f9079a82e708"
473069,473064,4,5,"84310507"
473078,413526,22,59552,"940cab6977a9c70e04458b740476b498b21401964186"
473105,413553,12,59552,"00b90768a4d7304100000000"
473157,464966,20,8191,"eeeeeeeeeeeeeeeeeeeeeeeeeeeeeeeeeeeeeeee"
473189,413637,20,59552,"7538262ae993ca117a0e481f908209137a46268e"
473268,468478,2,4790,"002e"
473272,469407,63,3865,"4500000000000000000000000000000000000000000000000000000000000000c0000000000000000000000000000000000000000000000000000000000000"
473338,472813,12,525,"000000000000000000000023"
473369,413817,12,59552,"003201000000000000c803e8"
473381,473125,20,256,"fe952def1c0e295048374ccd0b8ebe7001f1123e"
473401,433166,7,40235,"000000000000ac"
473408,473101,5,307,"cdd281e000"
473413,443577,19,29836,"00000000000000000000000000000000000012"
473433,473401,30,32,"000000000000accdd281e000000000000000000000000000000000000000"
473465,473433,30,32,"000000000000accdd281e000000000000000000000000000000000000000"
473497,473401,31,96,"000000000000accdd281e00000000000000000000000000000000000000012"
473529,473465,31,64,"000000000000accdd281e00000000000000000000000000000000000000009"
473561,473529,31,32,"000000000000accdd281e00000000000000000000000000000000000000009"
473593,473497,31,96,"000000000000accdd281e00000000000000000000000000000000000000012"
473625,473433,31,192,"000000000000accdd281e0000000000000000000000000000000000000000c"
473657,473561,31,96,"000000000000accdd281e00000000000000000000000000000000000000009"
473689,473593,31,96,"000000000000accdd281e00000000000000000000000000000000000000012"
473721,473657,31,64,"000000000000accdd281e00000000000000000000000000000000000000009"
473753,473625,31,128,"000000000000accdd281e0000000000000000000000000000000000000000c"
473785,473721,31,64,"000000000000accdd281e00000000000000000000000000000000000000009"
473817,473785,30,32,"000000000000accdd281e000000000000000000000000000000000000000"
473849,473689,31,160,"000000000000accdd281e00000000000000000000000000000000000000012"
473881,473849,30,32,"000000000000accdd281e000000000000000000000000000000000000000"
473913,473849,31,64,"000000000000accdd281e00000000000000000000000000000000000000012"
473945,473881,31,64,"000000000000accdd281e00000000000000000000000000000000000000007"
473977,473945,31,32,"000000000000accdd281e00000000000000000000000000000000000000007"
474009,473817,31,192,"000000000000accdd281e0000000000000000000000000000000000000000d"
474041,473977,31,64,"000000000000accdd281e00000000000000000000000000000000000000007"
474073,474009,31,64,"000000000000accdd281e0000000000000000000000000000000000000000d"
474105,473913,31,192,"000000000000accdd281e00000000000000000000000000000000000000012"
474137,473785,31,352,"000000000000accdd281e00000000000000000000000000000000000000009"
474169,474041,31,128,"000000000000accdd281e00000000000000000000000000000000000000007"
474201,474105,31,96,"000000000000accdd281e00000000000000000000000000000000000000012"
474233,474073,31,160,"000000000000accdd281e0000000000000000000000000000000000000000d"
474265,474201,31,64,"000000000000accdd281e00000000000000000000000000000000000000012"
474297,474137,31,160,"000000000000accdd281e00000000000000000000000000000000000000009"
474329,474169,31,160,"000000000000accdd281e00000000000000000000000000000000000000007"
474361,474233,31,128,"000000000000accdd281e0000000000000000000000000000000000000000d"
474393,474297,31,96,"000000000000accdd281e00000000000000000000000000000000000000009"
474425,474329,31,96,"000000000000accdd281e00000000000000000000000000000000000000007"
474457,474265,31,192,"000000000000accdd281e00000000000000000000000000000000000000012"
474489,474425,31,64,"000000000000accdd281e00000000000000000000000000000000000000007"
474521,474393,31,128,"000000000000accdd281e00000000000000000000000000000000000000009"
474553,474457,31,96,"000000000000accdd281e00000000000000000000000000000000000000012"
474585,474361,31,224,"000000000000accdd281e0000000000000000000000000000000000000000d"
474617,474489,31,128,"000000000000accdd281e00000000000000000000000000000000000000007"
474649,474521,31,128,"000000000000accdd281e00000000000000000000000000000000000000009"
474681,474649,31,32,"000000000000accdd281e00000000000000000000000000000000000000009"
474713,474553,31,160,"000000000000accdd281e00000000000000000000000000000000000000012"
474745,474713,31,32,"000000000000accdd281e00000000000000000000000000000000000000012"
474777,474617,31,160,"000000000000accdd281e00000000000000000000000000000000000000007"
474809,474585,31,224,"000000000000accdd281e0000000000000000000000000000000000000000d"
474841,474745,31,96,"000000000000accdd281e00000000000000000000000000000000000000012"
474873,474809,31,64,"000000000000accdd281e0000000000000000000000000000000000000000d"
474905,474681,31,224,"000000000000accdd281e00000000000000000000000000000000000000009"
474937,474905,30,32,"000000000000accdd281e000000000000000000000000000000000000000"
474969,474873,31,96,"000000000000accdd281e0000000000000000000000000000000000000000d"
475001,415449,37,59552,"801aa9b9c00000000000000000000000000000000000000000000000000000000000000000"
475039,410815,3,64224,"b402f9"
475043,410819,4,64224,"b082e708"
475048,456516,5,18532,"8430d5f1b3"
475053,456516,6,18537,"8430d5f1b383"
475065,453149,2,21916,"0033"
475082,442979,4,32103,"9c80b903"
475087,460694,67,14393,"ac9650d8000000000000000000000000000000000000000000000000000000000000002000000000000000000000000000000000000000000000000000000000000000"
475154,440913,64,34241,"04000000000000000000000000000000000000000000000000000000000000008000000000000000000000000000000000000000000000000000000000000001"
475218,443083,32,32135,"6000000000000000000000000000000000000000000000000000000000000002"
475251,475219,31,32,"00000000000000000000000000000000000000000000000000000000000002"
475283,475155,31,128,"00000000000000000000000000000000000000000000000000000000000000"
475319,472930,31,2389,"00000000000000000000000000000000000000000000000000000000000014"
475351,458514,28,16837,"0000000000000000000000000000000000000000000000000000000f"
475383,436835,29,38548,"000000000000000000000000000000000000000000000000000000001c"
475415,472867,60,2548,"000000000000000000000000000000000000000000000000000000000000000000000000000000000000000000000000000000000000000000000000"
475478,475415,60,63,"000000000000000000000000000000000000000000000000000000000000000000000000000000000000000000000000000000000000000000000000"
475543,475399,13,144,"0000000000000000000000001c"
475556,475064,19,492,"b60033f61e4fc171c963f0d2d3f63ece24319c"
475575,475319,48,256,"00000000000000000000000000000000000000000000000000000000000014f200000000000000000000000000000000"
475623,457464,16,18159,"ffffffffffffffffffffffffffffffff"
475639,475607,48,32,"00000000000000000000000000000000ffffffffffffffffffffffffffffffff00000000000000000000000000000000"
475687,431239,73,44448,"000000000000000000000000000000000000000000000000000000000000000000000000000000000000004449404b7c00000000000000000000000000000000000000000000000000"
475760,418367,20,57393,"0000000000000000000000000000000000000016"
475799,475671,59,128,"0000000000000000000000000000000000000000000000000000000000000000000000000000000000000000000000000000000000000000000000"
475863,430139,63,45724,"000000000000000000000000176211869ca2b568f2a7d4ee941e073a821ee1ff00000000000000000000000000000000000000000000000000000000000000"
475926,475766,61,160,"00000000000000000000000000166ffd2964669e61909398e9718123fdcf99c3c200000000000000000000000000000000000000000000000000000000"
475988,475896,43,92,"00000000000000000000000000000000000000000000000000000000000000000000000000000000000000"
476035,462468,5,13567,"82e7080c84"
476040,475049,9,991,"30d5f1b38430d5f1b3"
476052,415510,21,60542,"9488f087ad825322d9ec3261712cf09a56e58575fc"
476073,461546,3,14527,"80b864"
476080,476019,12,61,"000000000000000000000000"
476092,476053,20,39,"88f087ad825322d9ec3261712cf09a56e58575fc"
476112,415641,64,60471,"000000000000000000000000000000000000000000000000000000000024a1a3000000000000000000000000182f8723b57ea3caf8b31c38bf5538987506e5ad"
476177,469299,46,6878,"00000000000000000000000000000000000000000000000000000000000000000000000000000000000000000004"
476223,427583,11,48640,"1b02f9041782e708098430"
476234,456938,9,19296,"c835788430c8357883"
476246,464758,23,11488,"941d0188c4b276a09366d05d6be06af61a73bc7535870d"
476275,427635,256,48640,"b903e4d3115a8a0000000000000000000000000000000000000000000000000000000000000060000000000000000000000000000000000000000000000000000000000000010000000000000000000000000000000000000000000000000000000000000001a00000000000000000000000000000000000000000000000000000000000000004000000000000000000000000176211869ca2b568f2a7d4ee941e073a821ee1ff000000000000000000000000cc22f6aa610d1b2a0e89ef228079cb3e1831b1d1000000000000000000000000e2c67a9b15e9e7ff8a9cb0dfb8fee5609923e5dbeeeeeeeeeeeeeeeeeeeeeeeeeeeeeeeeeeeeeeeeeeeeeeeeee"
476275,427635,256,48640,"b903e4d3115a8a0000000000000000000000000000000000000000000000000000000000000060000000000000000000000000000000000000000000000000000000000000010000000000000000000000000000000000000000000000000000000000000001a00000000000000000000000000000000000000000000000000000000000000004000000000000000000000000176211869ca2b568f2a7d4ee941e073a821ee1ff000000000000000000000000cc22f6aa610d1b2a0e89ef228079cb3e1831b1d1000000000000000000000000e2c67a9b15e9e7ff8a9cb0dfb8fee5609923e5dbeeeeeeeeeeeeeeeeeeeeeeeeeeeeeeeeeeeeeeeeeeeeeeeeee"
476275,427635,164,48640,"b903e4d3115a8a0000000000000000000000000000000000000000000000000000000000000060000000000000000000000000000000000000000000000000000000000000010000000000000000000000000000000000000000000000000000000000000001a00000000000000000000000000000000000000000000000000000000000000004000000000000000000000000176211869ca2b568f2a7d4ee941e073a82"
476954,428314,27,48640,"02010000000000000000000000000000ffffffffffffffffffffff"
476986,428346,26,48640,"030000000000000000000000000000000000000000000000000d"
477012,476269,6,743,"bb8c87703ea9"
477018,428378,256,48640,"0000000000000000000000000000000000000000000000000000000000000000010000000000000000000000e2c67a9b15e9e7ff8a9cb0dfb8fee5609923e5db000000000000000000000000000000000000000000000000000000000000006000000000000000000000000000000000000000000000000000000000000000c000000000000000000000000000000000000000000000000000000000000000020101000000000000000000000000000000000000000000000000000000000000020200000000000000000000000000007fffffffffffffffffffffffffffffff0000000000000000000000000000000000000000000000000000000000000000"
477018,428378,37,48640,"00000000000000000000000000000000000000000000000000000000000000000100000000"
477312,475040,3,2272,"02f903"
477316,458435,5,18881,"82e7080184"
477321,476233,10,1088,"30c835788430c8357883"
477334,476246,21,1088,"941d0188c4b276a09366d05d6be06af61a73bc7535"
477360,473104,3,4256,"e000b9"
477363,464788,146,12575,"0324d3115a8a000000000000000000000000000000000000000000000000000000000000006000000000000000000000000000000000000000000000000000000000000000c000000000000000000000000000000000000000000000000000000000000001200000000000000000000000000000000000000000000000000000000000000002000000000000000000000000"
477509,459814,20,17695,"7d43aabc515c356145049227cee54b608342c0ad"
477529,464954,236,12575,"eeeeeeeeeeeeeeeeeeeeeeeeeeeeeeeeeeeeeeeeeeeeeeeeeeeeeeeeeeeeeeee000000000000000000000000000000000000000000000000000000000000000200000000000000000000000000000000000000000000000000000000000000000000000000000000000000000000000000000000000000000000000000000000000000000000000000000000000000000000000000000000000000000000000200000000000000000000000000000000000000000000000000000000000000400000000000000000000000000000000000000000000000000000000000000120000000000000000000000000"
477784,459161,64,18623,"20000000000000000000000000000000000000000000000000000000000000006000000000000000000000000000000000000000000000000000000000000000"
477848,465273,256,12575,"c00000000000000000000000000000000000000000000000000000000000000002000100000000000000000000000000007fffffffffffffffffffffffffffffff010200000000000000000000000000007fffffffffffffffffffffffffffffff00000000000000000000000000000000000000000000000000000000000000000500000000000000000000000000000000000000000000000000000000000000000000000000000000000000000000000000000000000000000000000000006000000000000000000000000000000000000000000000000000000000000000a000000000000000000000000000000000000000000000000000000000000000"
477848,465273,25,12575,"c0000000000000000000000000000000000000000000000000"
478137,447320,70,30817,"0000000000000000000000000000000000000000000000000000000000000000c000000000000000000000000000000000000000000000000000000000000000000000000000"
478207,446431,10,31776,"7202f86f82e708088430"
478217,477322,9,895,"c835788430c8357883"
478226,446450,140,31776,"011c4294176211869ca2b568f2a7d4ee941e073a821ee1ff80b844095ea7b30000000000000000000000001d0188c4b276a09366d05d6be06af61a73bc7535ffffffffffffffffffffffffffffffffffffffffffffffffffffffffffffffffc00000000000000000000000000000000000000000000000000000000000000000000000000000000000000000"
478368,476224,3,2144,"02f904"
478372,438084,4,40288,"82e70882"
478388,467048,2,11340,"0083"
478422,478009,44,413,"0000000000000000000000000000000000000000000000000000000000000060000000000000000000000000"
478466,477541,51,925,"eeeeeeeeeeeeeeeeeeeeeeeeeeeeeeeeeeeeeeee00000000000000000000000000000000000000000000000000000000000000"
478517,476889,62,1628,"e000000000000000000000000000000000000000000000000000000000000000030000000000000000000000000000000000000000000000000000000000"
478579,475121,2,3458,"0020"
478582,478550,31,32,"00000000000000000000000000000000000000000000000000000000000020"
478614,478582,31,32,"00000000000000000000000000000000000000000000000000000000000020"
478646,438229,95,40417,"000000000000000000000000000000000000000000000000000000000000000500000000000000000000000000000000000000000000000000000000000000a000000000000000000000000000000000000000000000000000000000000001"
478741,455632,32,23109,"2000000000000000000000000000000000000000000000000000000000000001"
478774,475219,95,3555,"000000000000000000000000000000000000000000000000000000000000022000000000000000000000000000000000000000000000000000000000000002a000000000000000000000000000000000000000000000000000000000000000"
478935,477978,62,957,"0000000000000000000000000000000000000000000000000000000000000000000000000000000000000000000000000000000000000000000000000000"
479010,473116,2,5894,"000a"
479062,478934,64,128,"1b000000000000000000000000000000000000000000000000000000000000000000000000000000000000000000000000000000000000000000000000000041"
479190,479062,64,128,"1b000000000000000000000000000000000000000000000000000000000000000000000000000000000000000000000000000000000000000000000000000041"
479319,479191,63,128,"000000000000000000000000000000000000000000000000000000000000000000000000000000000000000000000000000000000000000000000000000041"
479446,446355,73,33091,"1b00000000000000000000000000000000000000000000000000000000000000c000000000000000000000000000000000000000000000000000000000000000000000000000000000"
479519,457375,3,22144,"6df86b"
479522,445900,3,33622,"0f8430"
479531,429907,41,49624,"9294176211869ca2b568f2a7d4ee941e073a821ee1ff80b844095ea7b3000000000000000000000000"
479580,461502,2,18078,"0092"
479592,445800,87,33792,"ffffffffffffffffffffffffffffffffffffffffffffffffffffffffffffffff82e70880800000000000000000000000000000000000000000000000000000000000000000000000000000000000000000000000000001"
479679,462015,8,17664,"3302f9012f82e708"
479688,462024,138,17664,"842f6b9a70842f6b9a7a827e5494d1a3abf42f9e66be86cfdea8c5c2c74f041c5e1480b901045b7d7482000000000000000000000000000000000000000000000000000000000000004000000000000000000000000000000000000000000000000000000000000000a00000000000000000000000000000000000000000000000000000000000000040"
479830,419109,3,60721,"306239"
479833,432512,3,47321,"346337"
479841,462267,3,17574,"646339"
479848,458838,4,21010,"39393836"
479852,419360,3,60492,"623666"
479863,419334,3,60529,"386437"
479867,460210,3,19657,"663266"
479870,419424,3,60446,"633938"
479885,432650,3,47235,"333737"
479890,463091,33,16799,"000000000000000000000000000000000000000000000000000000000000004063"
479932,430552,3,49380,"343930"
479938,430599,3,49339,"656138"
479941,432515,3,47426,"646239"
479945,462259,3,17686,"336438"
479949,460218,3,19731,"313763"
479966,447642,3,32324,"323262"
479971,447644,3,32327,"623933"
479976,462192,4,17784,"31626535"
479982,447637,3,32345,"373338"
479987,432147,51,47840,"00000000000000000000000000000000000000000000000000000000000000000000000000000000000000007202f86f82e708"
480038,447046,3,32992,"03842f"
480041,462376,10,17665,"6b9a70842f6b9a7a8301"
480053,417973,88,62080,"94176211869ca2b568f2a7d4ee941e073a821ee1ff80b844095ea7b3000000000000000000000000032b241de86a8660f1ae0691a4760b426ea246d700000000000000000000000000000000000000000000000000000000"
480146,447986,52,32160,"0000000000000000000000000000000000000000000000000000000000000000000000000000000000000000005102f84e82e708"
480199,447911,120,32288,"842f6b9a70842f6b9a7a83010a3b949dba31e492b7e98b8195e254ee13b6b027e4a59d80a4a7f68792766f746500000000000000000000000000000000000000000000000000000000c000000000000000000000000000000000000000000000000000000000000000000000000000000000000000000000"
480319,480031,19,288,"7202f86f82e70803842f6b9a70842f6b9a7a83"
480341,461365,24,18976,"94009a0b7c38b542208936f1179151cd08e294383380b844"
480369,470098,13,10271,"0000000000000000000000002a"
480401,480291,28,110,"00000000000000000000000000000000000000000000000000000000"
480433,416977,54,63456,"c0000000000000000000000000000000000000000000000000000000000000000000000000000000000000000001db02f901d782e708"
480487,462023,11,18464,"0e842f6b9a70842f6b9a7a"
480503,479572,20,931,"f82537fb6c56a3b50092d3951f84f5f6c835b4f5"
480529,431569,40,48960,"8000b901a45ae401dc0000000000000000000000000000000000000000000000000000000064fa86"
480570,431610,176,48960,"00000000000000000000000000000000000000000000000000000000000000400000000000000000000000000000000000000000000000000000000000000001000000000000000000000000000000000000000000000000000000000000002000000000000000000000000000000000000000000000000000000000000000e404e45aaf000000000000000000000000e5d7c2a44ffddf6b295a15c148167daaaf5cf34f000000000000000000000000"
480766,460926,44,19840,"00000000000000000000000000000000000000000000000000000000000009c4000000000000000000000000"
480830,470341,26,10489,"0000000000000000000000000000000000000000000000000035"
480856,480525,6,331,"4a6ba7a18000"
480862,478343,24,2519,"000000000000000000000000000000000000000000000004"
480894,417438,103,63456,"000000000000000000000000000000000000000000000000000000000000000000000000000000000000000000000000000000000000000000000000c00000000000000000000000000000000000000000000000000000000000000000000000003002ee82e708"
480998,462374,88,18624,"842f6b9a70842f6b9a7a83010b3694cce9d3f392c135dc038b147ca73ec496f7f89d938084183ff085c000000000000000000000000000000000000000000000000000000000000000000000000000000000000000000000"
481086,480990,7,96,"003002ee82e708"
481093,418470,3,62623,"0d842f"
481098,475537,2,5561,"0084"
481100,481095,3,5,"2f5190"
481104,481008,78,96,"83010b3694cce9d3f392c135dc038b147ca73ec496f7f89d938084183ff085c000000000000000000000000000000000000000000000000000000000000000000000000000000000000000000000"
481184,477312,3,3872,"02f903"
481188,481090,3,98,"82e708"
481192,462472,11,18720,"842e0aef7a842e0aef8183"
481206,458966,21,22240,"9480e38291e06339d10aab483c65695d004dbd5c69"
481227,475083,3,6144,"80b903"
481230,458997,62,22233,"a42cc4081e000000000000000000000000000000000000000000000000000000000000006000000000000000000000000000000000000000000000000000"
481299,459066,31,22233,"0000000000000000000000000000000000000000000000000000000064fab4"
481331,459098,108,22233,"000000000000000000000000000000000000000000000000000000000000000100000000000000000000000000000000000000000000000000000000000000200000000000000000000000000000000000000000000000000000000000000060000000000000000000000000"
481439,441925,43,39514,"7d43aabc515c356145049227cee54b608342c0ad0000000000000000000000000000000000000000000000"
481491,459258,108,22233,"000000000000000000000000000000000000000000000000000000000000000200000000000000000000000000000000000000000000000000000000000000400000000000000000000000000000000000000000000000000000000000000160000000000000000000000000"
481619,459674,172,21945,"00000000000000000000000000000000000000000000000000000000000000800000000000000000000000000000000000000000000000000000000000000000000000000000000000000000000000000000000000000000000000000000010000000000000000000000000000000000000000000000000000000000000000600000000000000000000000007d43aabc515c356145049227cee54b608342c0ad000000000000000000000000"
481791,437978,20,43813,"5ec5b1e9b1bd5198343abb6e55fb695d2f7bb308"
481811,477612,76,4199,"00000000000000000000000000000000000000000000000000000000000000000000000000000000000000000000000000000000000000000000000000000000000000000000000000000000"
481887,481791,51,96,"5ec5b1e9b1bd5198343abb6e55fb695d2f7bb30800000000000000000000000000000000000000000000000000000000000000"
481938,481650,109,288,"80000000000000000000000000000000000000000000000000000000000000000000000000000000000000000000000000000000000000000000000000000001000000000000000000000000000000000000000000000000000000000000000060000000000000000000000000"
482047,476422,32,5625,"176211869ca2b568f2a7d4ee941e073a821ee1ff000000000000000000000000"
482099,481970,64,129,"00000000000000000000000000000000000000000000000000000000000000010000000000000000000000000000000000000000000000000000000000000000"
482163,464595,50,17568,"c0000000000000000000000000000000000000000000000000000000000000000000000000000000000000003102ef82e708"
482214,448518,14,33696,"842df426d1842df426d882520894"
482244,482206,1,38,"00"
482248,448552,108,33696,"862e625ce2300080c0000000000000000000000000000000000000000000000000000000000000000000000000000000000000000000010df9010a01842aea5400829d78940872ec4426103482a50f26ffc32acefcec61b3c980b8e4f242432a000000000000000000000000"
482356,469108,20,13248,"8c335ab17c0fb9bc0a840652b75bb89aacfca9b3"
482376,448680,256,33696,"000000000000000000000000aec3cacef9457ff2821d9f85429ce3d90b0014590000000000000000000000000000000000000000000000000000000000000005000000000000000000000000000000000000000000000000000000000000000100000000000000000000000000000000000000000000000000000000000000a00000000000000000000000000000000000000000000000000000000000000000000000000000000000000000000000000000000000000000000000000000000082e708808000000000000000000000000000000000000000000000000000000000000000000000000000000000000000000000000000010df9010a01842aea54"
482376,448680,44,33696,"000000000000000000000000aec3cacef9457ff2821d9f85429ce3d90b001459000000000000000000000000"
482676,469148,20,13528,"a5ad55e807c7b6460ecb6cb3e1d85c9a2f2bc67c"
482696,482376,256,320,"000000000000000000000000aec3cacef9457ff2821d9f85429ce3d90b0014590000000000000000000000000000000000000000000000000000000000000005000000000000000000000000000000000000000000000000000000000000000100000000000000000000000000000000000000000000000000000000000000a00000000000000000000000000000000000000000000000000000000000000000000000000000000000000000000000000000000000000000000000000000000082e708808000000000000000000000000000000000000000000000000000000000000000000000000000000000000000000000000000010df9010a01842aea54"
482696,482376,44,320,"000000000000000000000000aec3cacef9457ff2821d9f85429ce3d90b001459000000000000000000000000"
482996,469128,20,13868,"5f4cea979e209d574fc2438a04dee17e37e4a17c"
483016,434600,256,48416,"000000000000000000000000aec3cacef9457ff2821d9f85429ce3d90b0014590000000000000000000000000000000000000000000000000000000000000005000000000000000000000000000000000000000000000000000000000000000100000000000000000000000000000000000000000000000000000000000000a00000000000000000000000000000000000000000000000000000000000000000000000000000000000000000000000000000000000000000000000000000000082e70880800000000000000000000000000000000000000000000000000000000000000000000000000000000000000000000000000001eff901ec80842aea54"
483016,434600,225,48416,"000000000000000000000000aec3cacef9457ff2821d9f85429ce3d90b0014590000000000000000000000000000000000000000000000000000000000000005000000000000000000000000000000000000000000000000000000000000000100000000000000000000000000000000000000000000000000000000000000a00000000000000000000000000000000000000000000000000000000000000000000000000000000000000000000000000000000000000000000000000000000082e708808000000000000000000000000000000000000000000000000000000000"
483498,467274,160,16224,"00000000000000000000000000000000000000000000000000000000000000000000000000000000000000000000000000000000000000000000000000000005000000000000000000000000000000000000000000000000000000000000000000000000000000000000000000000000000000000000000000000000000001400000000000000000000000000000000000000000000000000000000000000041"
483722,449706,256,34016,"1b0000000000000000000000000000000000000000000000000000000000000082e7088080000000000000000000000000000000000000000000000000000000000000000000000000000000000000000000000001eff901ec80842aea540083015f90940872ec4426103482a50f26ffc32acefcec61b3c980b901c4d4dfd6bc0000000000000000000000000000000000000000000000000000000000000000000000000000000000000000000000000000000000000000000000000000000000000000000000000000000000000000000000000000000000000000000000000000000000000000000000000000000000000000000000000000000000000001"
483722,449706,62,34016,"1b0000000000000000000000000000000000000000000000000000000000000082e708808000000000000000000000000000000000000000000000000000"
484042,483498,160,544,"00000000000000000000000000000000000000000000000000000000000000000000000000000000000000000000000000000000000000000000000000000005000000000000000000000000000000000000000000000000000000000000000000000000000000000000000000000000000000000000000000000000000001400000000000000000000000000000000000000000000000000000000000000041"
484266,466954,256,17312,"1c0000000000000000000000000000000000000000000000000000000000000082e7088080000000000000000000000000000000000000000000000000000000000000000000000000000000000000000000000001eff901ec80842aea540083015f90940872ec4426103482a50f26ffc32acefcec61b3c980b901c4d4dfd6bc0000000000000000000000000000000000000000000000000000000000000000000000000000000000000000000000000000000000000000000000000000000000000000000000000000000000000000000000000000000000000000000000000000000000000000000000000000000000000000000000000000000000000001"
484266,466954,62,17312,"1c0000000000000000000000000000000000000000000000000000000000000082e708808000000000000000000000000000000000000000000000000000"
484586,484042,160,544,"00000000000000000000000000000000000000000000000000000000000000000000000000000000000000000000000000000000000000000000000000000005000000000000000000000000000000000000000000000000000000000000000000000000000000000000000000000000000000000000000000000000000001400000000000000000000000000000000000000000000000000000000000000041"
484810,483722,84,1088,"1b0000000000000000000000000000000000000000000000000000000000000082e70880800000000000000000000000000000000000000000000000000000000000000000000000000000000000000000000000"
484894,435390,13,49504,"002ceb51842aea540082520894"
484927,468319,76,16608,"865af3107a40008082e70880800000000000000000000000000000000000000000000000000000000000000000000000000000000000000000000000000000002ceb52842aea540082520894"
485023,421919,77,63104,"865af3107a40008082e7088080000000000000000000000000000000000000000000000000000000000000000000000000000000000000000000000000000001eff901ec80842aea5400830159"
485100,450668,221,34432,"1c940872ec4426103482a50f26ffc32acefcec61b3c980b901c4d4dfd6bc0000000000000000000000000000000000000000000000000000000000000000000000000000000000000000000000000000000000000000000000000000000000000000000000000000000000000000000000000000000000000000000000000000000000000000000000000000000000000000000000000000000000000001000000000000000000000000000000000000000000000000000000000000000100000000000000000000000000000000000000000000000000000000652212"
485322,484586,160,736,"00000000000000000000000000000000000000000000000000000000000000000000000000000000000000000000000000000000000000000000000000000005000000000000000000000000000000000000000000000000000000000000000000000000000000000000000000000000000000000000000000000000000001400000000000000000000000000000000000000000000000000000000000000041"
485546,484810,85,736,"1b0000000000000000000000000000000000000000000000000000000000000082e7088080000000000000000000000000000000000000000000000000000000000000000000000000000000000000000000000000"
485631,435967,33,49664,"000000000000000000000000000000000000000000000000000000000000000258"
485664,468648,20,17016,"b8ff877ed78ba520ece21b1de7843a8a57ca47cb"
485684,451600,40,34084,"e93685f3bba03016f02bd1828badd6195988d950e93685f3bba03016f02bd1828badd6195988d950"
485724,485704,20,20,"e93685f3bba03016f02bd1828badd6195988d950"
485744,473145,8,12599,"a1088d8073cd95f5"
485752,473177,12,12575,"30b1aafe71c99da60904f634"
485764,475939,20,9825,"166ffd2964669e61909398e9718123fdcf99c3c2"
485784,476156,20,9628,"182f8723b57ea3caf8b31c38bf5538987506e5ad"
485804,451680,20,34124,"31767cbd94b0d2f5b4deb17ab1744bf1a57fff01"
485824,422720,20,63104,"6232e78d54c4845c977fc9e11d7e61c5316d12d1"
485924,436220,20,49704,"596758cbbf0b118da13bcf95a69eed050ab97a0d"
485964,451800,20,34164,"42601170d8cb28522671979bd89a708b93ac11b1"
485984,480810,20,5174,"f989d774bca0fe1263f023a3374762a42662cce5"
486044,482079,20,3965,"2c9947b165e0c718a3cbf7d39e8e80d79cc9f5d9"
486064,469048,20,17016,"b7e5462af10b5386ffa973f7a0f3a51f5b37c210"
486084,482356,20,3728,"8c335ab17c0fb9bc0a840652b75bb89aacfca9b3"
486104,482676,20,3428,"a5ad55e807c7b6460ecb6cb3e1d85c9a2f2bc67c"
486124,482996,20,3128,"5f4cea979e209d574fc2438a04dee17e37e4a17c"
486144,468299,20,17845,"153a562df4759d36c178c9c6912b91906dc0960c"
486164,468395,20,17769,"bd8eaf4e71d5f42ca363193ba1b4db4d6039158e"
486184,468203,20,17981,"9cb41c350203ac108ce28bee6789014545cef477"
486204,436560,20,49644,"f6f8b5bc021ff67a9932346447dd7e78aa674224"
486224,436520,20,49704,"9dbad420963e53775a51ea9aad4afa3af6e5d753"
486244,468493,20,17751,"fd2f8182ea6c5107b8166812b4ce49cd959a84a6"
486264,423192,134,63072,"0000000000000000000000000000000000000000000000000000000000000000000000000000000000000000000000000000000000000000000000000000000000000000000000040000000000000000000000000000000000000000000000000000000000000080000000000000000000000000000000000000000000000000000000000000"
486400,475445,31,10955,"00000000000000000000000000000000000000000000000000000000000069"
486431,447168,32,39263,"0000000000000000000000000000000000000000000000000000000000000099"
486496,481299,30,5197,"0000000000000000000000000000000000000000000000000000000064fa"
486528,482132,62,4396,"00000000000000000000000000000000000000000000000000000000000000c0000000000000000000000000000000000000000000000000000000000000"
486591,424351,64,62240,"4000000000000000000000000000000000000000000000000000000000000028600000000000000000000000000000000000000000000000000000000000002a"
486656,486528,31,128,"00000000000000000000000000000000000000000000000000000000000000"
486688,462643,62,24045,"00000000000000000000000000000000000000000000000000000000000003a0000000000000000000000000000000000000000000000000000000000000"
486751,440977,32,45774,"4000000000000000000000000000000000000000000000000000000000000004"
486783,462674,32,24109,"a000000000000000000000000000000000000000000000000000000000000005"
486815,486656,31,159,"00000000000000000000000000000000000000000000000000000000000000"
486847,486815,32,32,"0000000000000000000000000000000000000000000000000000000000000006"
486880,423680,62,63200,"0000000000000000000000000000000000000000000000000000000000000800000000000000000000000000000000000000000000000000000000000000"
486944,480766,31,6178,"00000000000000000000000000000000000000000000000000000000000009"
486976,452448,31,34528,"0000000000000000000000000000000000000000000000000000000000000b"
487008,452480,31,34528,"0000000000000000000000000000000000000000000000000000000000000c"
487040,472738,31,14302,"0000000000000000000000000000000000000000000000000000000000000d"
487072,423776,31,63296,"0000000000000000000000000000000000000000000000000000000000000e"
487104,452512,62,34592,"0000000000000000000000000000000000000000000000000000000000000f00000000000000000000000000000000000000000000000000000000000000"
487166,452606,33,34560,"11c000000000000000000000000000000000000000000000000000000000000013"
487200,423904,62,63296,"00000000000000000000000000000000000000000000000000000000000017c0000000000000000000000000000000000000000000000000000000000000"
487264,487232,31,32,"0000000000000000000000000000000000000000000000000000000000001a"
487296,436992,31,50304,"0000000000000000000000000000000000000000000000000000000000001b"
487328,486657,31,671,"0000000000000000000000000000000000000000000000000000000000001d"
487360,424064,62,63296,"0000000000000000000000000000000000000000000000000000000000001e60000000000000000000000000000000000000000000000000000000000000"
487424,469856,62,17568,"00000000000000000000000000000000000000000000000000000000000021a0000000000000000000000000000000000000000000000000000000000000"
487488,452928,31,34560,"00000000000000000000000000000000000000000000000000000000000024"
487520,487488,31,32,"00000000000000000000000000000000000000000000000000000000000024"
487552,487520,31,32,"00000000000000000000000000000000000000000000000000000000000024"
487584,437120,62,50464,"0000000000000000000000000000000000000000000000000000000000002540000000000000000000000000000000000000000000000000000000000000"
487646,479518,4,8128,"006df86b"
487651,445731,7,41920,"8435a4e9008301"
487661,443512,20,44149,"eb466342c4d449bc9f53a865d5cb90586f405215"
487681,480074,19,7607,"80b844095ea7b3000000000000000000000000"
487700,426926,20,60774,"3228d205a96409a07a44d39916b6ea7b765d61f4"
487720,479592,86,8128,"ffffffffffffffffffffffffffffffffffffffffffffffffffffffffffffffff82e708808000000000000000000000000000000000000000000000000000000000000000000000000000000000000000000000000000"
487806,486653,2,1153,"002a"
487839,481129,6,6710,"8084183ff085"
487845,485578,58,2267,"82e70880800000000000000000000000000000000000000000000000000000000000000000000000000000000000000000000000000000000000"
487903,468479,3,19424,"2eed82"
487908,473069,3,14839,"843105"
487944,485030,55,2914,"8082e708808000000000000000000000000000000000000000000000000000000000000000000000000000000000000000000000000000"
488003,481188,5,6815,"82e7080684"
488012,488007,4,5,"842f912e"
488049,475863,61,12186,"000000000000000000000000176211869ca2b568f2a7d4ee941e073a821ee1ff0000000000000000000000000000000000000000000000000000000000"
488113,488098,12,15,"000000000000000000000000"
488145,485226,64,2919,"00000000000000000000000000000000000000000000000000000000000000010000000000000000000000000000000000000000000000000000000000000001"
488209,446993,53,41216,"c00000000000000000000000000000000000000000000000000000000000000000000000000000000000000000007102f86e82e708"
488267,488011,3,256,"8b842f"
488273,429905,43,58368,"82eb9294176211869ca2b568f2a7d4ee941e073a821ee1ff80b844095ea7b3000000000000000000000000"
488316,447100,48,41216,"685cea02c4a8ba4d6279e882bdd90129c1267cd000000000000000000000000000000000000000000000000000000000"
488368,458544,55,29824,"c0000000000000000000000000000000000000000000000000000000000000000000000000000000000000000000013302f9012f82e708"
488424,488263,11,161,"842f90c08b842f90c09582"
488435,459987,128,28448,"7e5494d1a3abf42f9e66be86cfdea8c5c2c74f041c5e1480b901045b7d7482000000000000000000000000000000000000000000000000000000000000004000000000000000000000000000000000000000000000000000000000000000a0000000000000000000000000000000000000000000000000000000000000004030"
488567,432637,3,55930,"366334"
488571,447557,3,41014,"353136"
488575,447640,3,40935,"633332"
488580,430677,3,57903,"613866"
488598,462202,3,26396,"653861"
488607,430570,4,58037,"39626635"
488612,479831,3,8781,"623934"
488615,462167,3,26448,"346436"
488622,448414,3,40208,"353033"
488626,448275,33,40351,"000000000000000000000000000000000000000000000000000000000000004065"
488660,458875,3,29785,"363066"
488663,447584,3,41079,"663434"
488674,448407,4,40267,"65333266"
488682,460139,3,28543,"363337"
488690,479966,3,8724,"323262"
488697,479953,3,8744,"313161"
488709,430691,3,58018,"316631"
488717,479964,3,8753,"356632"
488722,446898,51,41824,"c000000000000000000000000000000000000000000000000000000000000000000000000000000000000000003202f082e708"
488773,488262,12,511,"18842f90c08b842f90c09582"
488785,485000,3,3785,"520894"
488803,488766,1,37,"00"
488815,482254,47,6561,"0080c00000000000000000000000000000000000000000000000000000000000000000000000000000000000000000"
488862,488414,9,448,"013302f9012f82e708"
488871,460647,3,28224,"04842f"
488874,488426,136,448,"90c08b842f90c095827e5494d1a3abf42f9e66be86cfdea8c5c2c74f041c5e1480b901045b7d7482000000000000000000000000000000000000000000000000000000000000004000000000000000000000000000000000000000000000000000000000000000a00000000000000000000000000000000000000000000000000000000000000040"
489010,479877,4,9133,"35613131"
489014,462214,3,26800,"626538"
489018,432641,3,56377,"313432"
489021,479840,3,9181,"386463"
489024,479934,3,9090,"303863"
489036,462310,3,26726,"333561"
489042,489015,3,27,"653863"
489046,488710,3,336,"663130"
489053,489024,3,29,"303863"
489056,447552,4,41504,"34633537"
489060,448451,3,40609,"626337"
489063,462302,3,26761,"643262"
489074,448371,34,40703,"00000000000000000000000000000000000000000000000000000000000000403432"
489111,462207,3,26904,"613533"
489114,462303,3,26811,"326235"
489117,460129,3,28988,"626137"
489126,479939,3,9187,"613864"
489130,460150,3,28980,"376534"
489133,488689,3,444,"633232"
489137,488610,3,527,"353862"
489142,432533,3,56609,"323431"
489147,462283,3,26864,"626332"
489155,489139,3,16,"623037"
489158,479864,3,9294,"643765"
489161,462273,3,26888,"636166"
489170,460274,45,28896,"c00000000000000000000000000000000000000000000000000000000000000000000000000000000000000001"
489215,446591,11,42624,"3302f9012f82e70809842f"
489226,488874,136,352,"90c08b842f90c095827e5494d1a3abf42f9e66be86cfdea8c5c2c74f041c5e1480b901045b7d7482000000000000000000000000000000000000000000000000000000000000004000000000000000000000000000000000000000000000000000000000000000a00000000000000000000000000000000000000000000000000000000000000040"
489362,488658,64,704,"65343630666634343363313932313464653332666466633336333738303839633232626237663031316163306530656461663731663130396239613566326435"
489426,488530,96,896,"000000000000000000000000000000000000000000000000000000000000004030613938353663346235313637633332363361386633373964376661663562383266653765386163336638383539626635386239343464366232656235303331"
489522,489170,192,352,"c000000000000000000000000000000000000000000000000000000000000000000000000000000000000000013302f9012f82e70809842f90c08b842f90c095827e5494d1a3abf42f9e66be86cfdea8c5c2c74f041c5e1480b901045b7d7482000000000000000000000000000000000000000000000000000000000000004000000000000000000000000000000000000000000000000000000000000000a00000000000000000000000000000000000000000000000000000000000000040"
489714,448450,3,41264,"626263"
489717,430562,3,59155,"313433"
489723,479851,3,9872,"366236"
489729,447676,3,42053,"313636"
489732,489154,3,578,"306230"
489740,430694,3,59046,"333038"
489743,489417,4,326,"39623961"
489750,448418,4,41332,"38313332"
489755,448435,3,41320,"393130"
489761,489070,3,691,"336633"
489764,458836,4,30928,"36333939"
489770,447683,3,42087,"333163"
489775,462204,3,27571,"613233"
489778,489330,33,448,"000000000000000000000000000000000000000000000000000000000000004065"
489821,462269,3,27552,"393735"
489824,462183,3,27641,"623130"
489828,458858,4,30970,"39386135"
489836,430568,3,59268,"356239"
489841,464166,3,25675,"353732"
489845,432507,3,57338,"646138"
489848,489033,3,815,"396538"
489851,458890,4,30961,"62313965"
489859,479929,3,9930,"356236"
489863,448352,3,41511,"666134"
489866,489761,3,105,"336633"
489871,432635,3,57236,"643136"
489875,488211,51,1664,"00000000000000000000000000000000000000000000000000000000000000000000000000000000000000007102f86e82e708"
489926,488871,12,1055,"04842f90c08b842f90c09582"
489938,447058,42,42880,"eb8694176211869ca2b568f2a7d4ee941e073a821ee1ff80b844095ea7b3000000000000000000000000"
489980,431543,20,58437,"678aa4bf4e210cf2166753e054d5b7c31cc7fa86"
490000,431127,32,58873,"00000000000000000000000000000000000000000000000000000000000f10a9"
490032,488368,47,1664,"c000000000000000000000000000000000000000000000000000000000000000000000000000000000000000000001"
490079,460319,11,29760,"1a02f9011682e70880842f"
490090,489929,8,161,"90c08b842f90c095"
490102,460342,22,29760,"948731d54e9d02c286767d56ac03e8037c07e01e9887"
490131,461748,37,28383,"b8e41114cd2a00000000000000000000000000000000000000000000000000000000000000"
490169,487570,13,2599,"00000000000000000000000024"
490201,489650,57,551,"00000000000000000000000000000000000000000000000000000000000000a000000000000000000000000000000000000000000000000000"
490264,490206,26,58,"0000000000000000000000000000000000000000000000000000"
490296,472928,33,17368,"000000000000000000000000000000000000000000000000000000000000000014"
490329,490181,32,148,"240f58621fcb510fd96c58983e93234525d12ce7000000000000000000000000"
490362,490041,37,321,"00000000000000000000000000000000000000000000000000000000000000000000000000"
490403,458435,6,31968,"82e70801842f"
490409,490090,9,319,"90c08b842f90c09583"
490421,480341,21,10080,"94009a0b7c38b542208936f1179151cd08e2943833"
490448,447793,64,42655,"0000b844f2b9fdb8000000000000000000000000c7d8489dae3d2ebef075b1db2257e2c231c9d231000000000000000000000000000000000000000000000000"
490512,474806,2,15706,"0007"
490514,490444,6,70,"1afd498d0000"
490521,485625,38,4896,"0000000000000000000000000000000000000000000000000000000000000000000000000002"
490560,460640,3,29920,"02f902"
490564,489923,6,641,"82e70804842f"
490570,447209,9,43361,"8de966842f8de96f83"
490582,481206,23,9376,"9480e38291e06339d10aab483c65695d004dbd5c6980b9"
490607,481231,61,9376,"2cc4081e000000000000000000000000000000000000000000000000000000000000006000000000000000000000000000000000000000000000000000"
490675,486496,30,4179,"0000000000000000000000000000000000000000000000000000000064fa"
490707,481331,151,9376,"0000000000000000000000000000000000000000000000000000000000000001000000000000000000000000000000000000000000000000000000000000002000000000000000000000000000000000000000000000000000000000000000600000000000000000000000007d43aabc515c356145049227cee54b608342c0ad0000000000000000000000000000000000000000000000"
490858,475557,2,15301,"0033"
490866,432112,33,58754,"430000000000000000000000000000000000000000000000000000000000000001"
490899,490739,44,160,"0000000000000000000000000000000000000000000000000000000000000020000000000000000000000000"
490943,459366,160,31577,"7f72e0d8e9abf9133a92322b8b50bd8e0f9dcfcb0000000000000000000000000000000000000000000000000000000000000080000000000000000000000000000000000000000000000000000000000000000000000000000000000000000000000000000000000000000000000000000001000000000000000000000000000000000000000000000000000000000000000060000000000000000000000000"
491103,490815,32,288,"7d43aabc515c356145049227cee54b608342c0ad000000000000000000000000"
491155,482099,107,9056,"00000000000000000000000000000000000000000000000000000000000000010000000000000000000000000000000000000000000000000000000000000000c0000000000000000000000000000000000000000000000000000000000000000000000000000000000000"
491262,445886,9,45376,"01f402f901f082e708"
491271,461510,3,29761,"08842f"
491274,490570,10,704,"8de966842f8de96f8302"
491286,485101,219,6185,"940872ec4426103482a50f26ffc32acefcec61b3c980b901c4d4dfd6bc00000000000000000000000000000000000000000000000000000000000000000000000000000000000000000000000000000000000000000000000000000000000000000000000000000000000000000000000000000000000000000000000000000000000000000000000000000000000000000000000000000000000000010000000000000000000000000000000000000000000000000000000000000001000000000000000000000000000000000000000000000000000000006522"
491507,485322,160,6185,"00000000000000000000000000000000000000000000000000000000000000000000000000000000000000000000000000000000000000000000000000000005000000000000000000000000000000000000000000000000000000000000000000000000000000000000000000000000000000000000000000000000000001400000000000000000000000000000000000000000000000000000000000000041"
491731,446355,75,45376,"1b00000000000000000000000000000000000000000000000000000000000000c0000000000000000000000000000000000000000000000000000000000000000000000000000000000000"
491808,481184,3,10624,"02f903"
491812,458435,14,33377,"82e70801842f8de966842f8de96f"
491859,475084,3,16775,"b90384"
491866,441690,13,50176,"00000000000000000000000076"
491897,440817,32,51080,"5300000000000000000000000000000000000000000000000000000000000001"
491929,491602,32,327,"0000000000000000000000000000000000000000000000000000000000000001"
491961,463570,45,28391,"6000000000000000000000000000000000000000000000000000000000000001a0000000000000000000000000"
492026,477626,94,14400,"00000000000000000000000000000000000000000000000000000000000000000000000000000000000000000000000000000000000000000000000000000200000000000000000000000000000000000000000000000000000000000000"
492121,460729,64,31392,"20000000000000000000000000000000000000000000000000000000000000000200000000000000000000000000000000000000000000000000000000000000"
492186,492154,31,32,"00000000000000000000000000000000000000000000000000000000000000"
492218,490297,32,1921,"0000000000000000000000000000000000000000000000000000000000000014"
492250,491878,50,372,"768710eb054f278b2d787042d13af6389f80b953000000000000000000000000000000000000000000000000000000000000"
492300,492140,42,160,"000000000000000000000000000200000000000000000000000000000000000000000000000000000000"
492346,492314,31,32,"00000000000000000000000000000000000000000000000000000000017d87"
492378,481491,94,10887,"00000000000000000000000000000000000000000000000000000000000000020000000000000000000000000000000000000000000000000000000000000040000000000000000000000000000000000000000000000000000000000000"
492472,489680,33,2792,"00a000000000000000000000000000000000000000000000000000000000000000"
492505,456816,32,35689,"2200010000000000000000000000000000000000000000000000000000000000"
492537,471306,3,21231,"055730"
492540,492027,61,513,"00000000000000000000000000000000000000000000000000000000000000000000000000000000000000000000000000000000000000000000000000"
492601,492505,96,96,"220001000000000000000000000000000000000000000000000000000000000005573000000000000000000000000000000000000000000000000000000000000000000000000000000000000000000000000000000000000000000000000000"
492698,490142,27,2556,"00000000000000000000000000000000000000000000000000006e"
492730,492698,26,32,"0000000000000000000000000000000000000000000000000000"
492763,430715,44,62048,"0000000000000000000000000000000000000000000000000000000000000000000000027402f9027082e708"
492808,447207,12,45601,"842f8de966842f8de96f8303"
492822,430774,60,62048,"94678aa4bf4e210cf2166753e054d5b7c31cc7fa8680b902445ae401dc0000000000000000000000000000000000000000000000000000000064fa86"
492883,430835,256,62048,"000000000000000000000000000000000000000000000000000000000000004000000000000000000000000000000000000000000000000000000000000000020000000000000000000000000000000000000000000000000000000000000040000000000000000000000000000000000000000000000000000000000000016000000000000000000000000000000000000000000000000000000000000000e404e45aaf000000000000000000000000176211869ca2b568f2a7d4ee941e073a821ee1ff000000000000000000000000e5d7c2a44ffddf6b295a15c148167daaaf5cf34f00000000000000000000000000000000000000000000000000000000"
492883,430835,2,62048,"0000"
493143,492915,60,228,"000000000000000000000000000000000000000000000000000000000000000200000000000000000000000000000000000000000000000000000000"
493207,493178,25,29,"00000000000000000000000000000000000000000000000000"
493239,431191,121,62048,"000000000000000000000000000000000000000000000000000000000000000000000000000000000000000000000000000000000000000000000000000000000000000000000000000000000000000000000000000000000000004449404b7c00000000000000000000000000000000000000000000000000"
493360,493232,19,128,"b75e17f3ddf8ff000000000000000000000000"
493399,482135,78,11264,"00000000000000000000000000000000000000000000000000000000c0000000000000000000000000000000000000000000000000000000000000000000000000000000000000003102ef82e708"
493479,431430,88,62049,"842f8de966842f8de96f83010b3694cce9d3f392c135dc038b147ca73ec496f7f89d938084183ff085c000000000000000000000000000000000000000000000000000000000000000000000000000000000000000000000"
493567,467903,3,25664,"ecf8ea"
493576,467912,43,25664,"829b28940872ec4426103482a50f26ffc32acefcec61b3c980b8c4f242432a000000000000000000000000"
493630,493329,2,301,"0044"
493639,487282,13,6357,"0000000000000000000000001a"
493671,468007,183,25664,"0000000000000000000000000000000000000000000000000000000000000005000000000000000000000000000000000000000000000000000000000000000100000000000000000000000000000000000000000000000000000000000000a0000000000000000000000000000000000000000000000000000000000000000082e70880800000000000000000000000000000000000000000000000000000000000000000000000000000000000000000000000000000"
493854,482942,54,10912,"010df9010a01842aea5400829d78940872ec4426103482a50f26ffc32acefcec61b3c980b8e4f242432a000000000000000000000000"
493910,486621,2,7289,"0028"
493917,493701,2,216,"0005"
493928,482376,256,11552,"000000000000000000000000aec3cacef9457ff2821d9f85429ce3d90b0014590000000000000000000000000000000000000000000000000000000000000005000000000000000000000000000000000000000000000000000000000000000100000000000000000000000000000000000000000000000000000000000000a00000000000000000000000000000000000000000000000000000000000000000000000000000000000000000000000000000000000000000000000000000000082e708808000000000000000000000000000000000000000000000000000000000000000000000000000000000000000000000000000010df9010a01842aea54"
493928,482376,45,11552,"000000000000000000000000aec3cacef9457ff2821d9f85429ce3d90b00145900000000000000000000000000"
494248,465704,256,28544,"000000000000000000000000aec3cacef9457ff2821d9f85429ce3d90b0014590000000000000000000000000000000000000000000000000000000000000005000000000000000000000000000000000000000000000000000000000000000100000000000000000000000000000000000000000000000000000000000000a00000000000000000000000000000000000000000000000000000000000000000000000000000000000000000000000000000000000000000000000000000000082e70880800000000000000000000000000000000000000000000000000000000000000000000000000000000000000000000000000001eff901ec80842aea54"
494248,465704,225,28544,"000000000000000000000000aec3cacef9457ff2821d9f85429ce3d90b0014590000000000000000000000000000000000000000000000000000000000000005000000000000000000000000000000000000000000000000000000000000000100000000000000000000000000000000000000000000000000000000000000a00000000000000000000000000000000000000000000000000000000000000000000000000000000000000000000000000000000000000000000000000000000082e708808000000000000000000000000000000000000000000000000000000000"
494730,491507,160,3223,"00000000000000000000000000000000000000000000000000000000000000000000000000000000000000000000000000000000000000000000000000000005000000000000000000000000000000000000000000000000000000000000000000000000000000000000000000000000000000000000000000000000000001400000000000000000000000000000000000000000000000000000000000000041"
494924,486491,3,8433,"efef27"
494954,451114,85,43840,"1c0000000000000000000000000000000000000000000000000000000000000082e7088080000000000000000000000000000000000000000000000000000000000000000000000000000000000000000000000000"
495039,467903,52,27136,"ecf8ea01842aea5400829b28940872ec4426103482a50f26ffc32acefcec61b3c980b8c4f242432a000000000000000000000000"
495111,467975,215,27136,"00000000000000000000000001e4a663fffaf1430d3a36588b2c14b72231d8b40000000000000000000000000000000000000000000000000000000000000005000000000000000000000000000000000000000000000000000000000000000100000000000000000000000000000000000000000000000000000000000000a0000000000000000000000000000000000000000000000000000000000000000082e70880800000000000000000000000000000000000000000000000000000000000000000000000000000000000000000000000000000"
495326,494494,235,832,"01eff901ec80842aea540083015f90940872ec4426103482a50f26ffc32acefcec61b3c980b901c4d4dfd6bc0000000000000000000000000000000000000000000000000000000000000000000000000000000000000000000000000000000000000000000000000000000000000000000000000000000000000000000000000000000000000000000000000000000000000000000000000000000000000000000000000000000000000001000000000000000000000000000000000000000000000000000000000000000100000000000000000000000000000000000000000000000000000000651415"
495562,450890,161,44672,"000000000000000000000000000000000000000000000000000000000000000000000000000000000000000000000000000000000000000000000000000000050000000000000000000000000000000000000000000000000000000000000000000000000000000000000000000000000000000000000000000000000000014000000000000000000000000000000000000000000000000000000000000000412f"
495786,451114,87,44672,"1c0000000000000000000000000000000000000000000000000000000000000082e70880800000000000000000000000000000000000000000000000000000000000000000000000000000000000000000000000002ceb"
495873,451297,10,44576,"50842aea540082520894"
495903,468415,68,27488,"865af3107a40008082e70880800000000000000000000000000000000000000000000000000000000000000000000000000000000000000000000000000000002eed8202"
495972,495874,9,98,"842aea540082520894"
496001,468513,62,27488,"8654953ff6d0008082e708808000000000000000000000000000000000000000000000000000000000000000000000000000000000000000000000000000"
496063,495871,12,192,"2ceb50842aea540082520894"
496095,451231,76,44864,"865af3107a40008082e70880800000000000000000000000000000000000000000000000000000000000000000000000000000000000000000000000000000002ceb50842aea540082520894"
496191,485023,76,11168,"865af3107a40008082e7088080000000000000000000000000000000000000000000000000000000000000000000000000000000000000000000000000000001eff901ec80842aea54008301"
496267,483275,222,12992,"5f90940872ec4426103482a50f26ffc32acefcec61b3c980b901c4d4dfd6bc0000000000000000000000000000000000000000000000000000000000000000000000000000000000000000000000000000000000000000000000000000000000000000000000000000000000000000000000000000000000000000000000000000000000000000000000000000000000000000000000000000000000000001000000000000000000000000000000000000000000000000000000000000000100000000000000000000000000000000000000000000000000000000651417"
496490,483498,161,12992,"00000000000000000000000000000000000000000000000000000000000000000000000000000000000000000000000000000000000000000000000000000005000000000000000000000000000000000000000000000000000000000000000000000000000000000000000000000000000000000000000000000000000001400000000000000000000000000000000000000000000000000000000000000041de"
496714,495786,85,928,"1c0000000000000000000000000000000000000000000000000000000000000082e7088080000000000000000000000000000000000000000000000000000000000000000000000000000000000000000000000000"
496799,493143,32,3656,"0000000000000000000000000000000000000000000000000000000000000002"
496832,436080,20,60752,"fb52e6f695e64088939c0665fd711c929bedc579"
496892,488125,20,8767,"c5424956e7b964f6701e5f104614144dc4f6c7bf"
497023,496829,1,194,"00"
497032,436260,20,60772,"89a4bc5894638349219fac69d0c1df27204d6800"
497052,490329,20,6723,"240f58621fcb510fd96c58983e93234525d12ce7"
497072,436160,20,60912,"b1cb55b33bfaf20d55b20df30741fab5e28d6afd"
497092,491135,20,5957,"84167e276f9f4fce0825a59b61ee61c4a0966e91"
497132,492250,20,4882,"768710eb054f278b2d787042d13af6389f80b953"
497152,493379,20,3773,"905ef06810b5d168d0c8d351593ed5d1880dbc28"
497192,493619,20,3573,"e6b059b8bb287fcde78f7e0044fe67493f12cfd0"
497212,493908,20,3304,"498f00284b4ca84bb60005876e97d4d7dd439d5d"
497232,494228,20,3004,"a5866ac516395d4e1f54d23813ebc3bd9ad07795"
497272,495091,20,2181,"7904110ca274b7d2283597498e752a8cc1913859"
497312,469248,40,28064,"c65347b43019f8f453d7b486d259fd6146da334e01e4a663fffaf1430d3a36588b2c14b72231d8b4"
497352,469228,20,28124,"f269e8574583c27fe74b69b3f998a64efd8d0448"
497372,469208,20,28164,"40082e6f1c15d2b27b3de80cb7ad04e9ed121900"
497412,496770,60,642,"000000000000000000000000000000000000000000000000000000000000000000000000000000000000000000000000000000000000000000000000"
497504,486496,31,11008,"0000000000000000000000000000000000000000000000000000000064fa84"
497536,491732,62,5804,"00000000000000000000000000000000000000000000000000000000000000c0000000000000000000000000000000000000000000000000000000000000"
497600,470432,31,27168,"0000000000000000000000000000000000000000000000000000000000003b"
497631,497536,31,95,"00000000000000000000000000000000000000000000000000000000000000"
497663,436831,96,60832,"60000000000000000000000000000000000000000000000000000000000000001c000000000000000000000000000000000000000000000000000000000000038000000000000000000000000000000000000000000000000000000000000004"
497760,473305,32,24455,"0000000000000000000000000000000000000000000000000000000000000680"
497792,486912,31,10880,"00000000000000000000000000000000000000000000000000000000000008"
497824,486944,31,10880,"00000000000000000000000000000000000000000000000000000000000009"
497856,487136,31,10720,"00000000000000000000000000000000000000000000000000000000000011"
497888,443565,31,54323,"00000000000000000000000000000000000000000000000000000000000012"
497920,475909,31,22011,"00000000000000000000000000000000000000000000000000000000000016"
497951,497664,31,287,"00000000000000000000000000000000000000000000000000000000000000"
497984,486657,61,11327,"0000000000000000000000000000000000000000000000000000000000001d000000000000000000000000000000000000000000000000000000000000"
498045,498013,2,32,"001d"
498048,437024,62,61024,"0000000000000000000000000000000000000000000000000000000000001ec0000000000000000000000000000000000000000000000000000000000000"
498111,487391,32,10720,"6000000000000000000000000000000000000000000000000000000000000020"
498143,437055,32,61088,"c000000000000000000000000000000000000000000000000000000000000022"
498175,492570,32,5605,"0000000000000000000000000000000000000000000000000000000000000022"
498208,470048,31,28160,"00000000000000000000000000000000000000000000000000000000000029"
498240,497442,31,798,"0000000000000000000000000000000000000000000000000000000000002b"
498272,496129,31,2143,"0000000000000000000000000000000000000000000000000000000000002c"
498303,437471,32,60832,"600000000000000000000000000000000000000000000000000000000000002d"
498335,495936,32,2399,"000000000000000000000000000000000000000000000000000000000000002e"
498368,453056,31,45312,"0000000000000000000000000000000000000000000000000000000000002f"
498400,481057,31,17343,"00000000000000000000000000000000000000000000000000000000000030"
498432,470272,62,28160,"00000000000000000000000000000000000000000000000000000000000032e0000000000000000000000000000000000000000000000000000000000000"
498494,453182,64,45312,"35000000000000000000000000000000000000000000000000000000000000003720000000000000000000000000000000000000000000000000000000000000"
498560,437664,62,60896,"00000000000000000000000000000000000000000000000000000000000037e0000000000000000000000000000000000000000000000000000000000000"
498622,487646,4,10976,"006df86b"
498627,442950,6,55677,"843b9aca0083"
498637,493091,20,5546,"e5d7c2a44ffddf6b295a15c148167daaaf5cf34f"
498657,489961,3,8696,"80b844"
498664,447256,13,51408,"00000000000000000000000078"
498696,495239,86,3457,"000000000000000000000000000000000000000000000000000000000000000082e708808000000000000000000000000000000000000000000000000000000000000000000000000000000000000000000000000000"
498782,470558,8,28224,"0232f9022f830306"
498796,470572,128,28224,"83048d9c94cb566e3b6934fa77258d68ea18e931fa75e1aaaa80b902046c459a2800000000000000000000000038de71124f7a447a01d67945a51edce9ff49125100000000000000000000000000000000000000000000000000000000000000800000000000000000000000000000000000000000000000000000000064fad9"
498925,454829,100,44096,"00000000000000000000000000000000000000000000000000000000000001400000000000000000000000000000000000000000000000000000000000000084704316e5000000000000000000000000000000000000000000000000000000000000006f"
499057,492218,32,6839,"0000000000000000000000000000000000000000000000000000000000000014"
499089,499025,63,64,"5529b49f453f19c5ac10c10beb732d97a60a889c0da412f33b03721bb1a75dc400000000000000000000000000000000000000000000000000000000000000"
499152,498700,29,452,"0000000000000000000000000000000000000000000000000000000082"
499310,454606,88,44704,"1b00000000000000000000000000000000000000000000000000000000000082e708808000000000000000000000000000000000000000000000000000000000000000000000000000000000000000000232f9022f830306"
499398,443814,3,55584,"3d843a"
499404,498796,228,608,"83048d9c94cb566e3b6934fa77258d68ea18e931fa75e1aaaa80b902046c459a2800000000000000000000000038de71124f7a447a01d67945a51edce9ff49125100000000000000000000000000000000000000000000000000000000000000800000000000000000000000000000000000000000000000000000000064fad95100000000000000000000000000000000000000000000000000000000000001400000000000000000000000000000000000000000000000000000000000000084704316e500000000000000000000000000000000000000000000000000000000000000"
499665,470833,32,28832,"000000000000000000000000000000000000000000000000000000000000000a"
499697,499633,63,64,"ca74abfdb4b02df5e462b0cdf2c103491864369787e319c1ca39a04c8211ede800000000000000000000000000000000000000000000000000000000000000"
499760,499313,29,447,"0000000000000000000000000000000000000000000000000000000082"
499918,455214,84,44704,"1c00000000000000000000000000000000000000000000000000000000000082e70880800000000000000000000000000000000000000000000000000000000000000000000000000000000000000000006df86b"
500003,445731,49,54272,"8435a4e9008301635394176211869ca2b568f2a7d4ee941e073a821ee1ff80b844095ea7b3000000000000000000000000"
500052,462487,20,37565,"6131b5fae19ea4f9d964eac0408e4408b66337b5"
500072,487720,86,12352,"ffffffffffffffffffffffffffffffffffffffffffffffffffffffffffffffff82e708808000000000000000000000000000000000000000000000000000000000000000000000000000000000000000000000000000"
500158,473054,9,27104,"079e02f9079a82e708"
500173,500168,4,5,"843109cb"
500182,473078,41,27104,"940cab6977a9c70e04458b740476b498b21401964186accdd281e000b90768a4d73041000000000acd"
500225,473121,3,27104,"64f83b"
500229,473381,20,26848,"fe952def1c0e295048374ccd0b8ebe7001f1123e"
500257,473153,3,27104,"651fc8"
500261,478466,20,21795,"eeeeeeeeeeeeeeeeeeeeeeeeeeeeeeeeeeeeeeee"
500293,473189,20,27104,"7538262ae993ca117a0e481f908209137a46268e"
500377,473273,64,27104,"00000000000000000000000000000000000000000000000000000000000000c00000000000000000000000000000000000000000000000000000000000000680"
500442,473338,93,27104,"000000000000000000000023e0c0e69d69659089f15f1c90c52909d3131888003201000000000000c803e8fe952def1c0e295048374ccd0b8ebe7001f1123e000000000000accdd281e000000000000000000000000000000000000000"
500537,474937,31,25600,"000000000000accdd281e00000000000000000000000000000000000000010"
500569,500537,31,32,"000000000000accdd281e00000000000000000000000000000000000000010"
500601,500569,31,32,"000000000000accdd281e00000000000000000000000000000000000000010"
500633,500505,31,128,"000000000000accdd281e00000000000000000000000000000000000000009"
500665,500633,31,32,"000000000000accdd281e00000000000000000000000000000000000000009"
500697,474969,31,25728,"000000000000accdd281e0000000000000000000000000000000000000000d"
500729,474777,31,25952,"000000000000accdd281e00000000000000000000000000000000000000007"
500761,500729,31,32,"000000000000accdd281e00000000000000000000000000000000000000007"
500793,500601,31,192,"000000000000accdd281e00000000000000000000000000000000000000010"
500825,500761,31,64,"000000000000accdd281e00000000000000000000000000000000000000007"
500857,500697,31,160,"000000000000accdd281e0000000000000000000000000000000000000000d"
500889,474841,31,26048,"000000000000accdd281e00000000000000000000000000000000000000012"
500921,500793,31,128,"000000000000accdd281e00000000000000000000000000000000000000010"
500953,500825,31,128,"000000000000accdd281e00000000000000000000000000000000000000007"
500985,500857,31,128,"000000000000accdd281e0000000000000000000000000000000000000000d"
501017,500889,31,128,"000000000000accdd281e00000000000000000000000000000000000000012"
501049,500921,31,128,"000000000000accdd281e00000000000000000000000000000000000000010"
501081,500985,31,96,"000000000000accdd281e0000000000000000000000000000000000000000d"
501113,501017,31,96,"000000000000accdd281e00000000000000000000000000000000000000012"
501145,501049,31,96,"000000000000accdd281e00000000000000000000000000000000000000010"
501177,501081,31,96,"000000000000accdd281e0000000000000000000000000000000000000000d"
501209,500953,31,256,"000000000000accdd281e00000000000000000000000000000000000000007"
501241,501113,31,128,"000000000000accdd281e00000000000000000000000000000000000000012"
501273,501177,31,96,"000000000000accdd281e0000000000000000000000000000000000000000d"
501305,501241,31,64,"000000000000accdd281e00000000000000000000000000000000000000012"
501337,501209,31,128,"000000000000accdd281e00000000000000000000000000000000000000007"
501369,501273,31,96,"000000000000accdd281e0000000000000000000000000000000000000000d"
501401,501337,31,64,"000000000000accdd281e00000000000000000000000000000000000000007"
501433,501305,31,128,"000000000000accdd281e00000000000000000000000000000000000000012"
501465,501145,31,320,"000000000000accdd281e00000000000000000000000000000000000000010"
501497,501369,31,128,"000000000000accdd281e0000000000000000000000000000000000000000d"
501529,501401,31,128,"000000000000accdd281e00000000000000000000000000000000000000007"
501561,501465,31,96,"000000000000accdd281e00000000000000000000000000000000000000010"
501593,501529,31,64,"000000000000accdd281e00000000000000000000000000000000000000007"
501625,501497,31,128,"000000000000accdd281e0000000000000000000000000000000000000000d"
501657,501433,31,224,"000000000000accdd281e00000000000000000000000000000000000000012"
501689,501657,31,32,"000000000000accdd281e00000000000000000000000000000000000000012"
501721,501689,31,32,"000000000000accdd281e00000000000000000000000000000000000000012"
501753,501721,31,32,"000000000000accdd281e00000000000000000000000000000000000000012"
501785,501625,31,160,"000000000000accdd281e0000000000000000000000000000000000000000d"
501817,501753,31,64,"000000000000accdd281e00000000000000000000000000000000000000012"
501849,501817,31,32,"000000000000accdd281e00000000000000000000000000000000000000012"
501881,473753,31,28128,"000000000000accdd281e0000000000000000000000000000000000000000c"
501913,500665,31,1248,"000000000000accdd281e00000000000000000000000000000000000000009"
501945,501881,31,64,"000000000000accdd281e0000000000000000000000000000000000000000c"
501977,501849,31,128,"000000000000accdd281e00000000000000000000000000000000000000012"
502009,501913,31,96,"000000000000accdd281e00000000000000000000000000000000000000009"
502041,501945,31,96,"000000000000accdd281e0000000000000000000000000000000000000000c"
502073,502009,31,64,"000000000000accdd281e00000000000000000000000000000000000000009"
502105,475001,37,27104,"801aa9b9c00000000000000000000000000000000000000000000000000000000000000000"
502148,487810,5,14338,"84310711fd"
502184,499630,3,2554,"0000b8"
502192,493079,44,9113,"000000000000000000000000e5d7c2a44ffddf6b295a15c148167daaaf5cf34f000000000000000000000000"
502236,493059,32,9177,"176211869ca2b568f2a7d4ee941e073a821ee1ff000000000000000000000000"
502288,462899,31,39389,"0000000000000000000000000000000000000000000000000000000064fa89"
502320,497925,26,4395,"0000000000000000000000000000000000000000000000000016"
502346,502180,6,166,"bcc41e900000"
502352,495209,30,7143,"0000000000000000000000000000000000000000000000000000000000a0"
502384,498696,78,3688,"000000000000000000000000000000000000000000000000000000000000000082e70880800000000000000000000000000000000000000000000000000000000000000000000000000000000000"
502462,464734,9,37728,"035b02f9035782e708"
502472,502148,5,324,"84310711fd"
502477,502148,6,329,"84310711fd83"
502483,464755,25,37728,"0274c9941d0188c4b276a09366d05d6be06af61a73bc753587"
502514,477361,148,25153,"00b90324d3115a8a000000000000000000000000000000000000000000000000000000000000006000000000000000000000000000000000000000000000000000000000000000c000000000000000000000000000000000000000000000000000000000000001200000000000000000000000000000000000000000000000000000000000000002000000000000000000000000"
502662,464934,256,37728,"176211869ca2b568f2a7d4ee941e073a821ee1ffeeeeeeeeeeeeeeeeeeeeeeeeeeeeeeeeeeeeeeeeeeeeeeeeeeeeeeeeeeeeeeee000000000000000000000000000000000000000000000000000000000000000200000000000000000000000000000000000000000000000000000000000000000000000000000000000000000000000000000000000000000000000000000000000000000000000000000000000000000000000000000000000000000000000200000000000000000000000000000000000000000000000000000000000000400000000000000000000000000000000000000000000000000000000000000120000000000000000000000000"
502662,464934,256,37728,"176211869ca2b568f2a7d4ee941e073a821ee1ffeeeeeeeeeeeeeeeeeeeeeeeeeeeeeeeeeeeeeeeeeeeeeeeeeeeeeeeeeeeeeeee000000000000000000000000000000000000000000000000000000000000000200000000000000000000000000000000000000000000000000000000000000000000000000000000000000000000000000000000000000000000000000000000000000000000000000000000000000000000000000000000000000000000000200000000000000000000000000000000000000000000000000000000000000400000000000000000000000000000000000000000000000000000000000000120000000000000000000000000"
502662,464934,112,37728,"176211869ca2b568f2a7d4ee941e073a821ee1ffeeeeeeeeeeeeeeeeeeeeeeeeeeeeeeeeeeeeeeeeeeeeeeeeeeeeeeeeeeeeeeee000000000000000000000000000000000000000000000000000000000000000200000000000000000000000000000000000000000000000000000000"
503290,477242,69,26048,"0000000000000000000000000000000000000000000000000000000000000000c0000000000000000000000000000000000000000000000000000000000000000000000003"
503359,462463,3,40896,"5402f9"
503363,462467,4,40896,"5082e708"
503368,502472,12,896,"84310711fd84310711fd8302"
503382,502486,21,896,"941d0188c4b276a09366d05d6be06af61a73bc7535"
503403,481227,3,22176,"80b903"
503406,502517,145,889,"24d3115a8a000000000000000000000000000000000000000000000000000000000000006000000000000000000000000000000000000000000000000000000000000000c000000000000000000000000000000000000000000000000000000000000001200000000000000000000000000000000000000000000000000000000000000002000000000000000000000000"
503551,476454,20,27097,"cc22f6aa610d1b2a0e89ef228079cb3e1831b1d1"
503571,502682,87,889,"eeeeeeeeeeeeeeeeeeeeeeeeeeeeeeeeeeeeeeeeeeeeeeeeeeeeeeeeeeeeeeee00000000000000000000000000000000000000000000000000000000000000020000000000000000000000000000000000000000000000"
503667,502778,140,889,"0000000000000000000000000000000000000000000000000000000000000000000000000000000000000000000000000000000000000000000000000000000200000000000000000000000000000000000000000000000000000000000000400000000000000000000000000000000000000000000000000000000000000120000000000000000000000000"
503827,502938,97,889,"000000000000000000000000000000000000000000000000000000000000006000000000000000000000000000000000000000000000000000000000000000c0000000000000000000000000000000000000000000000000000000000000000200"
503924,503067,31,857,"0200000000000000000000000000007fffffffffffffffffffffffffffffff"
503956,503035,31,921,"0100000000000000000000000000007fffffffffffffffffffffffffffffff"
503987,503098,160,889,"00000000000000000000000000000000000000000000000000000000000000000500000000000000000000000000000000000000000000000000000000000000000000000000000000000000000000000000000000000000000000000000006000000000000000000000000000000000000000000000000000000000000000a00000000000000000000000000000000000000000000000000000000000000001"
504148,503259,24,889,"010000000000000000000000000000ffffffffffffffffff"
504179,491187,75,12992,"0000000000000000000000000000000000000000000000000000000000000000c0000000000000000000000000000000000000000000000000000000000000000000000000000000000000"
504256,503360,3,896,"02f903"
504260,503364,3,896,"82e708"
504264,503373,4,891,"84310711"
504269,504264,3,5,"843107"
504278,500182,22,4096,"940cab6977a9c70e04458b740476b498b21401964186"
504304,458993,4,45311,"8000b903"
504313,439930,95,64383,"0000000000000000000000000000000000000000000000000000000000000100000000000000000000000000000000000000000000000000000000000000000000000000000000000000000000000000000000000000000000000000000000"
504473,501579,13,2894,"00000000000000000000000010"
504505,496394,62,8111,"0000000000000000000000000000000000000000000000000000000000000001000000000000000000000000000000000000000000000000000000000000"
504568,504523,14,45,"0000000000000000000000000001"
504582,469269,75,35313,"e4a663fffaf1430d3a36588b2c14b72231d8b40000000000000000000000000000000000000000000000000000000000000000000000000000000000000000000000000000000000000000"
504657,497532,3,7125,"64fa84"
504665,504626,31,39,"00000000000000000000000000000000000000000000000000000000000000"
504697,478454,57,26243,"000000000000000000000000eeeeeeeeeeeeeeeeeeeeeeeeeeeeeeeeeeeeeeee00000000000000000000000000000000000000000000000000"
504759,462962,33,41797,"800000000000000000000000000000000000000000000000000000000000000001"
504793,497810,13,6983,"00000000000000000000000008"
504806,496271,19,8535,"72ec4426103482a50f26ffc32acefcec61b3c9"
504825,503988,63,837,"000000000000000000000000000000000000000000000000000000000000000500000000000000000000000000000000000000000000000000000000000000"
504889,490867,76,14022,"00000000000000000000000000000000000000000000000000000000000000010000000000000000000000000000000000000000000000000000000000000020000000000000000000000000"
504965,500293,20,4672,"7538262ae993ca117a0e481f908209137a46268e"
504985,440180,27,64805,"0000000000000000000000000000000000000000000000000000d0"
505012,504301,5,711,"17a6b98000"
505017,459162,89,45855,"0000000000000000000000000000000000000000000000000000000000000060000000000000000000000000000000000000000000000000000000000000000000000000000000000000000000000000000000000000000000"
505106,499493,8,5613,"0000000000000080"
505114,502106,36,3008,"1aa9b9c00000000000000000000000000000000000000000000000000000000000000000"
505150,490858,2,14292,"0033"
505154,456932,6,48222,"82e708038430"
505163,505158,4,5,"84300e49"
505168,482224,5,22944,"82520894f3"
505200,488815,46,16385,"0080c000000000000000000000000000000000000000000000000000000000000000000000000000000000000000"
505246,489566,9,15680,"013302f9012f82e708"
505261,505256,4,5,"842f8e89"
505266,489586,128,15680,"827e5494d1a3abf42f9e66be86cfdea8c5c2c74f041c5e1480b901045b7d7482000000000000000000000000000000000000000000000000000000000000004000000000000000000000000000000000000000000000000000000000000000a00000000000000000000000000000000000000000000000000000000000000040"
505395,489862,3,15533,"666661"
505410,460152,3,45258,"343866"
505426,458862,3,46564,"376265"
505429,489034,3,16395,"653833"
505440,489837,4,15603,"62393134"
505444,489129,3,16315,"633765"
505455,505405,3,50,"616633"
505458,479794,33,25664,"000000000000000000000000000000000000000000000000000000000000004039"
505491,447544,3,57947,"373637"
505494,458773,3,46721,"623165"
505505,505417,3,88,"383462"
505510,489397,3,16113,"623766"
505514,479922,3,25592,"633630"
505526,460114,3,45412,"306336"
505538,460118,3,45420,"663135"
505545,448343,3,57202,"613465"
505555,505069,44,486,"0000000000000000000000000000000000000000000000000000000000000000000000000000000000000000"
505599,490399,10,15200,"7902f87682e70801842f"
505609,505258,8,351,"8e89be842f8e89c8"
505617,490417,141,15200,"8305337194009a0b7c38b542208936f1179151cd08e294383387071afd498d0000b844f2b9fdb8000000000000000000000000c7d8489dae3d2ebef075b1db2257e2c231c9d23100000000000000000000000000000000000000000000000000071afd498d0000c000000000000000000000000000000000000000000000000000000000000000000000000000"
505758,446590,148,59168,"013302f9012f82e70809842f8de966842f8de96f827e5494d1a3abf42f9e66be86cfdea8c5c2c74f041c5e1480b901045b7d7482000000000000000000000000000000000000000000000000000000000000004000000000000000000000000000000000000000000000000000000000000000a00000000000000000000000000000000000000000000000000000000000000040"
505906,489810,64,16096,"65636539343836613635643937356231303739386135366461353562393134353732636461383965386231396530663138356236666661343366333035643136"
505970,489682,96,16288,"000000000000000000000000000000000000000000000000000000000000004062626331343332653936623630323131363630623031303532343330383962396137316138313332363931303439663366333633393930313331633164613233"
506066,460274,56,45792,"c000000000000000000000000000000000000000000000000000000000000000000000000000000000000000011a02f9011682e70880842f"
506122,493481,9,12641,"8de966842f8de96f83"
506134,490102,22,16032,"948731d54e9d02c286767d56ac03e8037c07e01e9887"
506162,460370,51,45792,"66b8e41114cd2a000000000000000000000000000000000000000000000000000000000000006f000000000000000000000000"
506233,505842,57,391,"00000000000000000000000000000000000000000000000000000000000000a000000000000000000000000000000000000000000000000000"
506293,505800,3,493,"5e1480"
506296,498308,27,7988,"00000000000000000000000000000000000000000000000000002d"
506328,490296,33,16032,"000000000000000000000000000000000000000000000000000000000000000014"
506361,506213,32,148,"8ab38f45097bb383bae6043d16da03d2dab6b622000000000000000000000000"
506393,490361,48,16032,"c0000000000000000000000000000000000000000000000000000000000000000000000000007902f87682e70801842f"
506441,491818,10,14623,"8de966842f8de96f8305"
506451,505619,139,832,"337194009a0b7c38b542208936f1179151cd08e294383387071afd498d0000b844f2b9fdb8000000000000000000000000c7d8489dae3d2ebef075b1db2257e2c231c9d23100000000000000000000000000000000000000000000000000071afd498d0000c000000000000000000000000000000000000000000000000000000000000000000000000000"
506596,447203,15,59393,"82e7082b842f8de966842f8de96f83"
506613,490581,22,16032,"1a9480e38291e06339d10aab483c65695d004dbd5c69"
506647,458998,64,47649,"2cc4081e000000000000000000000000000000000000000000000000000000000000006000000000000000000000000000000000000000000000000000000000"
506715,490675,31,16040,"0000000000000000000000000000000000000000000000000000000064fab3"
506747,503699,94,3048,"00000000000000000000000000000000000000000000000000000000000000020000000000000000000000000000000000000000000000000000000000000040000000000000000000000000000000000000000000000000000000000000"
506842,443627,45,63215,"400000000000000000000000000000000000000000000000000000000000000060000000000000000000000000"
506887,506886,44,1,"0000000000000000000000000000000000000000000000000000000000000000000000000000000000000000"
506939,459258,256,47681,"0000000000000000000000000000000000000000000000000000000000000002000000000000000000000000000000000000000000000000000000000000004000000000000000000000000000000000000000000000000000000000000001600000000000000000000000007f72e0d8e9abf9133a92322b8b50bd8e0f9dcfcb0000000000000000000000000000000000000000000000000000000000000080000000000000000000000000000000000000000000000000000000000000000000000000000000000000000000000000000000000000000000000000000001000000000000000000000000000000000000000000000000000000000000000060"
506939,459258,256,47681,"0000000000000000000000000000000000000000000000000000000000000002000000000000000000000000000000000000000000000000000000000000004000000000000000000000000000000000000000000000000000000000000001600000000000000000000000007f72e0d8e9abf9133a92322b8b50bd8e0f9dcfcb0000000000000000000000000000000000000000000000000000000000000080000000000000000000000000000000000000000000000000000000000000000000000000000000000000000000000000000000000000000000000000000001000000000000000000000000000000000000000000000000000000000000000060"
506939,459258,76,47681,"00000000000000000000000000000000000000000000000000000000000000020000000000000000000000000000000000000000000000000000000000000040000000000000000000000000"
507547,502714,95,4833,"0000000000000000000000000000000000000000000000000000000000000002000000000000000000000000000000000000000000000000000000000000000000000000000000000000000000000000000000000000000000000000000000"
507643,507586,56,57,"0000000000000000000000000000000000000000000000000000000000000000000000000000000000000000000000000000000000000000"
507707,506939,108,768,"000000000000000000000000000000000000000000000000000000000000000200000000000000000000000000000000000000000000000000000000000000400000000000000000000000000000000000000000000000000000000000000160000000000000000000000000"
507815,481887,160,25928,"5ec5b1e9b1bd5198343abb6e55fb695d2f7bb3080000000000000000000000000000000000000000000000000000000000000080000000000000000000000000000000000000000000000000000000000000000000000000000000000000000000000000000000000000000000000000000001000000000000000000000000000000000000000000000000000000000000000060000000000000000000000000"
507975,507207,32,768,"e5d7c2a44ffddf6b295a15c148167daaaf5cf34f000000000000000000000000"
508027,507259,76,768,"00000000000000000000000000000000000000000000000000000000000000000000000000000000000000000000000000000000000000000000000000000000000000000000000000000000"
508103,508007,51,96,"258d5f860b11ec73ee200eb14f1b60a3b7a536a200000000000000000000000000000000000000000000000000000000000000"
508154,481938,141,26216,"80000000000000000000000000000000000000000000000000000000000000000000000000000000000000000000000000000000000000000000000000000001000000000000000000000000000000000000000000000000000000000000000060000000000000000000000000176211869ca2b568f2a7d4ee941e073a821ee1ff000000000000000000000000"
508295,507527,84,768,"59abe1e264f657d70c3ab5109d424f7f01a8729c00000000000000000000000000000000000000000000000000000000000000020000000000000000000000000000000000000000000000000000000000000000"
508380,480444,43,27936,"0000000000000000000000000000000000000000000000000000000000000000000001db02f901d782e708"
508423,461703,3,46720,"02842f"
508426,506122,10,2304,"8de966842f8de96f8307"
508438,480502,22,27936,"94f82537fb6c56a3b50092d3951f84f5f6c835b4f587"
508465,457577,3,50888,"0000b9"
508468,480532,37,27936,"01a45ae401dc0000000000000000000000000000000000000000000000000000000064fa86"
508506,480570,176,27936,"00000000000000000000000000000000000000000000000000000000000000400000000000000000000000000000000000000000000000000000000000000001000000000000000000000000000000000000000000000000000000000000002000000000000000000000000000000000000000000000000000000000000000e404e45aaf000000000000000000000000e5d7c2a44ffddf6b295a15c148167daaaf5cf34f000000000000000000000000"
508682,475875,51,32807,"176211869ca2b568f2a7d4ee941e073a821ee1ff00000000000000000000000000000000000000000000000000000000000000"
508734,461150,57,47584,"000000000000000000000000b03d651170ceee35729aff792d522fd952cf94c000000000000000000000000000000000000000000000000000"
508791,508460,7,331,"2386f26fc10000"
508798,455735,30,53063,"0000000000000000000000000000000000000000000000000000000000fa"
508830,480894,97,27936,"000000000000000000000000000000000000000000000000000000000000000000000000000000000000000000000000000000000000000000000000c0000000000000000000000000000000000000000000000000000000000000000000000000"
508927,506431,159,2496,"7902f87682e70801842f8de966842f8de96f8305337194009a0b7c38b542208936f1179151cd08e294383387071afd498d0000b844f2b9fdb8000000000000000000000000c7d8489dae3d2ebef075b1db2257e2c231c9d23100000000000000000000000000000000000000000000000000071afd498d0000c000000000000000000000000000000000000000000000000000000000000000000000000000"
509086,458430,21,50656,"007102f86e82e70801842f8de966842f8de96f82eb"
509107,489939,41,19168,"8694176211869ca2b568f2a7d4ee941e073a821ee1ff80b844095ea7b3000000000000000000000000"
509148,508439,20,709,"f82537fb6c56a3b50092d3951f84f5f6c835b4f5"
509168,508541,29,627,"0000000000000000000000000000000000000000000000000000000001"
509200,482256,100,26944,"c0000000000000000000000000000000000000000000000000000000000000000000000000000000000000000000010df9010a01842aea5400829d78940872ec4426103482a50f26ffc32acefcec61b3c980b8e4f242432a000000000000000000000000"
509300,497252,20,12048,"fd84701785edd79996f05aeb5b8470ef6ac8933e"
509320,493928,256,15392,"000000000000000000000000aec3cacef9457ff2821d9f85429ce3d90b0014590000000000000000000000000000000000000000000000000000000000000005000000000000000000000000000000000000000000000000000000000000000100000000000000000000000000000000000000000000000000000000000000a00000000000000000000000000000000000000000000000000000000000000000000000000000000000000000000000000000000000000000000000000000000082e708808000000000000000000000000000000000000000000000000000000000000000000000000000000000000000000000000000010df9010a01842aea54"
509320,493928,44,15392,"000000000000000000000000aec3cacef9457ff2821d9f85429ce3d90b001459000000000000000000000000"
509620,497392,32,12228,"93e0d3808e46c07b48ebc2f0ad3d33bb6dfeeac5000000000000000000000000"
509652,509332,256,320,"aec3cacef9457ff2821d9f85429ce3d90b0014590000000000000000000000000000000000000000000000000000000000000005000000000000000000000000000000000000000000000000000000000000000100000000000000000000000000000000000000000000000000000000000000a00000000000000000000000000000000000000000000000000000000000000000000000000000000000000000000000000000000000000000000000000000000082e708808000000000000000000000000000000000000000000000000000000000000000000000000000000000000000000000000000010df9010a01842aea5400829d78940872ec44261034"
509652,509332,32,320,"aec3cacef9457ff2821d9f85429ce3d90b001459000000000000000000000000"
509940,497292,20,12648,"c79ae1470e9434f46ead244c63402aeff8c19163"
509960,483016,256,26944,"000000000000000000000000aec3cacef9457ff2821d9f85429ce3d90b0014590000000000000000000000000000000000000000000000000000000000000005000000000000000000000000000000000000000000000000000000000000000100000000000000000000000000000000000000000000000000000000000000a00000000000000000000000000000000000000000000000000000000000000000000000000000000000000000000000000000000000000000000000000000000082e70880800000000000000000000000000000000000000000000000000000000000000000000000000000000000000000000000000001eff901ec80842aea54"
509960,483016,225,26944,"000000000000000000000000aec3cacef9457ff2821d9f85429ce3d90b0014590000000000000000000000000000000000000000000000000000000000000005000000000000000000000000000000000000000000000000000000000000000100000000000000000000000000000000000000000000000000000000000000a00000000000000000000000000000000000000000000000000000000000000000000000000000000000000000000000000000000000000000000000000000000082e708808000000000000000000000000000000000000000000000000000000000"
510442,496490,160,13952,"00000000000000000000000000000000000000000000000000000000000000000000000000000000000000000000000000000000000000000000000000000005000000000000000000000000000000000000000000000000000000000000000000000000000000000000000000000000000000000000000000000000000001400000000000000000000000000000000000000000000000000000000000000041"
510666,449706,256,60960,"1b0000000000000000000000000000000000000000000000000000000000000082e7088080000000000000000000000000000000000000000000000000000000000000000000000000000000000000000000000001eff901ec80842aea540083015f90940872ec4426103482a50f26ffc32acefcec61b3c980b901c4d4dfd6bc0000000000000000000000000000000000000000000000000000000000000000000000000000000000000000000000000000000000000000000000000000000000000000000000000000000000000000000000000000000000000000000000000000000000000000000000000000000000000000000000000000000000000001"
510666,449706,63,60960,"1b0000000000000000000000000000000000000000000000000000000000000082e70880800000000000000000000000000000000000000000000000000000"
510986,510442,160,544,"00000000000000000000000000000000000000000000000000000000000000000000000000000000000000000000000000000000000000000000000000000005000000000000000000000000000000000000000000000000000000000000000000000000000000000000000000000000000000000000000000000000000001400000000000000000000000000000000000000000000000000000000000000041"
511210,483722,256,27488,"1b0000000000000000000000000000000000000000000000000000000000000082e7088080000000000000000000000000000000000000000000000000000000000000000000000000000000000000000000000001eff901ec80842aea540083015f90940872ec4426103482a50f26ffc32acefcec61b3c980b901c4d4dfd6bc0000000000000000000000000000000000000000000000000000000000000000000000000000000000000000000000000000000000000000000000000000000000000000000000000000000000000000000000000000000000000000000000000000000000000000000000000000000000000000000000000000000000000001"
511210,483722,63,27488,"1b0000000000000000000000000000000000000000000000000000000000000082e70880800000000000000000000000000000000000000000000000000000"
511530,510986,160,544,"00000000000000000000000000000000000000000000000000000000000000000000000000000000000000000000000000000000000000000000000000000005000000000000000000000000000000000000000000000000000000000000000000000000000000000000000000000000000000000000000000000000000001400000000000000000000000000000000000000000000000000000000000000041"
511754,495786,97,15968,"1c0000000000000000000000000000000000000000000000000000000000000082e70880800000000000000000000000000000000000000000000000000000000000000000000000000000000000000000000000002ceb50842aea540082520894"
511871,496095,66,15776,"865af3107a40008082e70880800000000000000000000000000000000000000000000000000000000000000000000000000000000000000000000000000000002ceb"
511938,511842,9,96,"842aea540082520894"
511967,485023,256,26944,"865af3107a40008082e7088080000000000000000000000000000000000000000000000000000000000000000000000000000000000000000000000000000001eff901ec80842aea54008301591c940872ec4426103482a50f26ffc32acefcec61b3c980b901c4d4dfd6bc0000000000000000000000000000000000000000000000000000000000000000000000000000000000000000000000000000000000000000000000000000000000000000000000000000000000000000000000000000000000000000000000000000000000000000000000000000000000000000000000000000000000000001000000000000000000000000000000000000000000"
511967,485023,41,26944,"865af3107a40008082e708808000000000000000000000000000000000000000000000000000000000"
512266,511530,160,736,"00000000000000000000000000000000000000000000000000000000000000000000000000000000000000000000000000000000000000000000000000000005000000000000000000000000000000000000000000000000000000000000000000000000000000000000000000000000000000000000000000000000000001400000000000000000000000000000000000000000000000000000000000000041"
512490,485546,117,26944,"1b0000000000000000000000000000000000000000000000000000000000000082e70880800000000000000000000000000000000000000000000000000000000000000000000000000000000000000000000000000000000000000000000000000000000000000000000000000000000000000002"
512628,468628,40,44000,"b8ff877ed78ba520ece21b1de7843a8a57ca47cbb8ff877ed78ba520ece21b1de7843a8a57ca47cb"
512668,468688,20,43980,"3d391afffed2255a2dd00325c3a96a5a8e023ff8"
512688,500249,8,12439,"066954c8ed497e35"
512696,500281,12,12415,"3d6aaf4f24685fd28ec42eef"
512708,502268,20,10440,"1b50ad5d54b5b81ebcabaa397b54eafb26d0051f"
512728,485824,20,26904,"6232e78d54c4845c977fc9e11d7e61c5316d12d1"
512768,504485,20,8283,"10103d79ac194eb0c4cc75742bda65c18dff335b"
512868,506361,20,6507,"8ab38f45097bb383bae6043d16da03d2dab6b622"
512908,508295,20,4613,"59abe1e264f657d70c3ab5109d424f7f01a8729c"
512928,468908,40,44020,"b03d651170ceee35729aff792d522fd952cf94c097bd845f07c2f1557290c0fad634345510d0a677"
512988,509300,20,3688,"fd84701785edd79996f05aeb5b8470ef6ac8933e"
513008,509620,20,3388,"93e0d3808e46c07b48ebc2f0ad3d33bb6dfeeac5"
513028,509940,20,3088,"c79ae1470e9434f46ead244c63402aeff8c19163"
513048,496075,20,16973,"47c7c8a1529c35d06fa7cf2fa4db1f550d99916a"
513068,496171,20,16897,"26d397c8f96a86d06654c2cf3c49a15e7db35db5"
513088,495883,20,17205,"8191603b651ba22961e77cb8b2d667f45ed77d2c"
513108,486224,20,26884,"9dbad420963e53775a51ea9aad4afa3af6e5d753"
513128,486204,20,26924,"f6f8b5bc021ff67a9932346447dd7e78aa674224"
513148,495981,20,17167,"de1419b7980c981b68ab49891702c163453703c4"
513168,472776,49,40392,"00000000000000000000000000000000000000000000000000000000000000000000000000000000000000000000000023"
513248,469376,31,43872,"0000000000000000000000000000000000000000000000000000000064fa85"
513280,508859,62,4421,"00000000000000000000000000000000000000000000000000000000000000c0000000000000000000000000000000000000000000000000000000000000"
513343,513311,32,32,"c00000000000000000000000000000000000000000000000000000000000002d"
513375,453087,32,60288,"e000000000000000000000000000000000000000000000000000000000000030"
513408,513280,31,128,"00000000000000000000000000000000000000000000000000000000000000"
513440,506811,31,6629,"00000000000000000000000000000000000000000000000000000000000003"
513472,469568,62,43904,"00000000000000000000000000000000000000000000000000000000000003c0000000000000000000000000000000000000000000000000000000000000"
513536,486976,31,26560,"0000000000000000000000000000000000000000000000000000000000000b"
513568,513536,31,32,"0000000000000000000000000000000000000000000000000000000000000b"
513600,506901,31,6699,"0000000000000000000000000000000000000000000000000000000000000e"
513632,497888,31,15744,"00000000000000000000000000000000000000000000000000000000000012"
513664,506330,31,7334,"00000000000000000000000000000000000000000000000000000000000014"
513696,469728,31,43968,"00000000000000000000000000000000000000000000000000000000000015"
513728,497920,31,15808,"00000000000000000000000000000000000000000000000000000000000016"
513760,487200,31,26560,"00000000000000000000000000000000000000000000000000000000000017"
513791,497951,32,15840,"0000000000000000000000000000000000000000000000000000000000000019"
513824,513409,61,415,"0000000000000000000000000000000000000000000000000000000000001b000000000000000000000000000000000000000000000000000000000000"
513885,513853,2,32,"001b"
513888,498016,62,15872,"0000000000000000000000000000000000000000000000000000000000001d60000000000000000000000000000000000000000000000000000000000000"
513952,508571,31,5381,"00000000000000000000000000000000000000000000000000000000000020"
513984,469888,62,44096,"0000000000000000000000000000000000000000000000000000000000002240000000000000000000000000000000000000000000000000000000000000"
514047,487551,32,26496,"8000000000000000000000000000000000000000000000000000000000000024"
514080,469920,31,44160,"00000000000000000000000000000000000000000000000000000000000026"
514111,513855,31,256,"00000000000000000000000000000000000000000000000000000000000000"
514144,487777,31,26367,"0000000000000000000000000000000000000000000000000000000000002a"
514176,514144,31,32,"0000000000000000000000000000000000000000000000000000000000002a"
514208,498240,31,15968,"0000000000000000000000000000000000000000000000000000000000002b"
514239,497441,32,16798,"000000000000000000000000000000000000000000000000000000000000002b"
514272,470112,62,44160,"0000000000000000000000000000000000000000000000000000000000002c80000000000000000000000000000000000000000000000000000000000000"
514334,493470,2,20864,"0031"
514340,478383,6,35957,"8502540be400"
514346,511943,4,2403,"82520894"
514378,511973,53,2405,"008082e708808000000000000000000000000000000000000000000000000000000000000000000000000000000000000000000000"
514434,478372,4,36062,"82e70882"
514476,480523,7,33953,"87354a6ba7a180"
514486,500118,41,14368,"0000000000000000000000000000000000000000000000000000000000000000000000000000000007"
514528,500160,3,14368,"02f907"
514532,476035,5,38497,"82e7080c84"
514539,514378,2,161,"0080"
514541,514536,4,5,"84625900"
514586,505017,89,9569,"0000000000000000000000000000000000000000000000000000000000000060000000000000000000000000000000000000000000000000000000000000000000000000000000000000000000000000000000000000000000"
514680,475005,34,39675,"c0000000000000000000000000000000000000000000000000000000000000000003"
514714,514586,62,128,"0000000000000000000000000000000000000000000000000000000000000060000000000000000000000000000000000000000000000000000000000000"
514777,513471,32,1306,"6000000000000000000000000000000000000000000000000000000000000003"
514810,480081,57,34729,"000000000000000000000000032b241de86a8660f1ae0691a4760b426ea246d700000000000000000000000000000000000000000000000000"
514867,514572,7,295,"ba8478cab4a435"
514874,508186,64,6688,"00000000000000000000000000000000000000000000000000000000000000010000000000000000000000000000000000000000000000000000000000000000"
514938,478678,63,36260,"00000000000000000000000000000000000000000000000000000000000000a000000000000000000000000000000000000000000000000000000000000001"
515006,508570,63,6436,"000000000000000000000000000000000000000000000000000000000000002000000000000000000000000000000000000000000000000000000000000000"
515070,514130,13,940,"00000000000000000000000028"
515083,514552,19,531,"7b3e8905d64ebbd503e6af028ac52078613812"
515102,513511,24,1591,"000000000000000000000000000000000000000000000004"
515133,515043,26,90,"0000000000000000000000000000000000000000000000000000"
515159,514867,35,292,"ba8478cab4a43500000000000000000000000000000000000000000000000000000000"
515198,514239,32,959,"000000000000000000000000000000000000000000000000000000000000002b"
515230,507495,21,7735,"7d43aabc515c356145049227cee54b608342c0ad00"
515253,455713,51,59540,"e5d7c2a44ffddf6b295a15c148167daaaf5cf34f00000000000000000000000000000000000000000000000000000000000000"
515304,514778,31,526,"00000000000000000000000000000000000000000000000000000000000003"
515335,480094,47,35241,"2b241de86a8660f1ae0691a4760b426ea246d700000000000000000000000000000000000000000000000000000000"
515382,508182,68,7200,"0000000000000000000000000000000000000000000000000000000000000000000000010000000000000000000000000000000000000000000000000000000000000000"
515450,510056,63,5394,"00000000000000000000000000000000000000000000000000000000000000a000000000000000000000000000000000000000000000000000000000000000"
515513,461273,33,54240,"0412210e8a00000000000000000000000000000000000000000000000000000000"
515546,458480,61,57066,"00000000000000000000000080e38291e06339d10aab483c65695d004dbd5c690000000000000000000000000000000000000000000000000000000000"
515607,515383,129,224,"0000000000000000000000000000000000000000000000000000000000000000000001000000000000000000000000000000000000000000000000000000000000000000000000000000000000000000000000000000000000000000000000000000a0000000000000000000000000000000000000000000000000000000000000"
515736,490605,63,25131,"02642cc4081e000000000000000000000000000000000000000000000000000000000000006000000000000000000000000000000000000000000000000000"
515799,515635,35,164,"0000000000000100000000000000000000000000000000000000000000000000000000"
515834,515194,35,640,"64faa11e00000000000000000000000000000000000000000000000000000000000000"
515869,490738,120,25131,"01000000000000000000000000000000000000000000000000000000000000002000000000000000000000000000000000000000000000000000000000000000600000000000000000000000007d43aabc515c356145049227cee54b608342c0ad0000000000000000000000000000000000000000000000"
515989,515125,34,864,"047c89f91c3b4e060000000000000000000000000000000000000000000000000000"
516023,490892,243,25131,"0000000000000100000000000000000000000000000000000000000000000000000000000000200000000000000000000000007f72e0d8e9abf9133a92322b8b50bd8e0f9dcfcb00000000000000000000000000000000000000000000000000000000000000800000000000000000000000000000000000000000000000000000000000000000000000000000000000000000000000000000000000000000000000000000010000000000000000000000000000000000000000000000000000000000000000600000000000000000000000007d43aabc515c356145049227cee54b608342c0ad000000000000000000000000"
516286,515610,92,676,"0000000000000000000000000000000000000000000000000000000000000001000000000000000000000000000000000000000000000000000000000000000000000000000000000000000000000000000000000000000000000000"
516379,516342,36,37,"000000000000000000000000000000000000000000000000000000000000000000000000"
516425,488017,5,28408,"830493e094"
516453,467953,3,48500,"000050"
516458,512522,52,3936,"82e70880800000000000000000000000000000000000000000000000000000000000000000000000000000000000000000000000"
516518,498627,6,17891,"843b9aca0083"
516547,475082,3,41465,"9c80b9"
516556,497798,25,18758,"00000000000000000000000000000000000000000000000008"
516588,514682,94,1906,"00000000000000000000000000000000000000000000000000000000000000030000000000000000000000000000000000000000000000000000000000000060000000000000000000000000000000000000000000000000000000000000"
516684,516670,12,14,"000000000000000000000000"
516716,507579,94,9137,"00000000000000000000000000000000000000000000000000000000000000000000000000000000000000000000000000000000000000000000000000000060000000000000000000000000000000000000000000000000000000000000"
516812,455701,63,61111,"000000000000000000000000e5d7c2a44ffddf6b295a15c148167daaaf5cf34f00000000000000000000000000000000000000000000000000000000000000"
516875,508537,96,8338,"400000000000000000000000000000000000000000000000000000000000000001000000000000000000000000000000000000000000000000000000000000002000000000000000000000000000000000000000000000000000000000000000"
516972,452511,63,64461,"000000000000000000000000000000000000000000000000000000000000000f00000000000000000000000000000000000000000000000000000000000000"
517036,517004,44,32,"0000000000000000000000000000000000000000000000000000000000000040000000000000000000000000"
517080,507815,32,9265,"5ec5b1e9b1bd5198343abb6e55fb695d2f7bb308000000000000000000000000"
517112,509109,20,8003,"176211869ca2b568f2a7d4ee941e073a821ee1ff"
517132,516458,50,674,"82e7088080000000000000000000000000000000000000000000000000000000000000000000000000000000000000000000"
517187,472323,3,44864,"830305"
517200,472336,23,44864,"94a658742d33ebd2ce2f0bdff73515aa797fd161d980b9"
517225,472361,97,44864,"252f7b01000000000000000000000000000000000000000000000000000000000000006f00000000000000000000000045f1a95a4d3f3836523f5c83673c797f4d4d263b0000000000000000000000000000000000000000000000000000000000"
517325,499089,32,18236,"5529b49f453f19c5ac10c10beb732d97a60a889c0da412f33b03721bb1a75dc4"
517357,499089,63,18268,"5529b49f453f19c5ac10c10beb732d97a60a889c0da412f33b03721bb1a75dc400000000000000000000000000000000000000000000000000000000000000"
517421,492768,32,24653,"0000000000000000000000000000000000000000000000000000000000000274"
517453,472589,39,44864,"0000000000000000000000004d73adb72bc3dd368966edd0f0b2148401a178e20000000000008a"
517493,472629,75,44864,"006f701a95707a0290ac8b90b3719e8ee5b21036088300b745f1a95a4d3f3836523f5c83673c797f4d4d263b00000000000000000000000000000000000000000000000000000000000000"
517569,472705,119,44864,"000000000000000000000000000000000000000000000000000000000000000d000000000000000000000000000000000000000000000000000000000000000d00000000000000000000000000000000000000000000000000000000000000000000000000000000000000000000000000000000000000"
517688,472792,36,44896,"000000000000000000000000000000000000000000000000000000000000000023dc4efe"
517729,513766,25,3963,"00000000000000000000000000000000000000000000000017"
517761,498340,27,19421,"00000000000000000000000000000000000000000000000000002e"
517788,482250,5,35538,"625ce23000"
517793,497797,26,19996,"0000000000000000000000000000000000000000000000000008"
517825,517663,57,162,"000000000000000000000000000000000000000000000000000000000000000000000000000000000000000000000000000000000000000000"
517882,517818,31,64,"082ebf07d53454000000000000000000000000000000000000000000000000"
517921,488178,62,29743,"00000000000000000000000000000000000000000000000000000000000001c0000000000000000000000000000000000000000000000000000000000000"
517984,506328,33,11656,"000000000000000000000000000000000000000000000000000000000000000014"
518026,516414,2,1612,"002f"
518037,510096,105,7941,"000000000000000000000000000000000000000000000000000000000000000000000000000000000000000000000000000000000000000082e70880800000000000000000000000000000000000000000000000000000000000000000000000000000000000000000"
518142,471774,8,46368,"01f2f901ef830305"
518151,517191,6,960,"843ad2d5c983"
518157,471789,63,46368,"09771894a658742d33ebd2ce2f0bdff73515aa797fd161d980b901c4252f7b0100000000000000000000000000000000000000000000000000000000000000"
518221,471853,64,46368,"000000000000000000000000808d7c71ad2ba3fa531b068a2417c63106bc09490000000000000000000000000000000000000000000000000000000000014c08"
518285,499697,32,18588,"ca74abfdb4b02df5e462b0cdf2c103491864369787e319c1ca39a04c8211ede8"
518317,499697,63,18620,"ca74abfdb4b02df5e462b0cdf2c103491864369787e319c1ca39a04c8211ede800000000000000000000000000000000000000000000000000000000000000"
518380,472012,45,46368,"c000000000000000000000000000000000000000000000000000000000000000d4000000000000000000000000"
518425,499449,26,18976,"38de71124f7a447a01d67945a51edce9ff491251000000000000"
518453,518219,2,234,"00b8"
518466,484779,3,33687,"552908"
518475,472107,76,46368,"00b7808d7c71ad2ba3fa531b068a2417c63106bc0949000000000000000000000000000000000000000000000000000000000000004000000000000000000000000000000000000000000000"
518551,456647,41,61904,"024bae2ae39c665ed00000000000000000000000000000000000000000000000000000000000000000"
518592,456752,45,61840,"1464ee681afdaa10a9f408a18fe2d7a5888e812163000000000000000000000000000000000000000000000000"
518637,518093,50,544,"82e7088080000000000000000000000000000000000000000000000000000000000000000000000000000000000000000001"
518688,508416,3,10272,"02f901"
518692,505154,5,13538,"82e7080384"
518706,477330,3,41376,"830232"
518731,505802,4,12929,"80b90104"
518739,492191,27,26548,"000000000000000000000000000000000000000000000000000097"
518771,508899,29,9872,"0000000000000000000000000000000000000000000000000000000079"
518802,515673,45,3129,"0000000000000000000000000000000000000000000000000000000000000000a0000000000000000000000000"
518864,518475,2,389,"00b7"
518867,502288,31,16579,"0000000000000000000000000000000000000000000000000000000064fa89"
518899,508315,44,10584,"0000000000000000000000000000000000000000000000000000000000000002000000000000000000000000"
518963,518931,12,32,"000000000000000000000000"
518996,489876,50,29120,"000000000000000000000000000000000000000000000000000000000000000000000000000000000000007102f86e82e708"
519047,503368,10,15679,"84310711fd84310711fd"
519057,488273,43,30784,"82eb9294176211869ca2b568f2a7d4ee941e073a821ee1ff80b844095ea7b3000000000000000000000000"
519100,503383,20,15717,"1d0188c4b276a09366d05d6be06af61a73bc7535"
519120,517854,29,1266,"0000000000000000000000000000000000000000000000000000000008"
519152,480272,54,38880,"c0000000000000000000000000000000000000000000000000000000000000000000000000000000000000000000007202f86f82e708"
519207,487908,3,31299,"843105"
519212,519207,5,5,"843105b974"
519217,478225,141,40992,"83011c4294176211869ca2b568f2a7d4ee941e073a821ee1ff80b844095ea7b30000000000000000000000001d0188c4b276a09366d05d6be06af61a73bc7535ffffffffffffffffffffffffffffffffffffffffffffffffffffffffffffffffc00000000000000000000000000000000000000000000000000000000000000000000000000000000000000000"
519358,492798,9,26560,"027402f9027082e708"
519368,505607,11,13761,"842f8e89be842f8e89c883"
519382,492822,60,26560,"94678aa4bf4e210cf2166753e054d5b7c31cc7fa8680b902445ae401dc0000000000000000000000000000000000000000000000000000000064fa86"
519443,492883,256,26560,"000000000000000000000000000000000000000000000000000000000000004000000000000000000000000000000000000000000000000000000000000000020000000000000000000000000000000000000000000000000000000000000040000000000000000000000000000000000000000000000000000000000000016000000000000000000000000000000000000000000000000000000000000000e404e45aaf000000000000000000000000176211869ca2b568f2a7d4ee941e073a821ee1ff000000000000000000000000e5d7c2a44ffddf6b295a15c148167daaaf5cf34f00000000000000000000000000000000000000000000000000000000"
519443,492883,2,26560,"0000"
519701,508732,14,10969,"0064000000000000000000000000"
519715,519487,49,228,"00000000000000000000000000000000000000020000000000000000000000000000000000000000000000000000000000"
519767,517297,26,2470,"0000000000000000000000000000000000000000000000000004"
519799,493239,121,26560,"000000000000000000000000000000000000000000000000000000000000000000000000000000000000000000000000000000000000000000000000000000000000000000000000000000000000000000000000000000000000004449404b7c00000000000000000000000000000000000000000000000000"
519920,519792,19,128,"044bf34dcb9c76000000000000000000000000"
519950,519938,1,12,"00"
519959,491191,72,28768,"00000000000000000000000000000000000000000000000000000000c000000000000000000000000000000000000000000000000000000000000000000000000000000000000001"
520031,505759,8,14272,"3302f9012f82e708"
520040,505256,138,14784,"842f8e89be842f8e89c8827e5494d1a3abf42f9e66be86cfdea8c5c2c74f041c5e1480b901045b7d7482000000000000000000000000000000000000000000000000000000000000004000000000000000000000000000000000000000000000000000000000000000a00000000000000000000000000000000000000000000000000000000000000040"
520179,489165,3,31014,"643661"
520191,479945,3,40246,"336438"
520197,505547,3,14650,"656633"
520209,505407,3,14802,"333866"
520213,479982,4,40231,"37333862"
520218,489147,3,31071,"626332"
520226,460132,3,60094,"613261"
520233,458779,3,61454,"323232"
520238,505944,3,14294,"396538"
520242,489074,33,31168,"000000000000000000000000000000000000000000000000000000000000004034"
520275,506044,3,14231,"313034"
520285,462163,3,58122,"343232"
520289,479951,3,40338,"633931"
520293,460270,3,60023,"613966"
520319,505499,3,14820,"383331"
520323,520223,3,100,"363933"
520327,489398,3,30929,"376630"
520333,505948,3,14385,"313965"
520338,488722,51,31616,"c000000000000000000000000000000000000000000000000000000000000000000000000000000000000000003202f082e708"
520390,520040,11,350,"842f8e89be842f8e89c882"
520401,464657,4,55744,"52089444"
520431,488815,48,31616,"0080c0000000000000000000000000000000000000000000000000000000000000000000000000000000000000000001"
520479,481183,3,39296,"d402f9"
520483,481187,6,39296,"d082e7080684"
520489,508936,10,11553,"2f8de966842f8de96f83"
520510,497629,2,22881,"003b"
520523,520074,3,449,"80b901"
520526,455664,17,64862,"a4ea540632000000000000000000000000"
520543,519651,32,892,"e5d7c2a44ffddf6b295a15c148167daaaf5cf34f000000000000000000000000"
520575,487661,20,32914,"eb466342c4d449bc9f53a865d5cb90586f405215"
520595,517851,32,2744,"0000000000000000000000000000000000000000000000000000000000000008"
520627,519284,29,1343,"ffffffffffffffffffffffffffffffffffffffffffffffffffffffffff"
520659,520627,30,32,"fffffffffffffffffffffffffffffffffffffffffffffffffffffffffffc"
520691,520627,31,64,"fffffffffffffffffffffffffffffffffffffffffffffffffffffffffffce8"
520723,520659,31,64,"fffffffffffffffffffffffffffffffffffffffffffffffffffffffffffceb"
520755,481267,26,39488,"0000000000000000000000000000000000000000000000000047"
520787,520450,29,337,"0000000000000000000000000000000000000000000000000000000001"
520819,470501,26,50318,"000000000000000000000000000000000000000000000000003c"
520851,520787,29,64,"0000000000000000000000000000000000000000000000000000000001"
520883,518400,13,2483,"000000000000000000000000d4"
520896,468949,19,51947,"2aa370fcd06c683b7154ffa799a8e00ac0121e"
520915,518867,31,2048,"0000000000000000000000000000000000000000000000000000000064fa89"
520947,491219,52,29728,"c000000000000000000000000000000000000000000000000000000000000000000000000000000000000001f402f901f082e708"
520999,506119,4,14880,"80842f8d"
521004,490411,3,30593,"8b842f"
521010,491282,224,29728,"830205aa940872ec4426103482a50f26ffc32acefcec61b3c980b901c4d4dfd6bc0000000000000000000000000000000000000000000000000000000000000000000000000000000000000000000000000000000000000000000000000000000000000000000000000000000000000000000000000000000000000000000000000000000000000000000000000000000000000000000000000000000000000001000000000000000000000000000000000000000000000000000000000000000100000000000000000000000000000000000000000000000000000000652211"
521235,512266,160,8969,"00000000000000000000000000000000000000000000000000000000000000000000000000000000000000000000000000000000000000000000000000000005000000000000000000000000000000000000000000000000000000000000000000000000000000000000000000000000000000000000000000000000000001400000000000000000000000000000000000000000000000000000000000000041"
521460,491188,75,30272,"00000000000000000000000000000000000000000000000000000000000000c000000000000000000000000000000000000000000000000000000000000000000000000000000000000001"
521535,488863,11,32672,"3302f9012f82e70804842f"
521546,521002,8,544,"8d3b8b842f8d3b95"
521554,488882,129,32672,"827e5494d1a3abf42f9e66be86cfdea8c5c2c74f041c5e1480b901045b7d7482000000000000000000000000000000000000000000000000000000000000004000000000000000000000000000000000000000000000000000000000000000a0000000000000000000000000000000000000000000000000000000000000004035"
521684,479885,3,41799,"333737"
521687,489167,3,32520,"616533"
521692,505401,3,16291,"396436"
521697,464123,3,57574,"303431"
521706,489383,4,32323,"66633336"
521712,458776,3,62936,"386364"
521717,489409,3,32308,"646166"
521721,458877,3,62844,"663732"
521726,489019,3,32707,"343238"
521737,489052,3,32685,"303038"
521741,505503,3,16238,"653338"
521746,462130,33,59616,"000000000000000000000000000000000000000000000000000000000000004064"
521779,521719,3,60,"663566"
521783,458852,3,62931,"393566"
521793,505951,4,15842,"30663138"
521797,521731,3,66,"663961"
521805,489504,3,32301,"626635"
521811,489130,3,32681,"376534"
521816,458864,3,62952,"653533"
521829,505406,3,16423,"663338"
521835,462318,3,59517,"626464"
521839,460269,3,61570,"326139"
521842,505202,53,16640,"c000000000000000000000000000000000000000000000000000000000000000000000000000000000000000013302f9012f82e708"
521896,521544,138,352,"842f8d3b8b842f8d3b95827e5494d1a3abf42f9e66be86cfdea8c5c2c74f041c5e1480b901045b7d7482000000000000000000000000000000000000000000000000000000000000004000000000000000000000000000000000000000000000000000000000000000a00000000000000000000000000000000000000000000000000000000000000040"
522034,489415,3,32619,"313039"
522037,505491,4,16546,"37363762"
522042,489055,3,32987,"633463"
522046,505961,3,16085,"343366"
522049,505934,3,16115,"393134"
522055,489040,3,33015,"383465"
522062,505447,5,16615,"3833303266"
522068,489039,3,33029,"623834"
522076,479859,3,42217,"363638"
522086,458774,3,63312,"316538"
522093,458797,3,63296,"663561"
522097,460177,33,61920,"640000000000000000000000000000000000000000000000000000000000000040"
522134,520210,3,1924,"386630"
522137,505531,4,16606,"64323065"
522141,506020,3,16121,"306230"
522144,505513,3,16631,"626336"
522148,462217,3,59931,"353335"
522153,460172,3,61981,"623863"
522156,489510,3,32646,"343464"
522160,464125,3,58035,"313939"
522166,522146,3,20,"363535"
522173,489048,3,33125,"303731"
522176,520210,4,1966,"38663037"
522185,479927,3,42258,"653735"
522189,462177,3,60012,"346565"
522194,521842,45,352,"c00000000000000000000000000000000000000000000000000000000000000000000000000000000000000001"
522239,509887,53,12352,"0df9010a01842aea5400829d78940872ec4426103482a50f26ffc32acefcec61b3c980b8e4f242432a000000000000000000000000"
522292,513068,20,9224,"26d397c8f96a86d06654c2cf3c49a15e7db35db5"
522312,509640,256,12672,"000000000000000000000000aec3cacef9457ff2821d9f85429ce3d90b0014590000000000000000000000000000000000000000000000000000000000000005000000000000000000000000000000000000000000000000000000000000000100000000000000000000000000000000000000000000000000000000000000a00000000000000000000000000000000000000000000000000000000000000000000000000000000000000000000000000000000000000000000000000000000082e708808000000000000000000000000000000000000000000000000000000000000000000000000000000000000000000000000000010df9010a01842aea54"
522312,509640,44,12672,"000000000000000000000000aec3cacef9457ff2821d9f85429ce3d90b001459000000000000000000000000"
522612,513088,20,9524,"8191603b651ba22961e77cb8b2d667f45ed77d2c"
522632,522312,256,320,"000000000000000000000000aec3cacef9457ff2821d9f85429ce3d90b0014590000000000000000000000000000000000000000000000000000000000000005000000000000000000000000000000000000000000000000000000000000000100000000000000000000000000000000000000000000000000000000000000a00000000000000000000000000000000000000000000000000000000000000000000000000000000000000000000000000000000000000000000000000000000082e708808000000000000000000000000000000000000000000000000000000000000000000000000000000000000000000000000000010df9010a01842aea54"
522632,522312,44,320,"000000000000000000000000aec3cacef9457ff2821d9f85429ce3d90b001459000000000000000000000000"
522932,513048,20,9884,"47c7c8a1529c35d06fa7cf2fa4db1f550d99916a"
522952,509960,256,12992,"000000000000000000000000aec3cacef9457ff2821d9f85429ce3d90b0014590000000000000000000000000000000000000000000000000000000000000005000000000000000000000000000000000000000000000000000000000000000100000000000000000000000000000000000000000000000000000000000000a00000000000000000000000000000000000000000000000000000000000000000000000000000000000000000000000000000000000000000000000000000000082e70880800000000000000000000000000000000000000000000000000000000000000000000000000000000000000000000000000001eff901ec80842aea54"
522952,509960,224,12992,"000000000000000000000000aec3cacef9457ff2821d9f85429ce3d90b0014590000000000000000000000000000000000000000000000000000000000000005000000000000000000000000000000000000000000000000000000000000000100000000000000000000000000000000000000000000000000000000000000a00000000000000000000000000000000000000000000000000000000000000000000000000000000000000000000000000000000000000000000000000000000082e7088080000000000000000000000000000000000000000000000000000000"
523434,521235,160,2199,"00000000000000000000000000000000000000000000000000000000000000000000000000000000000000000000000000000000000000000000000000000005000000000000000000000000000000000000000000000000000000000000000000000000000000000000000000000000000000000000000000000000000001400000000000000000000000000000000000000000000000000000000000000041"
523658,510666,256,12992,"1b0000000000000000000000000000000000000000000000000000000000000082e7088080000000000000000000000000000000000000000000000000000000000000000000000000000000000000000000000001eff901ec80842aea540083015f90940872ec4426103482a50f26ffc32acefcec61b3c980b901c4d4dfd6bc0000000000000000000000000000000000000000000000000000000000000000000000000000000000000000000000000000000000000000000000000000000000000000000000000000000000000000000000000000000000000000000000000000000000000000000000000000000000000000000000000000000000000001"
523658,510666,63,12992,"1b0000000000000000000000000000000000000000000000000000000000000082e70880800000000000000000000000000000000000000000000000000000"
523978,523434,160,544,"00000000000000000000000000000000000000000000000000000000000000000000000000000000000000000000000000000000000000000000000000000005000000000000000000000000000000000000000000000000000000000000000000000000000000000000000000000000000000000000000000000000000001400000000000000000000000000000000000000000000000000000000000000041"
524202,511754,87,12448,"1c0000000000000000000000000000000000000000000000000000000000000082e70880800000000000000000000000000000000000000000000000000000000000000000000000000000000000000000000000002ceb"
524290,511938,9,12352,"842aea540082520894"
524318,495902,65,28416,"2c865af3107a40008082e7088080000000000000000000000000000000000000000000000000000000000000000000000000000000000000000000000000000000"
524383,511935,12,12448,"2ceb4f842aea540082520894"
524415,524319,66,96,"865af3107a40008082e70880800000000000000000000000000000000000000000000000000000000000000000000000000000000000000000000000000000002ceb"
524482,524386,9,96,"842aea540082520894"
524511,524415,64,96,"865af3107a40008082e7088080000000000000000000000000000000000000000000000000000000000000000000000000000000000000000000000000000000"
524575,495039,52,29536,"ecf8ea01842aea5400829b28940872ec4426103482a50f26ffc32acefcec61b3c980b8c4f242432a000000000000000000000000"
524627,513148,32,11479,"de1419b7980c981b68ab49891702c163453703c4000000000000000000000000"
524659,467987,204,56672,"01e4a663fffaf1430d3a36588b2c14b72231d8b40000000000000000000000000000000000000000000000000000000000000005000000000000000000000000000000000000000000000000000000000000000100000000000000000000000000000000000000000000000000000000000000a0000000000000000000000000000000000000000000000000000000000000000082e7088080000000000000000000000000000000000000000000000000000000000000000000000000000000000000000000000000000000"
524863,495967,4,28896,"2eed8202"
524868,524482,9,386,"842aea540082520894"
524897,468513,94,56384,"8654953ff6d0008082e7088080000000000000000000000000000000000000000000000000000000000000000000000000000000000000000000000000000000000000000000000000000000000000000000000000000000000000000002"
525020,524989,1,31,"00"
525032,516266,20,8766,"39b98fe0d13ad4bd835f2005c9739f55ecff88b8"
525092,485704,40,39388,"e93685f3bba03016f02bd1828badd6195988d950e93685f3bba03016f02bd1828badd6195988d950"
525132,518847,20,6285,"7fb83bc2a493b3de96d4d3e59823c2b22300b76e"
525192,519939,20,5253,"2f9a8904da55b6acd042f9008597e00806409033"
525232,496952,20,28280,"859e8a75af297726c506d297613af5bd396ff61c"
525252,520895,20,4357,"d42aa370fcd06c683b7154ffa799a8e00ac0121e"
525332,513068,40,12264,"26d397c8f96a86d06654c2cf3c49a15e7db35db58191603b651ba22961e77cb8b2d667f45ed77d2c"
525372,522932,20,2440,"47c7c8a1529c35d06fa7cf2fa4db1f550d99916a"
525392,511947,20,13445,"6fbd15b97c874984c8dbe899bfb7038494a7ff52"
525412,511851,20,13561,"a9edeba478fff66f7851cd5de570f893d6ae8ec3"
525491,513147,21,12344,"24de1419b7980c981b68ab49891702c163453703c4"
525512,504581,56,20931,"01e4a663fffaf1430d3a36588b2c14b72231d8b4000000000000000000000000000000000000000000000000000000000000000000000000"
525572,525567,1,5,"00"
525600,513248,31,12352,"0000000000000000000000000000000000000000000000000000000064fa85"
525632,521460,62,4172,"00000000000000000000000000000000000000000000000000000000000000c0000000000000000000000000000000000000000000000000000000000000"
525696,525664,31,32,"0000000000000000000000000000000000000000000000000000000000005c"
525728,525696,30,32,"000000000000000000000000000000000000000000000000000000000000"
525760,525632,31,128,"00000000000000000000000000000000000000000000000000000000000000"
525792,513504,62,12288,"0000000000000000000000000000000000000000000000000000000000000420000000000000000000000000000000000000000000000000000000000000"
525856,516909,31,8947,"00000000000000000000000000000000000000000000000000000000000020"
525888,498144,62,27744,"0000000000000000000000000000000000000000000000000000000000002200000000000000000000000000000000000000000000000000000000000000"
525952,514112,31,11840,"00000000000000000000000000000000000000000000000000000000000028"
525983,481056,32,44927,"0000000000000000000000000000000000000000000000000000000000000030"
526016,514305,31,11711,"00000000000000000000000000000000000000000000000000000000000031"
526048,526016,31,32,"00000000000000000000000000000000000000000000000000000000000031"
526080,505121,31,20959,"00000000000000000000000000000000000000000000000000000000000033"
526112,470432,63,55680,"0000000000000000000000000000000000000000000000000000000000003bc00000000000000000000000000000000000000000000000000000000000003c"
526176,497632,31,28544,"0000000000000000000000000000000000000000000000000000000000003d"
526207,525983,31,224,"00000000000000000000000000000000000000000000000000000000000000"
526240,522099,31,4141,"00000000000000000000000000000000000000000000000000000000000040"
526271,469503,63,56768,"a00000000000000000000000000000000000000000000000000000000000004220000000000000000000000000000000000000000000000000000000000000"
526336,526304,30,32,"000000000000000000000000000000000000000000000000000000000000"
526368,526336,30,32,"000000000000000000000000000000000000000000000000000000000000"
526400,526368,30,32,"000000000000000000000000000000000000000000000000000000000000"
526431,526207,31,224,"00000000000000000000000000000000000000000000000000000000000000"
526464,526432,30,32,"000000000000000000000000000000000000000000000000000000000000"
526496,526464,30,32,"000000000000000000000000000000000000000000000000000000000000"
526528,526496,30,32,"000000000000000000000000000000000000000000000000000000000000"
526560,526528,31,32,"0000000000000000000000000000000000000000000000000000000000004f"
526592,526560,30,32,"000000000000000000000000000000000000000000000000000000000000"
526624,526592,30,32,"000000000000000000000000000000000000000000000000000000000000"
526656,526624,30,32,"000000000000000000000000000000000000000000000000000000000000"
526688,526656,30,32,"000000000000000000000000000000000000000000000000000000000000"
526720,526688,30,32,"000000000000000000000000000000000000000000000000000000000000"
526752,526720,30,32,"000000000000000000000000000000000000000000000000000000000000"
526784,526752,31,32,"0000000000000000000000000000000000000000000000000000000000005a"
526816,526784,30,32,"000000000000000000000000000000000000000000000000000000000000"
526847,513663,32,13184,"4000000000000000000000000000000000000000000000000000000000000014"
526884,514434,4,12450,"82e70882"
526895,526890,5,5,"846da882b4"
526933,524743,44,2190,"00000000000000000000000000000000000000000000000000000000000000a0000000000000000000000000"
526977,519619,32,7358,"176211869ca2b568f2a7d4ee941e073a821ee1ff000000000000000000000000"
527009,500052,20,26957,"6131b5fae19ea4f9d964eac0408e4408b66337b5"
527029,507669,31,19360,"00000000000000000000000000000000000000000000000000000000000009"
527061,487168,31,39893,"00000000000000000000000000000000000000000000000000000000000013"
527093,526997,62,96,"0000000000000000000000006131b5fae19ea4f9d964eac0408e4408b66337b5000000000000000000000000000000000000000000000000000000000000"
527155,521968,32,5187,"0040000000000000000000000000000000000000000000000000000000000000"
527187,462509,256,64678,"0824e21fd0e90000000000000000000000000000000000000000000000000000000000000020000000000000000000000000d1b47490209ccb7a806e8a45d9479490c040abf4000000000000000000000000000000000000000000000000000000000000000000000000000000000000000000000000000000000000000000000000000000a000000000000000000000000000000000000000000000000000000000000003a000000000000000000000000000000000000000000000000000000000000005e000000000000000000000000000000000000000000000000000000000000002e00000000000000000000000000000000000000000000000000000"
527187,462509,50,64678,"0824e21fd0e90000000000000000000000000000000000000000000000000000000000000020000000000000000000000000"
527493,508650,64,18843,"e5d7c2a44ffddf6b295a15c148167daaaf5cf34f000000000000000000000000176211869ca2b568f2a7d4ee941e073a821ee1ff000000000000000000000000"
527557,526905,20,652,"ee4d6cb455015baaa34ee1d1eb70fcf3ad1ec6e3"
527577,520915,31,6662,"0000000000000000000000000000000000000000000000000000000064fa89"
527609,462931,256,64678,"00000000000000000000000000000000000000000000000000000000000002800000000000000000000000000000000000000000000000000000000000000001000000000000000000000000000000000000000000000000000000000000002000000000000000000000000000000000000000000000000000000000000000010000000000000000000000000000000000000000000000000000000000000020000000000000000000000000000000000000000000000000000000000000004063407a490000000000000000000000000000000000000000000000000000000200000000000000000000000000000000000000000000000000000000000000e0"
527609,462931,44,64678,"0000000000000000000000000000000000000000000000000000000000000280000000000000000000000000"
527909,516696,32,11213,"d5539d0360438a66661148c633a9f0965e482845000000000000000000000000"
527941,508650,76,19291,"e5d7c2a44ffddf6b295a15c148167daaaf5cf34f000000000000000000000000176211869ca2b568f2a7d4ee941e073a821ee1ff000000000000000000000000000000000000000000000000"
528023,523848,97,4175,"00000000000000000000000000000000000000000000000000000000000000000000000000000000000000000000000000000000000000000000000000000000000100000000000000000000000000000000000000000000000000000000000000"
528121,514512,15,13609,"000000000000000000000000000007"
528137,528123,12,14,"000000000000000000000000"
528153,508638,94,19515,"000000000000000000000000e5d7c2a44ffddf6b295a15c148167daaaf5cf34f000000000000000000000000176211869ca2b568f2a7d4ee941e073a821ee1ff000000000000000000000000000000000000000000000000000000000000"
528247,463569,110,64678,"016000000000000000000000000000000000000000000000000000000000000001a000000000000000000000000000000000000000000000000000000000000001e00000000000000000000000000000000000000000000000000000000000000200000000000000000000000000"
528357,527557,44,800,"ee4d6cb455015baaa34ee1d1eb70fcf3ad1ec6e3000000000000000000000000000000000000000000000000"
528401,528017,36,384,"104efa848d17000000000000000000000000000000000000000000000000000000000000"
528439,528436,1,3,"00"
528441,463763,184,64678,"000000000000000000000000000000000000000000000000000000000000000000000000000000000000000000000000000000000000000000000000000002200000000000000000000000000000000000000000000000000000000000000001000000000000000000000000d1b47490209ccb7a806e8a45d9479490c040abf40000000000000000000000000000000000000000000000000000000000000001000000000000000000000000000000000000000000000000"
528625,528017,71,608,"104efa848d170000000000000000000000000000000000000000000000000000000000000000000000000000000000000000000000000000000000000000000000000000000000"
528696,528025,64,671,"00000000000000000000000000000000000000000000000000000000000000000000000000000000000000000000000000000000000000000000000000000001"
528761,464083,11,64678,"7b22536f75726365223a22"
528781,464103,17,64678,"222c22416d6f756e74496e555344223a22"
528810,464137,19,64673,"34222c22416d6f756e744f7574555344223a22"
528829,528798,3,31,"313933"
528836,528830,3,6,"393335"
528843,464134,3,64709,"393939"
528847,464174,68,64673,"222c22526566657272616c223a22222c22466c616773223a332c22496e74656772697479496e666f223a7b224b65794944223a2231222c225369676e6174757265223a22"
529148,528936,3,212,"724752"
529256,464583,12,64673,"413d3d227d7d000000000000"
529268,529267,63,1,"000000000000000000000000000000000000000000000000000000000000000000000000000000000000000000000000000000000000000000000000000000"
529333,527189,162,2144,"e21fd0e90000000000000000000000000000000000000000000000000000000000000020000000000000000000000000d1b47490209ccb7a806e8a45d9479490c040abf4000000000000000000000000000000000000000000000000000000000000000000000000000000000000000000000000000000000000000000000000000000a0000000000000000000000000000000000000000000000000000000000000"
529497,486880,62,42617,"0000000000000000000000000000000000000000000000000000000000000800000000000000000000000000000000000000000000000000000000000000"
529560,529432,32,128,"0000000000000000000000000000000000000000000000000000000000000000"
529592,527448,45,2144,"2000000000000000000000000000000000000000000000000000000000000000c0000000000000000000000000"
529637,519619,64,10018,"176211869ca2b568f2a7d4ee941e073a821ee1ff000000000000000000000000e5d7c2a44ffddf6b295a15c148167daaaf5cf34f000000000000000000000000"
529701,527557,82,2144,"ee4d6cb455015baaa34ee1d1eb70fcf3ad1ec6e30000000000000000000000000000000000000000000000000000000064fa89b9000000000000000000000000000000000000000000000000000000000000"
529784,503225,34,26559,"a0000000000000000000000000000000000000000000000000000000000000000100"
529818,529562,62,256,"0000000000000000000000000000000000000000000000000000000000002000000000000000000000000000000000000000000000000000000000000000"
529880,519506,64,10374,"02000000000000000000000000000000000000000000000000000000000000004000000000000000000000000000000000000000000000000000000000000001"
529945,529881,32,64,"0000000000000000000000000000000000000000000000000000000000000040"
529981,529853,58,128,"00000000000000000000000000000000000000000000000000000002000000000000000000000000000000000000000000000000000000000000"
530041,516908,76,13133,"000000000000000000000000000000000000000000000000000000000000002000000000000000000000000000000000000000000000000000000000000000a0000000000000000000000000"
530137,529625,44,512,"000000000000000000000000176211869ca2b568f2a7d4ee941e073a821ee1ff000000000000000000000000"
530181,481599,48,48582,"4cbab02a5448605e95181489b6ec0404e721eb8500000000000000000000000000000000000000000000000000000000"
530229,528149,16,2080,"733d6efc000000000000000000000000"
530245,508231,64,22014,"0000000000000000000000000000000000000060000000000000000000000000176211869ca2b568f2a7d4ee941e073a821ee1ff000000000000000000000000"
530309,529381,51,928,"d1b47490209ccb7a806e8a45d9479490c040abf400000000000000000000000000000000000000000000000000000000000000"
530360,529880,33,480,"020000000000000000000000000000000000000000000000000000000000000040"
530393,529977,172,416,"e756cac1000000000000000000000000000000000000000000000000000000020000000000000000000000000000000000000000000000000000000000000140000000000000000000000000000000000000000000000000000000000000002000000000000000000000000000000000000000000000000000000000000000a00000000000000000000000007160570bb153edd0ea1775ec2b2ac9b65f1ab61b000000000000000000000000"
530565,516234,32,14331,"7d43aabc515c356145049227cee54b608342c0ad000000000000000000000000"
530597,516074,43,14523,"7f72e0d8e9abf9133a92322b8b50bd8e0f9dcfcb0000000000000000000000000000000000000000000000"
530649,516190,76,14459,"00000000000000000000000000000000000000000000000000000000000000600000000000000000000000007d43aabc515c356145049227cee54b608342c0ad000000000000000000000000"
530725,530309,83,416,"d1b47490209ccb7a806e8a45d9479490c040abf4000000000000000000000000000000000000000000000000000000000000000200000000000000000000000000000000000000000000000000000000000000"
530809,530445,11,364,"0000000000000000000001"
530825,528617,9,2208,"000000000000000010"
530841,493047,95,37794,"000000000000000000000000176211869ca2b568f2a7d4ee941e073a821ee1ff000000000000000000000000e5d7c2a44ffddf6b295a15c148167daaaf5cf34f00000000000000000000000000000000000000000000000000000000000001"
530936,528248,153,2688,"6000000000000000000000000000000000000000000000000000000000000001a000000000000000000000000000000000000000000000000000000000000001e00000000000000000000000000000000000000000000000000000000000000200000000000000000000000000ee4d6cb455015baaa34ee1d1eb70fcf3ad1ec6e3000000000000000000000000000000000000000000000000"
531089,530225,32,864,"00000000733d6efc000000000000000000000000000000000000000000000000"
531129,528441,184,2688,"000000000000000000000000000000000000000000000000000000000000000000000000000000000000000000000000000000000000000000000000000002200000000000000000000000000000000000000000000000000000000000000001000000000000000000000000d1b47490209ccb7a806e8a45d9479490c040abf40000000000000000000000000000000000000000000000000000000000000001000000000000000000000000000000000000000000000000"
531313,530225,39,1088,"00000000733d6efc00000000000000000000000000000000000000000000000000000000000000"
531352,528664,96,2688,"000000000000000000000000000000000000000000000000000000000000000000000000000000000000000000000000000000000000000000000000000000000000000000000000000000000000000000000000000000000000000000000001"
531449,528761,40,2688,"7b22536f75726365223a22446566694c6c616d61222c22416d6f756e74496e555344223a22313933"
531489,528832,18,2657,"352e33333933353339343739393938222c22"
531507,528814,18,2693,"416d6f756e744f7574555344223a22313933"
531537,521694,3,9843,"363432"
531540,528847,68,2693,"222c22526566657272616c223a22222c22466c616773223a332c22496e74656772697479496e666f223a7b224b65794944223a2231222c225369676e6174757265223a22"
531712,520329,3,11383,"303534"
531745,529136,3,2609,"483966"
531784,528986,3,2798,"716e75"
531829,531695,3,134,"6c7177"
531949,529256,71,2693,"413d3d227d7d0000000000000000000000000000000000000000000000000000000000000000000000000000000000000000000000000000000000000000000000000000000000"
532021,531990,31,31,"00000000000000000000000000000000000000000000000000000000000003"
532053,506560,31,25493,"00000000000000000000000000000000000000000000000000000000000006"
532085,514496,31,17589,"00000000000000000000000000000000000000000000000000000000000007"
532117,514485,50,17632,"c000000000000000000000000000000000000000000000000000000000000000000000000000000000073b02f9073782e708"
532168,514536,11,17632,"8462590080846259008f83"
532182,514550,26,17632,"94287b3e8905d64ebbd503e6af028ac5207861381287ba8478ca"
532211,514579,256,17632,"b90704d40eaf0a00000000000000000000000000000000000000000000000000000000000000600000000000000000000000000000000000000000000000000000000000000000000000000000000000000000000000000000000000000000000110d9316ec0000000000000000000000000000000000000000000000000000000000000000003000000000000000000000000000000000000000000000000000000000000006000000000000000000000000000000000000000000000000000000000000002600000000000000000000000000000000000000000000000000000000000000340000000000000000000000000032b241de86a8660f1ae0691a4"
532211,514579,36,17632,"b90704d40eaf0a0000000000000000000000000000000000000000000000000000000000"
532503,532208,3,295,"b1899a"
532506,514874,252,17632,"0000000000000000000000000000000000000000000000000000000000000001000000000000000000000000000000000000000000000000000000000000000000000000000000000000000000000000000000000000000000000000000000a00000000000000000000000000000000000000000000000000000000000000124115ff67e000000000000000000000000000000000000000000000000000000000000002000000000000000000000000000000000000000000000000000000000000000a0000000000000000000000000287b3e8905d64ebbd503e6af028ac52078613812000000000000000000000000000000000000000000000004"
532765,515133,30,17632,"0000000000000000000000000000000000000000000000000000ba8478ca"
532795,532503,31,292,"b1899a00000000000000000000000000000000000000000000000000000000"
532826,515834,3,16992,"64faa1"
532830,515198,256,17632,"000000000000000000000000000000000000000000000000000000000000002b7d43aabc515c356145049227cee54b608342c0ad000bb8e5d7c2a44ffddf6b295a15c148167daaaf5cf34f00000000000000000000000000000000000000000000000000000000000000000000000000000000000000000000000000000000000000000000000000032b241de86a8660f1ae0691a4760b426ea246d700000000000000000000000000000000000000000000000000000000000000000000000000000000000000000000000000000000000000000000000000000001000000000000000000000000000000000000000000000000000000000000000000000000"
532830,515198,256,17632,"000000000000000000000000000000000000000000000000000000000000002b7d43aabc515c356145049227cee54b608342c0ad000bb8e5d7c2a44ffddf6b295a15c148167daaaf5cf34f00000000000000000000000000000000000000000000000000000000000000000000000000000000000000000000000000000000000000000000000000032b241de86a8660f1ae0691a4760b426ea246d700000000000000000000000000000000000000000000000000000000000000000000000000000000000000000000000000000000000000000000000000000001000000000000000000000000000000000000000000000000000000000000000000000000"
532830,515198,127,17632,"000000000000000000000000000000000000000000000000000000000000002b7d43aabc515c356145049227cee54b608342c0ad000bb8e5d7c2a44ffddf6b295a15c148167daaaf5cf34f00000000000000000000000000000000000000000000000000000000000000000000000000000000000000000000000000000000"
533470,515838,152,17632,"0000000000000000000000000000000000000000000000000000000000000001000000000000000000000000000000000000000000000000000000000000002000000000000000000000000000000000000000000000000000000000000000600000000000000000000000007d43aabc515c356145049227cee54b608342c0ad000000000000000000000000000000000000000000000004"
533622,532758,33,864,"7990a92df9990a0000000000000000000000000000000000000000000000000000"
533655,516023,256,17632,"0000000000000100000000000000000000000000000000000000000000000000000000000000200000000000000000000000007f72e0d8e9abf9133a92322b8b50bd8e0f9dcfcb00000000000000000000000000000000000000000000000000000000000000800000000000000000000000000000000000000000000000000000000000000000000000000000000000000000000000000000000000000000000000000000010000000000000000000000000000000000000000000000000000000000000000600000000000000000000000007d43aabc515c356145049227cee54b608342c0ad00000000000000000000000039b98fe0d13ad4bd835f2005c9"
533655,516023,135,17632,"0000000000000100000000000000000000000000000000000000000000000000000000000000200000000000000000000000007f72e0d8e9abf9133a92322b8b50bd8e0f9dcfcb00000000000000000000000000000000000000000000000000000000000000800000000000000000000000000000000000000000000000000000000000000000"
534053,516518,3,17535,"843b9a"
534058,498632,5,35426,"831e848094"
534083,523778,3,10305,"80b901"
534091,529503,25,4588,"00000000000000000000000000000000000000000000000008"
534121,533977,46,144,"000000000000000000000000000000000000000000000000000000000000000000c0000000000000000000000000"
534187,503763,44,30424,"0000000000000000000000000000000000000000000000000000000000000120000000000000000000000000"
534251,533274,63,977,"000000000000000000000000000000000000000000000000000000000000000000000000000000000000000000000000000000000000000000000000000000"
534315,532885,21,1430,"e5d7c2a44ffddf6b295a15c148167daaaf5cf34f00"
534338,475875,64,58463,"176211869ca2b568f2a7d4ee941e073a821ee1ff0000000000000000000000000000000000000000000000000000000000000000000000000000000000000000"
534402,534306,9,96,"00000000000000002b"
534411,534338,23,73,"176211869ca2b568f2a7d4ee941e073a821ee1ff000000"
534434,532885,41,1549,"e5d7c2a44ffddf6b295a15c148167daaaf5cf34f000000000000000000000000000000000000000000"
534475,524905,51,9570,"82e708808000000000000000000000000000000000000000000000000000000000000000000000000000000000000000000000"
534530,516514,3,18016,"6e8209"
534534,516518,6,18016,"843b9aca0083"
534543,516527,23,18016,"94ef95c5b6cbb66edefef66ee8ca5a05f3c2faeb9c80b9"
534567,516551,29,18016,"4479fbd3f6000000000000000000000000000000000000000000000000"
534596,526106,5,8490,"0000000033"
534603,532313,96,2290,"000000000000000000000000000000000000000000000000000000000000000003000000000000000000000000000000000000000000000000000000000000006000000000000000000000000000000000000000000000000000000000000002"
534700,534686,12,14,"000000000000000000000000"
534732,516716,94,18016,"00000000000000000000000000000000000000000000000000000000000000000000000000000000000000000000000000000000000000000000000000000060000000000000000000000000000000000000000000000000000000000000"
534828,518963,32,15865,"000000000000000000000000a219439258ca9da29e9cc4ce5596924745e12b93"
534860,519443,127,15417,"00000000000000000000000000000000000000000000000000000000000000400000000000000000000000000000000000000000000000000000000000000002000000000000000000000000000000000000000000000000000000000000004000000000000000000000000000000000000000000000000000000000000001"
534987,533081,64,1906,"0000000000000000000000000000000000000000000000000000000000000000a000000000000000000000000000000000000000000000000000000000000000"
535051,517003,77,18048,"0f00000000000000000000000000000000000000000000000000000000000000400000000000000000000000000000000000000000000000000000000000000040000000000000000000000000"
535128,533706,32,1422,"7f72e0d8e9abf9133a92322b8b50bd8e0f9dcfcb000000000000000000000000"
535160,490815,44,44345,"7d43aabc515c356145049227cee54b608342c0ad000000000000000000000000000000000000000000000000"
535204,534003,39,1201,"00000000000000c000000000000000000000000000000000000000000000000000000000000000"
535243,492882,64,42361,"05000000000000000000000000000000000000000000000000000000000000004000000000000000000000000000000000000000000000000000000000000000"
535308,535295,12,13,"000000000000000000000000"
535340,534751,44,589,"0000000000000000000000000000000000000000000000000000000000000000000000000000000000000000"
535384,534434,20,950,"e5d7c2a44ffddf6b295a15c148167daaaf5cf34f"
535404,534475,50,929,"82e7088080000000000000000000000000000000000000000000000000000000000000000000000000000000000000000000"
535454,499390,8,36064,"0232f9022f830306"
535468,499404,128,36064,"83048d9c94cb566e3b6934fa77258d68ea18e931fa75e1aaaa80b902046c459a2800000000000000000000000038de71124f7a447a01d67945a51edce9ff49125100000000000000000000000000000000000000000000000000000000000000800000000000000000000000000000000000000000000000000000000064fad9"
535597,499533,100,36064,"00000000000000000000000000000000000000000000000000000000000001400000000000000000000000000000000000000000000000000000000000000084704316e500000000000000000000000000000000000000000000000000000000000000b8"
535729,529300,32,6429,"000000000000000000000000000000000000000000000000000000000000000a"
535761,535697,63,64,"fa6b94d13d796b9cc0277fafd7b4a9b5b7af6e93e3fe0261479d160811e0679d00000000000000000000000000000000000000000000000000000000000000"
535824,524779,29,11045,"0000000000000000000000000000000000000000000000000000000082"
535926,535851,1,75,"00"
535973,535926,1,47,"00"
535982,499310,80,36672,"1b00000000000000000000000000000000000000000000000000000000000082e70880800000000000000000000000000000000000000000000000000000000000000000000000000000000000000000"
536068,500003,6,36065,"8435a4e90083"
536078,527105,20,8973,"6131b5fae19ea4f9d964eac0408e4408b66337b5"
536100,527187,256,8913,"0824e21fd0e90000000000000000000000000000000000000000000000000000000000000020000000000000000000000000d1b47490209ccb7a806e8a45d9479490c040abf4000000000000000000000000000000000000000000000000000000000000000000000000000000000000000000000000000000000000000000000000000000a000000000000000000000000000000000000000000000000000000000000003a000000000000000000000000000000000000000000000000000000000000005e000000000000000000000000000000000000000000000000000000000000002e00000000000000000000000000000000000000000000000000000"
536100,527187,50,8913,"0824e21fd0e90000000000000000000000000000000000000000000000000000000000000020000000000000000000000000"
536406,527525,33,8881,"176211869ca2b568f2a7d4ee941e073a821ee1ff000000000000000000000000ee"
536439,504710,31,31729,"eeeeeeeeeeeeeeeeeeeeeeeeeeeeeeeeeeeeee000000000000000000000000"
536470,512668,20,23802,"3d391afffed2255a2dd00325c3a96a5a8e023ff8"
536490,529721,31,6769,"0000000000000000000000000000000000000000000000000000000064fa89"
536522,527609,256,8913,"00000000000000000000000000000000000000000000000000000000000002800000000000000000000000000000000000000000000000000000000000000001000000000000000000000000000000000000000000000000000000000000002000000000000000000000000000000000000000000000000000000000000000010000000000000000000000000000000000000000000000000000000000000020000000000000000000000000000000000000000000000000000000000000004063407a490000000000000000000000000000000000000000000000000000000200000000000000000000000000000000000000000000000000000000000000e0"
536522,527609,44,8913,"0000000000000000000000000000000000000000000000000000000000000280000000000000000000000000"
536842,530841,92,6001,"000000000000000000000000176211869ca2b568f2a7d4ee941e073a821ee1ff000000000000000000000000e5d7c2a44ffddf6b295a15c148167daaaf5cf34f00000000000000000000000000000000000000000000000000000000"
536938,531352,95,5586,"0000000000000000000000000000000000000000000000000000000000000000000000000000000000000000000000000000000000000000000000000000000000000000000000000000000000000000000000000000000000000000000000"
537034,524852,12,12182,"00000000000000000000002e"
537050,536737,9,313,"000000000000000002"
537066,536394,76,672,"000000000000000000000000176211869ca2b568f2a7d4ee941e073a821ee1ff000000000000000000000000eeeeeeeeeeeeeeeeeeeeeeeeeeeeeeeeeeeeeeee000000000000000000000000"
537142,530917,128,6225,"000000000000000000000000000000000000016000000000000000000000000000000000000000000000000000000000000001a000000000000000000000000000000000000000000000000000000000000001e00000000000000000000000000000000000000000000000000000000000000200000000000000000000000000"
537270,536470,48,800,"3d391afffed2255a2dd00325c3a96a5a8e023ff800000000000000000000000000000000000000000000000000000000"
537318,536934,28,384,"13ab6680000000000000000000000000000000000000000000000000"
537354,531129,188,6225,"000000000000000000000000000000000000000000000000000000000000000000000000000000000000000000000000000000000000000000000000000002200000000000000000000000000000000000000000000000000000000000000001000000000000000000000000d1b47490209ccb7a806e8a45d9479490c040abf4000000000000000000000000000000000000000000000000000000000000000100000000000000000000000000000000000000000000000000000000"
537542,536934,99,608,"13ab66800000000000000000000000000000000000000000000000000000000000000000000000000000000000000000000000000000000000000000000000000000000000000000000000000000000000000000000000000000000000000000000000"
537641,537482,32,159,"0000000000000000000000000000000000000000000000000000000000000001"
537674,531449,11,6225,"7b22536f75726365223a22"
537694,531469,17,6225,"222c22416d6f756e74496e555344223a22"
537714,531490,3,6224,"2e3333"
537717,531504,18,6213,"222c22416d6f756e744f7574555344223a22"
537741,489509,3,48232,"393434"
537753,531540,68,6213,"222c22526566657272616c223a22222c22466c616773223a332c22496e74656772697479496e666f223a7b224b65794944223a2231222c225369676e6174757265223a22"
537890,537809,3,81,"536967"
537963,535518,3,2445,"7a447a"
538163,531950,23,6213,"3d3d227d7d000000000000000000000000000000000000"
538186,524905,53,13281,"82e7088080000000000000000000000000000000000000000000000000000000000000000000000000000000000000000000000000"
538239,519199,7,19040,"7202f86f82e708"
538253,538248,4,5,"8432aff4"
538280,527908,2,10372,"00d5"
538282,519242,19,19040,"80b844095ea7b3000000000000000000000000"
538321,538215,24,106,"000000000000000000000000000000000000000000000000"
538351,480270,48,58081,"0000c0000000000000000000000000000000000000000000000000000000000000000000000000000000000000000000"
538399,480319,9,58080,"7202f86f82e7080384"
538408,519208,11,19200,"3105b974843105b9748301"
538419,500010,42,38409,"635394176211869ca2b568f2a7d4ee941e073a821ee1ff80b844095ea7b3000000000000000000000000"
538461,532966,48,5495,"032b241de86a8660f1ae0691a4760b426ea246d700000000000000000000000000000000000000000000000000000000"
538513,520433,46,18080,"c0000000000000000000000000000000000000000000000000000000000000000000000000000000000000000001"
538559,503359,3,35200,"5402f9"
538563,503363,4,35200,"5082e708"
538568,473069,4,65499,"84310507"
538573,538568,5,5,"843105077d"
538589,493378,2,45211,"0090"
538603,534083,3,4520,"80b901"
538611,537387,30,1224,"000000000000000000000000000000000000000000000000000000000002"
538643,534155,13,4488,"0000000000000000000000000b"
538675,487010,29,51665,"000000000000000000000000000000000000000000000000000000000c"
538707,538611,44,96,"00000000000000000000000000000000000000000000000000000000000250ed000000000000000000000000"
538751,535000,51,3751,"00000000000000000000000000000000000000a000000000000000000000000000000000000000000000000000000000000000"
538867,491731,75,47136,"1b00000000000000000000000000000000000000000000000000000000000000c0000000000000000000000000000000000000000000000000000000000000000000000000000000000000"
538942,536062,5,2880,"084ff9084c"
538957,536077,256,2880,"946131b5fae19ea4f9d964eac0408e4408b66337b580b90824e21fd0e90000000000000000000000000000000000000000000000000000000000000020000000000000000000000000d1b47490209ccb7a806e8a45d9479490c040abf4000000000000000000000000000000000000000000000000000000000000000000000000000000000000000000000000000000000000000000000000000000a000000000000000000000000000000000000000000000000000000000000003a000000000000000000000000000000000000000000000000000000000000005e000000000000000000000000000000000000000000000000000000000000002e0000000"
538957,536077,137,2880,"946131b5fae19ea4f9d964eac0408e4408b66337b580b90824e21fd0e90000000000000000000000000000000000000000000000000000000000000020000000000000000000000000d1b47490209ccb7a806e8a45d9479490c040abf40000000000000000000000000000000000000000000000000000000000000000000000000000000000000000"
539370,536490,31,2880,"0000000000000000000000000000000000000000000000000000000064fa89"
539402,536522,256,2880,"00000000000000000000000000000000000000000000000000000000000002800000000000000000000000000000000000000000000000000000000000000001000000000000000000000000000000000000000000000000000000000000002000000000000000000000000000000000000000000000000000000000000000010000000000000000000000000000000000000000000000000000000000000020000000000000000000000000000000000000000000000000000000000000004063407a490000000000000000000000000000000000000000000000000000000200000000000000000000000000000000000000000000000000000000000000e0"
539402,536522,156,2880,"000000000000000000000000000000000000000000000000000000000000028000000000000000000000000000000000000000000000000000000000000000010000000000000000000000000000000000000000000000000000000000000020000000000000000000000000000000000000000000000000000000000000000100000000000000000000000000000000000000000000000000000000"
539814,539813,1,1,"00"
539818,536938,107,2880,"0000000000000000000000000000000000000000000000000000000000000000000000000000000000000000000000000000000000000000000000000000000000000000000000000000000000000000000000000000000000000000000000200000000000000000000000"
539930,513877,10,26053,"0000000000000000001b"
539946,537066,204,2880,"000000000000000000000000176211869ca2b568f2a7d4ee941e073a821ee1ff000000000000000000000000eeeeeeeeeeeeeeeeeeeeeeeeeeeeeeeeeeeeeeee000000000000000000000000000000000000000000000000000000000000016000000000000000000000000000000000000000000000000000000000000001a000000000000000000000000000000000000000000000000000000000000001e00000000000000000000000000000000000000000000000000000000000000200000000000000000000000000"
540150,539350,48,800,"65337b9afc0ef799b452f90e32d02ca76461a95a00000000000000000000000000000000000000000000000000000000"
540198,539814,29,384,"00c2247e00000000000000000000000000000000000000000000000000"
540234,537354,188,2880,"000000000000000000000000000000000000000000000000000000000000000000000000000000000000000000000000000000000000000000000000000002200000000000000000000000000000000000000000000000000000000000000001000000000000000000000000d1b47490209ccb7a806e8a45d9479490c040abf4000000000000000000000000000000000000000000000000000000000000000100000000000000000000000000000000000000000000000000000000"
540422,539814,99,608,"00c2247e0000000000000000000000000000000000000000000000000000000000000000000000000000000000000000000000000000000000000000000000000000000000000000000000000000000000000000000000000000000000000000000000"
540521,531416,44,9105,"0000000000000000000000000000000000000000000000000000000000000001fa7b22536f75726365223a22"
540565,537685,26,2880,"6b7962657273776170222c22416d6f756e74496e555344223a22"
540596,479923,3,60673,"363034"
540600,521786,3,18814,"333235"
540603,531500,3,9103,"393939"
540606,531501,22,9105,"393938222c22416d6f756e744f7574555344223a2231"
540628,540592,3,36,"322e37"
540631,521727,3,18904,"323838"
540637,520207,3,20430,"323833"
540640,520275,3,20365,"313034"
540644,528846,69,11798,"38222c22526566657272616c223a22222c22466c616773223a332c22496e74656772697479496e666f223a7b224b65794944223a2231222c225369676e6174757265223a22"
541054,531949,12,9105,"413d3d227d7d000000000000"
541066,538186,53,2880,"82e7088080000000000000000000000000000000000000000000000000000000000000000000000000000000000000000000000000"
541119,519039,7,22080,"7102f86e82e708"
541127,520390,11,20737,"842f8e89be842f8e89c882"
541141,535160,20,5981,"7d43aabc515c356145049227cee54b608342c0ad"
541161,538442,19,2719,"80b844095ea7b3000000000000000000000000"
541180,533190,43,7990,"80e38291e06339d10aab483c65695d004dbd5c690000000000000000000000000000000000000000000000"
541223,481482,9,59741,"01cc88d6729bd9dced"
541233,541073,46,160,"00000000000000000000000000000000000000000000000000000000000000000000000000000000000000000000"
541279,508927,7,32352,"7902f87682e708"
541286,480997,3,60289,"16842f"
541289,519370,9,21919,"8e89be842f8e89c883"
541329,508977,3,32352,"00b844"
541336,488145,102,53191,"00000000000000000000000000000000000000000000000000000000000000010000000000000000000000000000000000000000000000000000000000000001c000000000000000000000000000000000000000000000000000000000000000000000000000"
541438,520990,12,20448,"01f402f901f082e70880842f"
541450,541289,10,161,"8e89be842f8e89c88302"
541460,521012,222,20448,"05aa940872ec4426103482a50f26ffc32acefcec61b3c980b901c4d4dfd6bc0000000000000000000000000000000000000000000000000000000000000000000000000000000000000000000000000000000000000000000000000000000000000000000000000000000000000000000000000000000000000000000000000000000000000000000000000000000000000000000000000000000000000001000000000000000000000000000000000000000000000000000000000000000100000000000000000000000000000000000000000000000000000000652211"
541683,523978,160,17705,"00000000000000000000000000000000000000000000000000000000000000000000000000000000000000000000000000000000000000000000000000000005000000000000000000000000000000000000000000000000000000000000000000000000000000000000000000000000000000000000000000000000000001400000000000000000000000000000000000000000000000000000000000000041"
541907,521459,76,20448,"1c00000000000000000000000000000000000000000000000000000000000000c000000000000000000000000000000000000000000000000000000000000000000000000000000000000001"
541983,502463,3,39520,"5b02f9"
541987,502467,4,39520,"5782e708"
541992,519368,12,22624,"842f8e89be842f8e89c88303"
542007,538461,20,3546,"032b241de86a8660f1ae0691a4760b426ea246d7"
542028,520780,4,21248,"470de4df"
542033,508465,4,33568,"0000b901"
542042,532638,76,9404,"000000000000000000000000000000000000000000000000000000000000002000000000000000000000000000000000000000000000000000000000000000a0000000000000000000000000"
542138,520755,29,21383,"00000000000000000000000000000000000000000000000000470de4df"
542168,541952,31,216,"00000000000000000000000000000000000000000000000000000000000001"
542202,539370,31,2832,"0000000000000000000000000000000000000000000000000000000064fa89"
542234,534283,96,7951,"000000000000000000000000000000000000000000000000000000000000002be5d7c2a44ffddf6b295a15c148167daaaf5cf34f0001f4176211869ca2b568f2a7d4ee941e073a821ee1ff000000000000000000000000000000000000000000"
542330,534010,37,8320,"c0000000000000000000000000000000000000000000000000000000000000000000000001"
542367,541983,8,384,"5b02f9015782e708"
542375,541447,12,928,"80842f8e89be842f8e89c883"
542419,542035,3,384,"b90124"
542426,542335,31,91,"00000000000000000000000000000000000000000000000000000000000000"
542458,504051,95,38407,"000000000000000000000000000000000000000000000000000000000000006000000000000000000000000000000000000000000000000000000000000000a000000000000000000000000000000000000000000000000000000000000000"
542559,541179,2,1380,"0080"
542574,541766,43,808,"00000000000000000000000000000000000000000000000000000000000000000000000000000000000000"
542618,539624,31,2994,"00020000000000000000000000000000000000000000000000000000000000"
542652,540272,25,2380,"00000000000000000000000000000000000000000000000002"
542682,528435,3,14247,"000050"
542685,542555,29,130,"65d26cf60080425710e2d76079bb4e3e3419c900000000000000000000"
542715,538203,44,4512,"0000000000000000000000000000000000000000000000000000000000000000000000007202f86f82e70881"
542760,541127,11,1633,"842f8e89be842f8e89c882"
542773,538261,40,4512,"944af15ec2a0bd43db75dd04e62faa3b8ef36b00d580b844095ea7b3000000000000000000000000"
542813,541180,20,1633,"80e38291e06339d10aab483c65695d004dbd5c69"
542833,519281,78,23552,"ffffffffffffffffffffffffffffffffffffffffffffffffffffffffffffffffc0000000000000000000000000000000000000000000000000000000000000000000000000000000000000000002"
542912,519360,3,23552,"02f902"
542916,520386,14,22530,"82e70819842f8e89be842f8e89c8"
542935,488316,20,54619,"685cea02c4a8ba4d6279e882bdd90129c1267cd0"
542964,490604,3,52360,"b90264"
542971,529817,158,13154,"00000000000000000000000000000000000000000000000000000000000000200000000000000000000000000000000000000000000000000000000000000002000000000000000000000000000000000000000000000000000000000000004000000000000000000000000000000000000000000000000000000000000001e0000000000000000000000000000000000000000000000000000000000000"
543135,530841,94,12294,"000000000000000000000000176211869ca2b568f2a7d4ee941e073a821ee1ff000000000000000000000000e5d7c2a44ffddf6b295a15c148167daaaf5cf34f000000000000000000000000000000000000000000000000000000000000"
543231,542620,30,611,"000000000000000000000000000000000000000000000000000000000003"
543263,543231,30,32,"000000000000000000000000000000000000000000000000000000000003"
543295,542974,29,321,"0000000000000000000000000000000000000000000000000000000020"
543327,533121,25,10206,"00000000000000000000000000000000000000000000000004"
543352,542957,7,395,"b7ec32bafca47c"
543359,519736,29,23623,"000000000000000000000000000000000000000000000000000000001e"
543391,543327,25,64,"00000000000000000000000000000000000000000000000004"
543423,518753,13,24670,"00000000000000000000000097"
543436,496913,19,46523,"7111160f89b83f43ad0ec11ac65f69810697e2"
543455,519411,31,24044,"0000000000000000000000000000000000000000000000000000000064fa86"
543487,486276,60,57211,"000000000000000000000000000000000000000000000000000000000000000000000000000000000000000000000000000000000000000000000004"
543547,533146,32,10401,"12210e8a00000000000000000000000000000000000000000000000000000000"
543580,524956,36,18624,"00000000000000000000000000000000000000000000000000000000000000000000021c"
543616,542912,3,704,"02f902"
543620,542916,3,704,"82e708"
543624,508935,12,34689,"842f8de966842f8de96f8305"
543638,508438,21,35200,"94f82537fb6c56a3b50092d3951f84f5f6c835b4f5"
543666,542033,4,1633,"0000b901"
543671,519407,35,24264,"5ae401dc0000000000000000000000000000000000000000000000000000000064fa86"
543707,516844,126,26863,"000000000000000000000000000000000000000000000000000000000000004000000000000000000000000000000000000000000000000000000000000000010000000000000000000000000000000000000000000000000000000000000020000000000000000000000000000000000000000000000000000000000000"
543839,542971,63,868,"000000000000000000000000000000000000000000000000000000000000002000000000000000000000000000000000000000000000000000000000000000"
543903,491866,13,52037,"00000000000000000000000076"
543935,543809,25,126,"00000000000000000000000000000000000000000000000001"
543960,543661,7,299,"1c37937e080000"
543967,532130,29,11837,"0000000000000000000000000000000000000000000000000000000007"
543999,543871,31,128,"00000000000000000000000000000000000000000000000000000000000000"
544031,543179,21,852,"e5d7c2a44ffddf6b295a15c148167daaaf5cf34f00"
544054,535160,21,8894,"7d43aabc515c356145049227cee54b608342c0ad00"
544077,520575,51,23502,"eb466342c4d449bc9f53a865d5cb90586f40521500000000000000000000000000000000000000000000000000000000000000"
544128,508352,63,35776,"000000000000000000000000000000000000000000000000000000c00000000000000000000000000000000000000000000000000000000000000000000001"
544191,506111,8,38080,"1a02f9011682e708"
544199,508934,12,35265,"01842f8de966842f8de96f83"
544214,506134,22,38080,"948731d54e9d02c286767d56ac03e8037c07e01e9887"
544242,490130,128,54112,"96b8e41114cd2a000000000000000000000000000000000000000000000000000000000000006e000000000000000000000000240f58621fcb510fd96c58983e93234525d12ce700000000000000000000000000000000000000000000000000000000000000a000000000000000000000000000000000000000000000000000"
544375,544317,27,58,"000000000000000000000000000000000000000000000000000000"
544408,490296,102,54112,"000000000000000000000000000000000000000000000000000000000000000014240f58621fcb510fd96c58983e93234525d12ce7000000000000000000000000c0000000000000000000000000000000000000000000000000000000000000000000000000"
544510,521886,9,22624,"013302f9012f82e708"
544519,491271,11,53248,"08842f8de966842f8de96f"
544530,521906,128,22624,"827e5494d1a3abf42f9e66be86cfdea8c5c2c74f041c5e1480b901045b7d7482000000000000000000000000000000000000000000000000000000000000004000000000000000000000000000000000000000000000000000000000000000a00000000000000000000000000000000000000000000000000000000000000040"
544662,489466,3,55196,"623531"
544665,505416,3,39249,"393834"
544677,520215,3,24462,"386261"
544680,505915,3,38765,"356439"
544694,505510,3,39184,"623766"
544706,489150,3,55556,"636135"
544712,489362,3,55350,"653436"
544717,505430,3,39287,"383363"
544722,522098,33,22624,"000000000000000000000000000000000000000000000000000000000000004033"
544755,479860,3,64895,"363832"
544761,505404,3,39357,"316166"
544764,521805,3,22959,"626635"
544768,522189,3,22579,"346565"
544793,489459,4,55334,"61393835"
544797,521708,5,23089,"3336313738"
544802,520187,3,24615,"663066"
544805,479836,3,64969,"636161"
544818,521842,53,22976,"c000000000000000000000000000000000000000000000000000000000000000000000000000000000000000013302f9012f82e708"
544871,544519,139,352,"08842f8de966842f8de96f827e5494d1a3abf42f9e66be86cfdea8c5c2c74f041c5e1480b901045b7d7482000000000000000000000000000000000000000000000000000000000000004000000000000000000000000000000000000000000000000000000000000000a00000000000000000000000000000000000000000000000000000000000000040"
545010,521807,3,23203,"353631"
545018,520233,3,24785,"323232"
545028,479949,3,65079,"313763"
545032,489140,3,55892,"303732"
545038,544691,3,347,"666535"
545046,544791,3,255,"306561"
545052,505946,3,39106,"386231"
545061,545059,3,2,"373137"
545064,545048,3,16,"613462"
545068,544807,3,261,"613364"
545071,544659,3,412,"333938"
545074,544626,34,448,"00000000000000000000000000000000000000000000000000000000000000406333"
545116,506019,3,39097,"363062"
545120,505396,3,39724,"666164"
545123,522088,3,23035,"383461"
545127,522086,3,23041,"316538"
545132,505517,3,39615,"646232"
545137,520220,3,24917,"323337"
545147,544772,3,375,"663431"
545155,545113,3,42,"383065"
545159,479855,3,65304,"373330"
545162,505914,3,39248,"363564"
545165,489517,3,55648,"623530"
545171,519315,52,25856,"00000000000000000000000000000000000000000000000000000000000000000000000000000000000000027402f9027082e708"
545223,508423,12,36800,"02842f8de966842f8de96f83"
545238,543638,21,1600,"94f82537fb6c56a3b50092d3951f84f5f6c835b4f5"
545259,519403,39,25856,"80b902445ae401dc0000000000000000000000000000000000000000000000000000000064fa86"
545298,543706,64,1592,"29000000000000000000000000000000000000000000000000000000000000004000000000000000000000000000000000000000000000000000000000000000"
545362,519506,195,25856,"020000000000000000000000000000000000000000000000000000000000000040000000000000000000000000000000000000000000000000000000000000016000000000000000000000000000000000000000000000000000000000000000e404e45aaf000000000000000000000000176211869ca2b568f2a7d4ee941e073a821ee1ff000000000000000000000000e5d7c2a44ffddf6b295a15c148167daaaf5cf34f000000000000000000000000000000000000000000000000000000000000"
545559,492282,61,53277,"00000000000000000000000000000000000000000000000000000000000000020000000000000000000000000000000000000000000000000000000001"
545620,509197,3,36423,"cdb4b8"
545623,545369,26,254,"0000000000000000000000000000000000000000000000000040"
545655,519799,121,25856,"000000000000000000000000000000000000000000000000000000000000000000000000000000000000000000000000000000000000000000000000000000000000000000000000000000000000000000000000000000000000004449404b7c00000000000000000000000000000000000000000000000000"
545776,545648,19,128,"40d658bc4817ad000000000000000000000000"
545795,512968,20,32827,"e821e4b24562b8f659dbd1997bd42c8e9b01a8cc"
545815,493399,72,52416,"00000000000000000000000000000000000000000000000000000000c000000000000000000000000000000000000000000000000000000000000000000000000000000000000000"
545891,544196,15,1695,"82e70801842f8de966842f8de96f83"
545909,508949,21,36960,"94009a0b7c38b542208936f1179151cd08e2943833"
545937,539466,76,6471,"00000000000000000000000000000000000000000000000000000000000000200000000000000000000000000000000000000000000000000000000000000001000000000000000000000000"
546013,508996,20,37017,"c7d8489dae3d2ebef075b1db2257e2c231c9d231"
546034,545701,45,333,"000000000000000000000000000000000000000000000000000000000000000000000000000000000000000000"
546079,493471,6,52608,"3102ef82e708"
546091,546086,4,5,"842e1566"
546096,524873,4,21223,"82520894"
546118,546078,1,40,"00"
546125,524516,3,21609,"400080"
546128,509200,100,36928,"c0000000000000000000000000000000000000000000000000000000000000000000000000000000000000000000010df9010a01842aea5400829d78940872ec4426103482a50f26ffc32acefcec61b3c980b8e4f242432a000000000000000000000000"
546228,525392,20,20836,"6fbd15b97c874984c8dbe899bfb7038494a7ff52"
546248,509960,256,36288,"000000000000000000000000aec3cacef9457ff2821d9f85429ce3d90b0014590000000000000000000000000000000000000000000000000000000000000005000000000000000000000000000000000000000000000000000000000000000100000000000000000000000000000000000000000000000000000000000000a00000000000000000000000000000000000000000000000000000000000000000000000000000000000000000000000000000000000000000000000000000000082e70880800000000000000000000000000000000000000000000000000000000000000000000000000000000000000000000000000001eff901ec80842aea54"
546248,509960,225,36288,"000000000000000000000000aec3cacef9457ff2821d9f85429ce3d90b0014590000000000000000000000000000000000000000000000000000000000000005000000000000000000000000000000000000000000000000000000000000000100000000000000000000000000000000000000000000000000000000000000a00000000000000000000000000000000000000000000000000000000000000000000000000000000000000000000000000000000000000000000000000000000082e708808000000000000000000000000000000000000000000000000000000000"
546730,541683,160,5047,"00000000000000000000000000000000000000000000000000000000000000000000000000000000000000000000000000000000000000000000000000000005000000000000000000000000000000000000000000000000000000000000000000000000000000000000000000000000000000000000000000000000000001400000000000000000000000000000000000000000000000000000000000000041"
546913,546888,1,25,"00"
546954,484266,85,62688,"1c0000000000000000000000000000000000000000000000000000000000000082e7088080000000000000000000000000000000000000000000000000000000000000000000000000000000000000000000000001"
547039,546175,53,864,"0df9010a01842aea5400829d78940872ec4426103482a50f26ffc32acefcec61b3c980b8e4f242432a000000000000000000000000"
547092,525412,20,21680,"a9edeba478fff66f7851cd5de570f893d6ae8ec3"
547112,494248,256,52864,"000000000000000000000000aec3cacef9457ff2821d9f85429ce3d90b0014590000000000000000000000000000000000000000000000000000000000000005000000000000000000000000000000000000000000000000000000000000000100000000000000000000000000000000000000000000000000000000000000a00000000000000000000000000000000000000000000000000000000000000000000000000000000000000000000000000000000000000000000000000000000082e70880800000000000000000000000000000000000000000000000000000000000000000000000000000000000000000000000000001eff901ec80842aea54"
547112,494248,225,52864,"000000000000000000000000aec3cacef9457ff2821d9f85429ce3d90b0014590000000000000000000000000000000000000000000000000000000000000005000000000000000000000000000000000000000000000000000000000000000100000000000000000000000000000000000000000000000000000000000000a00000000000000000000000000000000000000000000000000000000000000000000000000000000000000000000000000000000000000000000000000000000082e708808000000000000000000000000000000000000000000000000000000000"
547594,546730,160,864,"00000000000000000000000000000000000000000000000000000000000000000000000000000000000000000000000000000000000000000000000000000005000000000000000000000000000000000000000000000000000000000000000000000000000000000000000000000000000000000000000000000000000001400000000000000000000000000000000000000000000000000000000000000041"
547818,484266,256,63552,"1c0000000000000000000000000000000000000000000000000000000000000082e7088080000000000000000000000000000000000000000000000000000000000000000000000000000000000000000000000001eff901ec80842aea540083015f90940872ec4426103482a50f26ffc32acefcec61b3c980b901c4d4dfd6bc0000000000000000000000000000000000000000000000000000000000000000000000000000000000000000000000000000000000000000000000000000000000000000000000000000000000000000000000000000000000000000000000000000000000000000000000000000000000000000000000000000000000000001"
547818,484266,62,63552,"1c0000000000000000000000000000000000000000000000000000000000000082e708808000000000000000000000000000000000000000000000000000"
548138,547594,160,544,"00000000000000000000000000000000000000000000000000000000000000000000000000000000000000000000000000000000000000000000000000000005000000000000000000000000000000000000000000000000000000000000000000000000000000000000000000000000000000000000000000000000000001400000000000000000000000000000000000000000000000000000000000000041"
548304,526813,2,21491,"005a"
548330,546227,2,2103,"006f"
548362,547818,97,544,"1c0000000000000000000000000000000000000000000000000000000000000082e7088080000000000000000000000000000000000000000000000000000000000000000000000000000000000000000000000001eff901ec80842aea54008301"
548459,485099,222,63360,"591c940872ec4426103482a50f26ffc32acefcec61b3c980b901c4d4dfd6bc0000000000000000000000000000000000000000000000000000000000000000000000000000000000000000000000000000000000000000000000000000000000000000000000000000000000000000000000000000000000000000000000000000000000000000000000000000000000000000000000000000000000000001000000000000000000000000000000000000000000000000000000000000000100000000000000000000000000000000000000000000000000000000652212"
548682,548138,160,544,"00000000000000000000000000000000000000000000000000000000000000000000000000000000000000000000000000000000000000000000000000000005000000000000000000000000000000000000000000000000000000000000000000000000000000000000000000000000000000000000000000000000000001400000000000000000000000000000000000000000000000000000000000000041"
548906,524202,87,24704,"1c0000000000000000000000000000000000000000000000000000000000000082e70880800000000000000000000000000000000000000000000000000000000000000000000000000000000000000000000000002ceb"
548993,484897,10,64096,"51842aea540082520894"
549010,505010,2,44000,"00d0"
549023,524415,66,24608,"865af3107a40008082e70880800000000000000000000000000000000000000000000000000000000000000000000000000000000000000000000000000000002ceb"
549089,548993,10,96,"51842aea540082520894"
549119,549023,76,96,"865af3107a40008082e70880800000000000000000000000000000000000000000000000000000000000000000000000000000000000000000000000000000002ceb51842aea540082520894"
549206,543994,2,5212,"0007"
549215,549119,64,96,"865af3107a40008082e7088080000000000000000000000000000000000000000000000000000000000000000000000000000000000000000000000000000000"
549279,490527,33,58752,"000000000000000000000000000000000000000000000000000000000000000294"
549332,533898,20,15434,"39b98fe0d13ad4bd835f2005c9739f55ecff88b8"
549372,525072,20,24300,"55663dd72a8730d4fd90f2181bb403b5c5e3c774"
549392,512648,40,36744,"b8ff877ed78ba520ece21b1de7843a8a57ca47cb3d391afffed2255a2dd00325c3a96a5a8e023ff8"
549472,497152,20,52320,"905ef06810b5d168d0c8d351593ed5d1880dbc28"
549492,540150,20,9342,"65337b9afc0ef799b452f90e32d02ca76461a95a"
549512,486044,20,63468,"2c9947b165e0c718a3cbf7d39e8e80d79cc9f5d9"
549572,542118,20,7454,"d15b3ac5c7b448b371537ea8a8ac6e95f298774e"
549592,542684,20,6908,"5065d26cf60080425710e2d76079bb4e3e3419c9"
549632,543435,20,6197,"977111160f89b83f43ad0ec11ac65f69810697e2"
549652,543915,20,5737,"768bf1e818b88d9899d21850d9535c9856576ae9"
549672,544441,20,5231,"240f58621fcb510fd96c58983e93234525d12ce7"
549732,545795,20,3937,"e821e4b24562b8f659dbd1997bd42c8e9b01a8cc"
549752,485964,20,63788,"42601170d8cb28522671979bd89a708b93ac11b1"
549772,486064,20,63708,"b7e5462af10b5386ffa973f7a0f3a51f5b37c210"
549792,546228,20,3564,"6fbd15b97c874984c8dbe899bfb7038494a7ff52"
549812,524299,20,25513,"6a97863f0ae8314798c87b7f21126ac79487082c"
549832,547092,20,2740,"a9edeba478fff66f7851cd5de570f893d6ae8ec3"
549852,524491,20,25361,"ac4cf2a362e636080733e9b65d3989c42daf97e4"
549872,524395,20,25477,"ccce7918b489b838b820713305ad05aafd3c0420"
549892,524877,20,25015,"878a7994197676f430b684c9bc27942a430cb201"
549912,497352,20,52560,"f269e8574583c27fe74b69b3f998a64efd8d0448"
549932,497312,20,52620,"c65347b43019f8f453d7b486d259fd6146da334e"
549952,497372,20,52580,"40082e6f1c15d2b27b3de80cb7ad04e9ed121900"
549972,549971,75,1,"000000000000000000000000000000000000000000000000000000000000000000000000000000000000000000000000000000000000000000000000000000000000000000000000000000"
550048,547208,62,2840,"00000000000000000000000000000000000000000000000000000000000000a0000000000000000000000000000000000000000000000000000000000000"
550112,526752,62,23360,"0000000000000000000000000000000000000000000000000000000000005a80000000000000000000000000000000000000000000000000000000000000"
550176,535666,31,14510,"000000000000000000000000000000000000000000000000000000000000b8"
550239,502287,31,47952,"1f0000000000000000000000000000000000000000000000000000000064fa"
550272,544124,62,6148,"00000000000000000000000000000000000000000000000000000000000000c0000000000000000000000000000000000000000000000000000000000000"
550336,514176,31,36160,"0000000000000000000000000000000000000000000000000000000000002a"
550367,549152,32,1215,"000000000000000000000000000000000000000000000000000000000000002c"
550399,550015,32,384,"0000000000000000000000000000000000000000000000000000000000000000"
550432,534605,62,15827,"0000000000000000000000000000000000000000000000000000000000000300000000000000000000000000000000000000000000000000000000000000"
550496,486816,62,63680,"0000000000000000000000000000000000000000000000000000000000000600000000000000000000000000000000000000000000000000000000000000"
550560,535021,31,15539,"0000000000000000000000000000000000000000000000000000000000000f"
550592,550560,30,32,"000000000000000000000000000000000000000000000000000000000000"
550624,527061,31,23563,"00000000000000000000000000000000000000000000000000000000000013"
550656,550624,31,32,"00000000000000000000000000000000000000000000000000000000000013"
550687,550623,32,64,"8000000000000000000000000000000000000000000000000000000000000013"
550720,544410,31,6310,"00000000000000000000000000000000000000000000000000000000000014"
550751,497919,32,52832,"8000000000000000000000000000000000000000000000000000000000000016"
550784,513760,31,37024,"00000000000000000000000000000000000000000000000000000000000017"
550816,513792,31,37024,"00000000000000000000000000000000000000000000000000000000000019"
550848,513792,62,37056,"00000000000000000000000000000000000000000000000000000000000019a0000000000000000000000000000000000000000000000000000000000000"
550912,504378,31,46534,"0000000000000000000000000000000000000000000000000000000000001c"
550943,487327,32,63616,"e00000000000000000000000000000000000000000000000000000000000001d"
550976,498048,31,52928,"0000000000000000000000000000000000000000000000000000000000001e"
551007,513951,32,37056,"8000000000000000000000000000000000000000000000000000000000000020"
551040,525888,31,25152,"00000000000000000000000000000000000000000000000000000000000022"
551071,487487,32,63584,"c000000000000000000000000000000000000000000000000000000000000024"
551104,514080,31,37024,"00000000000000000000000000000000000000000000000000000000000026"
551136,551104,31,32,"00000000000000000000000000000000000000000000000000000000000026"
551168,551136,31,32,"00000000000000000000000000000000000000000000000000000000000026"
551199,540105,32,11094,"e000000000000000000000000000000000000000000000000000000000000002"
551231,535455,7,15776,"32f9022f830306"
551239,499399,3,51840,"843ad3"
551244,535468,128,15776,"83048d9c94cb566e3b6934fa77258d68ea18e931fa75e1aaaa80b902046c459a2800000000000000000000000038de71124f7a447a01d67945a51edce9ff49125100000000000000000000000000000000000000000000000000000000000000800000000000000000000000000000000000000000000000000000000064fad9"
551373,498925,100,52448,"00000000000000000000000000000000000000000000000000000000000001400000000000000000000000000000000000000000000000000000000000000084704316e5000000000000000000000000000000000000000000000000000000000000006f"
551505,544409,32,7096,"0000000000000000000000000000000000000000000000000000000000000014"
551537,551473,63,64,"abaed32e7b5671ba76c34c9525a6781313a1eb43f6abca32361b25d5a67acb7200000000000000000000000000000000000000000000000000000000000000"
551600,548910,29,2690,"0000000000000000000000000000000000000000000000000000000082"
551758,499918,84,51840,"1c00000000000000000000000000000000000000000000000000000000000082e70880800000000000000000000000000000000000000000000000000000000000000000000000000000000000000000006df86b"
551843,500003,7,51840,"8435a4e9008301"
551852,538261,60,13591,"944af15ec2a0bd43db75dd04e62faa3b8ef36b00d580b844095ea7b3000000000000000000000000bc7f67fa9c72f9fccf917cbcee2a50deb031462a"
551912,542834,31,9078,"ffffffffffffffffffffffffffffffffffffffffffffffffffffffffffffff"
551944,500104,66,51840,"82e708808000000000000000000000000000000000000000000000000000000000000000000000000000000000000000000000000000079e02f9079a82e7080a8431"
552013,552008,4,5,"84310676"
552018,500178,3,51840,"83043e"
552022,500182,41,51840,"940cab6977a9c70e04458b740476b498b21401964186accdd281e000b90768a4d73041000000000acd"
552065,500225,3,51840,"64f83b"
552069,500485,20,51584,"fe952def1c0e295048374ccd0b8ebe7001f1123e"
552097,500257,3,51840,"651fc8"
552101,539990,20,12111,"eeeeeeeeeeeeeeeeeeeeeeeeeeeeeeeeeeeeeeee"
552133,504965,20,47168,"7538262ae993ca117a0e481f908209137a46268e"
552212,537044,2,15168,"002e"
552217,500377,64,51840,"00000000000000000000000000000000000000000000000000000000000000c00000000000000000000000000000000000000000000000000000000000000680"
552281,517708,13,34573,"00000000000000000000000023"
552294,500454,81,51840,"e0c0e69d69659089f15f1c90c52909d3131888003201000000000000c803e8fe952def1c0e295048374ccd0b8ebe7001f1123e000000000000accdd281e000000000000000000000000000000000000000"
552377,502041,31,50336,"000000000000accdd281e0000000000000000000000000000000000000000c"
552409,502073,31,50336,"000000000000accdd281e00000000000000000000000000000000000000009"
552441,552345,31,96,"000000000000accdd281e00000000000000000000000000000000000000012"
552473,552409,31,64,"000000000000accdd281e00000000000000000000000000000000000000009"
552505,552473,31,32,"000000000000accdd281e00000000000000000000000000000000000000009"
552537,552441,31,96,"000000000000accdd281e00000000000000000000000000000000000000012"
552569,552377,31,192,"000000000000accdd281e0000000000000000000000000000000000000000c"
552601,552505,31,96,"000000000000accdd281e00000000000000000000000000000000000000009"
552633,552537,31,96,"000000000000accdd281e00000000000000000000000000000000000000012"
552665,552601,31,64,"000000000000accdd281e00000000000000000000000000000000000000009"
552697,552569,31,128,"000000000000accdd281e0000000000000000000000000000000000000000c"
552729,552665,31,64,"000000000000accdd281e00000000000000000000000000000000000000009"
552761,501785,31,50976,"000000000000accdd281e0000000000000000000000000000000000000000d"
552793,552633,31,160,"000000000000accdd281e00000000000000000000000000000000000000012"
552825,501593,31,51232,"000000000000accdd281e00000000000000000000000000000000000000007"
552857,552793,31,64,"000000000000accdd281e00000000000000000000000000000000000000012"
552889,552825,31,64,"000000000000accdd281e00000000000000000000000000000000000000007"
552921,552889,31,32,"000000000000accdd281e00000000000000000000000000000000000000007"
552953,552761,31,192,"000000000000accdd281e0000000000000000000000000000000000000000d"
552985,552921,31,64,"000000000000accdd281e00000000000000000000000000000000000000007"
553017,552953,31,64,"000000000000accdd281e0000000000000000000000000000000000000000d"
553049,552857,31,192,"000000000000accdd281e00000000000000000000000000000000000000012"
553081,552729,31,352,"000000000000accdd281e00000000000000000000000000000000000000009"
553113,552985,31,128,"000000000000accdd281e00000000000000000000000000000000000000007"
553145,553049,31,96,"000000000000accdd281e00000000000000000000000000000000000000012"
553177,553017,31,160,"000000000000accdd281e0000000000000000000000000000000000000000d"
553209,553145,31,64,"000000000000accdd281e00000000000000000000000000000000000000012"
553241,553081,31,160,"000000000000accdd281e00000000000000000000000000000000000000009"
553273,553113,31,160,"000000000000accdd281e00000000000000000000000000000000000000007"
553305,553177,31,128,"000000000000accdd281e0000000000000000000000000000000000000000d"
553337,553241,31,96,"000000000000accdd281e00000000000000000000000000000000000000009"
553369,553273,31,96,"000000000000accdd281e00000000000000000000000000000000000000007"
553401,553209,31,192,"000000000000accdd281e00000000000000000000000000000000000000012"
553433,553369,31,64,"000000000000accdd281e00000000000000000000000000000000000000007"
553465,553337,31,128,"000000000000accdd281e00000000000000000000000000000000000000009"
553497,553401,31,96,"000000000000accdd281e00000000000000000000000000000000000000012"
553529,553305,31,224,"000000000000accdd281e0000000000000000000000000000000000000000d"
553561,553433,31,128,"000000000000accdd281e00000000000000000000000000000000000000007"
553593,553465,31,128,"000000000000accdd281e00000000000000000000000000000000000000009"
553625,553593,31,32,"000000000000accdd281e00000000000000000000000000000000000000009"
553657,553497,31,160,"000000000000accdd281e00000000000000000000000000000000000000012"
553689,553657,31,32,"000000000000accdd281e00000000000000000000000000000000000000012"
553721,553561,31,160,"000000000000accdd281e00000000000000000000000000000000000000007"
553753,553529,31,224,"000000000000accdd281e0000000000000000000000000000000000000000d"
553785,553689,31,96,"000000000000accdd281e00000000000000000000000000000000000000012"
553817,553753,31,64,"000000000000accdd281e0000000000000000000000000000000000000000d"
553849,553625,31,224,"000000000000accdd281e00000000000000000000000000000000000000009"
553881,501561,31,52320,"000000000000accdd281e00000000000000000000000000000000000000010"
553913,553817,31,96,"000000000000accdd281e0000000000000000000000000000000000000000d"
553945,502105,38,51840,"801aa9b9c0000000000000000000000000000000000000000000000000000000000000000001"
553983,541439,10,12544,"f402f901f082e7088084"
553997,553992,4,5,"843105c7"
554002,512041,224,41961,"8301591c940872ec4426103482a50f26ffc32acefcec61b3c980b901c4d4dfd6bc0000000000000000000000000000000000000000000000000000000000000000000000000000000000000000000000000000000000000000000000000000000000000000000000000000000000000000000000000000000000000000000000000000000000000000000000000000000000000000000000000000000000000001000000000000000000000000000000000000000000000000000000000000000100000000000000000000000000000000000000000000000000000000652211"
554227,548682,160,5545,"00000000000000000000000000000000000000000000000000000000000000000000000000000000000000000000000000000000000000000000000000000005000000000000000000000000000000000000000000000000000000000000000000000000000000000000000000000000000000000000000000000000000001400000000000000000000000000000000000000000000000000000000000000041"
554451,541907,75,12544,"1c00000000000000000000000000000000000000000000000000000000000000c0000000000000000000000000000000000000000000000000000000000000000000000000000000000000"
554526,551838,4,2688,"006df86b"
554531,553997,4,534,"843105c7"
554536,519217,96,35319,"83011c4294176211869ca2b568f2a7d4ee941e073a821ee1ff80b844095ea7b30000000000000000000000001d0188c4b276a09366d05d6be06af61a73bc7535ffffffffffffffffffffffffffffffffffffffffffffffffffffffffffffffff"
554632,498728,55,55904,"82e70880800000000000000000000000000000000000000000000000000000000000000000000000000000000000000000000000000002"
554692,554531,6,161,"843105c7de83"
554701,545238,59,9463,"94f82537fb6c56a3b50092d3951f84f5f6c835b4f580b902445ae401dc0000000000000000000000000000000000000000000000000000000064fa"
554762,545299,256,9463,"000000000000000000000000000000000000000000000000000000000000004000000000000000000000000000000000000000000000000000000000000000020000000000000000000000000000000000000000000000000000000000000040000000000000000000000000000000000000000000000000000000000000016000000000000000000000000000000000000000000000000000000000000000e404e45aaf000000000000000000000000176211869ca2b568f2a7d4ee941e073a821ee1ff000000000000000000000000e5d7c2a44ffddf6b295a15c148167daaaf5cf34f00000000000000000000000000000000000000000000000000000000"
554762,545299,64,9463,"00000000000000000000000000000000000000000000000000000000000000400000000000000000000000000000000000000000000000000000000000000002"
555082,555081,1,1,"00"
555086,550885,26,4201,"000000000000000000000000000000000000000000000000001a"
555118,545655,121,9463,"000000000000000000000000000000000000000000000000000000000000000000000000000000000000000000000000000000000000000000000000000000000000000000000000000000000000000000000000000000000000004449404b7c00000000000000000000000000000000000000000000000000"
555239,555111,19,128,"1ab0498dd3a35e000000000000000000000000"
555278,548910,81,6368,"0000000000000000000000000000000000000000000000000000000082e7088080000000000000000000000000000000000000000000000000000000000000000000000000000000000000000000000000"
555359,520383,6,34976,"3202f082e708"
555365,519367,3,35998,"15842f"
555370,555365,5,5,"15842f8d88"
555376,549191,4,6185,"82520894"
555407,546126,48,9281,"0080c0000000000000000000000000000000000000000000000000000000000000000000000000000000000000000000"
555458,555362,3,96,"82e708"
555462,555366,10,96,"842f8d8815842f8d881f"
555472,493489,78,61983,"83010b3694cce9d3f392c135dc038b147ca73ec496f7f89d938084183ff085c000000000000000000000000000000000000000000000000000000000000000000000000000000000000000000000"
555550,541118,8,14432,"007102f86e82e708"
555558,521543,4,34015,"04842f8d"
555562,555369,8,193,"8815842f8d881f82"
555573,544077,20,11496,"eb466342c4d449bc9f53a865d5cb90586f405215"
555593,554561,19,1032,"80b844095ea7b3000000000000000000000000"
555612,520503,20,35109,"438670d41d5118003b2f42cc0466fbadd760dbf4"
555632,555025,29,607,"0000000000000000000000000000000000000000000000000000000002"
555664,546128,47,9536,"c000000000000000000000000000000000000000000000000000000000000000000000000000000000000000000001"
555711,508415,8,47296,"db02f901d782e708"
555720,555462,11,258,"842f8d8815842f8d881f83"
555734,519382,21,36352,"94678aa4bf4e210cf2166753e054d5b7c31cc7fa86"
555761,504304,3,51457,"8000b9"
555764,508468,36,47296,"01a45ae401dc0000000000000000000000000000000000000000000000000000000064fa"
555802,508506,240,47296,"00000000000000000000000000000000000000000000000000000000000000400000000000000000000000000000000000000000000000000000000000000001000000000000000000000000000000000000000000000000000000000000002000000000000000000000000000000000000000000000000000000000000000e404e45aaf000000000000000000000000e5d7c2a44ffddf6b295a15c148167daaaf5cf34f000000000000000000000000176211869ca2b568f2a7d4ee941e073a821ee1ff0000000000000000000000000000000000000000000000000000000000000064000000000000000000000000"
556042,497032,20,59010,"89a4bc5894638349219fac69d0c1df27204d6800"
556062,555635,26,427,"0000000000000000000000000000000000000000000000000002"
556088,555757,6,331,"21b262dd8000"
556094,513601,30,42493,"00000000000000000000000000000000000000000000000000000000000e"
556126,533950,97,22176,"000000000000000000000000000000000000000000000000000000000000000000000000000000000000000000000000000000000000000000000000c0000000000000000000000000000000000000000000000000000000000000000000000001"
556223,521535,12,34688,"3302f9012f82e70804842f8d"
556235,555562,8,673,"8815842f8d881f82"
556243,544883,127,11360,"7e5494d1a3abf42f9e66be86cfdea8c5c2c74f041c5e1480b901045b7d7482000000000000000000000000000000000000000000000000000000000000004000000000000000000000000000000000000000000000000000000000000000a00000000000000000000000000000000000000000000000000000000000000040"
556374,545124,3,11250,"346130"
556380,544787,3,11593,"386430"
556392,521693,3,34699,"643634"
556398,522140,3,34258,"653062"
556401,545130,3,11271,"643764"
556410,545151,3,11259,"633665"
556413,545013,3,11400,"306431"
556417,521734,3,34683,"623962"
556428,522172,3,34256,"643037"
556434,544978,33,11456,"000000000000000000000000000000000000000000000000000000000000004035"
556481,520287,3,36194,"326163"
556489,556472,4,17,"36626463"
556512,521808,3,34704,"363138"
556519,505518,3,51001,"623230"
556527,556427,3,100,"636430"
556530,544818,53,11712,"c000000000000000000000000000000000000000000000000000000000000000000000000000000000000000013302f9012f82e708"
556584,556232,138,352,"842f8d8815842f8d881f827e5494d1a3abf42f9e66be86cfdea8c5c2c74f041c5e1480b901045b7d7482000000000000000000000000000000000000000000000000000000000000004000000000000000000000000000000000000000000000000000000000000000a00000000000000000000000000000000000000000000000000000000000000040"
556726,544712,3,12014,"653436"
556731,520310,3,36421,"353034"
556736,544666,3,12070,"383464"
556743,505427,3,51316,"626565"
556750,545111,3,11639,"636538"
556756,531711,3,25045,"643035"
556759,522130,4,34629,"33346166"
556764,556428,3,336,"643037"
556769,545128,3,11641,"653864"
556772,545032,4,11740,"30373236"
556782,531498,4,25284,"34373939"
556786,556690,32,96,"0000000000000000000000000000000000000000000000000000000000000040"
556818,505413,3,51405,"376666"
556821,522178,3,34643,"303766"
556827,556485,3,342,"303463"
556834,505933,4,50901,"62393134"
556838,556823,3,15,"663738"
556848,505941,3,50907,"646138"
556851,520230,3,36621,"323936"
556856,506014,3,50842,"303231"
556864,531536,4,25328,"32363432"
556870,556744,3,126,"656535"
556873,556774,3,99,"323637"
556883,555411,50,1472,"00000000000000000000000000000000000000000000000000000000000000000000000000000000000000003002ee82e708"
556939,556934,4,5,"842f82ca"
556944,555472,78,1472,"83010b3694cce9d3f392c135dc038b147ca73ec496f7f89d938084183ff085c000000000000000000000000000000000000000000000000000000000000000000000000000000000000000000000"
557024,556576,3,448,"02f901"
557028,542372,6,14656,"82e70880842f"
557034,556936,9,98,"82ca84842f82ca8e83"
557046,544214,21,12832,"948731d54e9d02c286767d56ac03e8037c07e01e98"
557074,544241,52,12833,"9296b8e41114cd2a000000000000000000000000000000000000000000000000000000000000006e000000000000000000000000"
557146,556658,56,488,"00000000000000000000000000000000000000000000000000000000000000a0000000000000000000000000000000000000000000000000"
557202,543959,32,13243,"011c37937e080000000000000000000000000000000000000000000000000000"
557240,556989,33,251,"000000000000000000000000000000000000000000000000000000000000000000"
557274,557126,32,148,"47fa3f0393d9f04bea2d05406d53c4083b9ed75a000000000000000000000000"
557306,556186,37,1120,"c0000000000000000000000000000000000000000000000000000000000000000000000001"
557343,555711,8,1632,"db02f901d782e708"
557357,557352,4,5,"842f7d85"
557366,555734,22,1632,"94678aa4bf4e210cf2166753e054d5b7c31cc7fa8687"
557393,508465,39,48928,"0000b901a45ae401dc0000000000000000000000000000000000000000000000000000000064fa"
557432,555800,228,1632,"85bd00000000000000000000000000000000000000000000000000000000000000400000000000000000000000000000000000000000000000000000000000000001000000000000000000000000000000000000000000000000000000000000002000000000000000000000000000000000000000000000000000000000000000e404e45aaf000000000000000000000000e5d7c2a44ffddf6b295a15c148167daaaf5cf34f000000000000000000000000176211869ca2b568f2a7d4ee941e073a821ee1ff000000000000000000000000000000000000000000000000000000000000"
557662,493367,57,64295,"000000000000000000000000905ef06810b5d168d0c8d351593ed5d1880dbc2800000000000000000000000000000000000000000000000000"
557719,557388,7,331,"b1a2bc2ec50000"
557726,543518,29,14208,"0000000000000000000000000000000000000000000000000000000004"
557758,516318,97,41440,"000000000000000000000000000000000000000000000000000000000000000000000000000000000000000000000000000000000000000000000000c0000000000000000000000000000000000000000000000000000000000000000000000000"
557855,493471,7,64384,"3102ef82e70881"
557863,557352,11,511,"842f7d8575842f7d857f83"
557874,556945,76,929,"010b3694cce9d3f392c135dc038b147ca73ec496f7f89d938084183ff085c0000000000000000000000000000000000000000000000000000000000000000000000000000000000000000000"
557950,547038,54,10912,"010df9010a01842aea5400829d78940872ec4426103482a50f26ffc32acefcec61b3c980b8e4f242432a000000000000000000000000"
558024,547112,256,10912,"000000000000000000000000aec3cacef9457ff2821d9f85429ce3d90b0014590000000000000000000000000000000000000000000000000000000000000005000000000000000000000000000000000000000000000000000000000000000100000000000000000000000000000000000000000000000000000000000000a00000000000000000000000000000000000000000000000000000000000000000000000000000000000000000000000000000000000000000000000000000000082e70880800000000000000000000000000000000000000000000000000000000000000000000000000000000000000000000000000001eff901ec80842aea54"
558024,547112,224,10912,"000000000000000000000000aec3cacef9457ff2821d9f85429ce3d90b0014590000000000000000000000000000000000000000000000000000000000000005000000000000000000000000000000000000000000000000000000000000000100000000000000000000000000000000000000000000000000000000000000a00000000000000000000000000000000000000000000000000000000000000000000000000000000000000000000000000000000000000000000000000000000082e7088080000000000000000000000000000000000000000000000000000000"
558506,554227,160,4279,"00000000000000000000000000000000000000000000000000000000000000000000000000000000000000000000000000000000000000000000000000000005000000000000000000000000000000000000000000000000000000000000000000000000000000000000000000000000000000000000000000000000000001400000000000000000000000000000000000000000000000000000000000000041"
558730,547818,256,10912,"1c0000000000000000000000000000000000000000000000000000000000000082e7088080000000000000000000000000000000000000000000000000000000000000000000000000000000000000000000000001eff901ec80842aea540083015f90940872ec4426103482a50f26ffc32acefcec61b3c980b901c4d4dfd6bc0000000000000000000000000000000000000000000000000000000000000000000000000000000000000000000000000000000000000000000000000000000000000000000000000000000000000000000000000000000000000000000000000000000000000000000000000000000000000000000000000000000000000001"
558730,547818,62,10912,"1c0000000000000000000000000000000000000000000000000000000000000082e708808000000000000000000000000000000000000000000000000000"
559050,558506,160,544,"00000000000000000000000000000000000000000000000000000000000000000000000000000000000000000000000000000000000000000000000000000005000000000000000000000000000000000000000000000000000000000000000000000000000000000000000000000000000000000000000000000000000001400000000000000000000000000000000000000000000000000000000000000041"
559242,540341,3,18901,"00d1b4"
559274,511210,256,48064,"1b0000000000000000000000000000000000000000000000000000000000000082e7088080000000000000000000000000000000000000000000000000000000000000000000000000000000000000000000000001eff901ec80842aea540083015f90940872ec4426103482a50f26ffc32acefcec61b3c980b901c4d4dfd6bc0000000000000000000000000000000000000000000000000000000000000000000000000000000000000000000000000000000000000000000000000000000000000000000000000000000000000000000000000000000000000000000000000000000000000000000000000000000000000000000000000000000000000001"
559274,511210,63,48064,"1b0000000000000000000000000000000000000000000000000000000000000082e70880800000000000000000000000000000000000000000000000000000"
559594,559050,160,544,"00000000000000000000000000000000000000000000000000000000000000000000000000000000000000000000000000000000000000000000000000000005000000000000000000000000000000000000000000000000000000000000000000000000000000000000000000000000000000000000000000000000000001400000000000000000000000000000000000000000000000000000000000000041"
559818,546954,138,12864,"1c0000000000000000000000000000000000000000000000000000000000000082e70880800000000000000000000000000000000000000000000000000000000000000000000000000000000000000000000000010df9010a01842aea5400829d78940872ec4426103482a50f26ffc32acefcec61b3c980b8e4f242432a000000000000000000000000"
559976,558024,246,1952,"000000000000000000000000aec3cacef9457ff2821d9f85429ce3d90b0014590000000000000000000000000000000000000000000000000000000000000005000000000000000000000000000000000000000000000000000000000000000100000000000000000000000000000000000000000000000000000000000000a00000000000000000000000000000000000000000000000000000000000000000000000000000000000000000000000000000000000000000000000000000000082e708808000000000000000000000000000000000000000000000000000000000000000000000000000000000000000000000000000"
560222,524286,13,35936,"002ceb4d842aea540082520894"
560254,524510,65,35744,"e4865af3107a40008082e7088080000000000000000000000000000000000000000000000000000000000000000000000000000000000000000000000000000000"
560322,560226,9,96,"842aea540082520894"
560351,511967,77,48384,"865af3107a40008082e7088080000000000000000000000000000000000000000000000000000000000000000000000000000000000000000000000000000001eff901ec80842aea5400830159"
560429,554006,220,6423,"940872ec4426103482a50f26ffc32acefcec61b3c980b901c4d4dfd6bc0000000000000000000000000000000000000000000000000000000000000000000000000000000000000000000000000000000000000000000000000000000000000000000000000000000000000000000000000000000000000000000000000000000000000000000000000000000000000000000000000000000000000001000000000000000000000000000000000000000000000000000000000000000100000000000000000000000000000000000000000000000000000000652211"
560650,559594,160,1056,"00000000000000000000000000000000000000000000000000000000000000000000000000000000000000000000000000000000000000000000000000000005000000000000000000000000000000000000000000000000000000000000000000000000000000000000000000000000000000000000000000000000000001400000000000000000000000000000000000000000000000000000000000000041"
560867,507334,2,53533,"008b"
560874,496714,116,64160,"1c0000000000000000000000000000000000000000000000000000000000000082e708808000000000000000000000000000000000000000000000000000000000000000000000000000000000000000000000000000000000000000000000000000000000000000000000000000000000000000"
560992,549392,40,11600,"b8ff877ed78ba520ece21b1de7843a8a57ca47cb3d391afffed2255a2dd00325c3a96a5a8e023ff8"
561032,552089,8,8943,"bf8248d17d9ca769"
561040,552121,12,8919,"372eeee6baefdb307e6f0cd9"
561053,560989,1,64,"00"
561092,555258,20,5834,"c580de5739fdcfc0bbae90d362f22226d39c113b"
561112,525232,20,35880,"859e8a75af297726c506d297613af5bd396ff61c"
561152,525252,20,35900,"d42aa370fcd06c683b7154ffa799a8e00ac0121e"
561172,556042,20,5130,"89a4bc5894638349219fac69d0c1df27204d6800"
561252,557274,20,3978,"47fa3f0393d9f04bea2d05406d53c4083b9ed75a"
561272,557674,20,3598,"905ef06810b5d168d0c8d351593ed5d1880dbc28"
561312,558004,20,3308,"bc0a8765716721371096a903b7a1c624bb168a89"
561372,518716,3,42656,"ff0bc8"
561392,559956,20,1436,"c080831b236a8cfbd6de0ee05c43394f987ece85"
561412,513128,20,48284,"f6f8b5bc021ff67a9932346447dd7e78aa674224"
561432,513108,20,48324,"9dbad420963e53775a51ea9aad4afa3af6e5d753"
561472,560958,32,514,"0000000000000000000000000000000000000000000000000000000000000000"
561536,550240,31,11296,"0000000000000000000000000000000000000000000000000000000064fa84"
561568,557787,62,3781,"00000000000000000000000000000000000000000000000000000000000000c0000000000000000000000000000000000000000000000000000000000000"
561631,561599,32,32,"c00000000000000000000000000000000000000000000000000000000000002a"
561664,513344,31,48320,"0000000000000000000000000000000000000000000000000000000000002d"
561696,525760,94,35936,"00000000000000000000000000000000000000000000000000000000000000210000000000000000000000000000000000000000000000000000000000000420000000000000000000000000000000000000000000000000000000000000"
561791,497727,32,64064,"8000000000000000000000000000000000000000000000000000000000000004"
561824,560683,31,1141,"00000000000000000000000000000000000000000000000000000000000005"
561856,551968,31,9888,"00000000000000000000000000000000000000000000000000000000000007"
561888,513568,31,48320,"0000000000000000000000000000000000000000000000000000000000000b"
561920,561888,30,32,"000000000000000000000000000000000000000000000000000000000000"
561951,517569,64,44382,"000000000000000000000000000000000000000000000000000000000000000d000000000000000000000000000000000000000000000000000000000000000d"
562016,561984,31,32,"0000000000000000000000000000000000000000000000000000000000000d"
562048,550560,31,11488,"0000000000000000000000000000000000000000000000000000000000000f"
562080,562048,31,32,"0000000000000000000000000000000000000000000000000000000000000f"
562112,497856,31,64256,"00000000000000000000000000000000000000000000000000000000000011"
562143,561983,31,160,"00000000000000000000000000000000000000000000000000000000000000"
562176,513696,31,48480,"00000000000000000000000000000000000000000000000000000000000015"
562208,562176,31,32,"00000000000000000000000000000000000000000000000000000000000015"
562240,550401,31,11839,"00000000000000000000000000000000000000000000000000000000000018"
562272,562240,31,32,"00000000000000000000000000000000000000000000000000000000000018"
562303,550879,32,11424,"a00000000000000000000000000000000000000000000000000000000000001a"
562335,562143,31,192,"00000000000000000000000000000000000000000000000000000000000000"
562367,513823,63,48544,"a00000000000000000000000000000000000000000000000000000000000001b00000000000000000000000000000000000000000000000000000000000000"
562431,513887,32,48544,"600000000000000000000000000000000000000000000000000000000000001d"
562464,550976,31,11488,"0000000000000000000000000000000000000000000000000000000000001e"
562496,525538,31,36958,"0000000000000000000000000000000000000000000000000000000000001f"
562528,513952,63,48576,"00000000000000000000000000000000000000000000000000000000000020e000000000000000000000000000000000000000000000000000000000000022"
562592,517690,31,44902,"00000000000000000000000000000000000000000000000000000000000023"
562624,525920,31,36704,"00000000000000000000000000000000000000000000000000000000000025"
562656,562624,30,32,"000000000000000000000000000000000000000000000000000000000000"
562687,525951,63,36736,"a00000000000000000000000000000000000000000000000000000000000002800000000000000000000000000000000000000000000000000000000000000"
562752,562720,31,32,"00000000000000000000000000000000000000000000000000000000000029"
562784,514400,39,48384,"000000000000000000000000000000000000000000000000000000000000003602f482e70882ab"
562824,514440,16,48384,"8502040eba5285026b44df95825a3c94"
562860,514476,50,48384,"87354a6ba7a1800780c000000000000000000000000000000000000000000000000000000000000000000000000000000000"
562910,562814,9,96,"003602f482e70882ab"
562920,562824,16,96,"8502040eba5285026b44df95825a3c94"
562956,562860,51,96,"87354a6ba7a1800780c00000000000000000000000000000000000000000000000000000000000000000000000000000000000"
563007,554527,3,8480,"6df86b"
563016,554536,64,8480,"83011c4294176211869ca2b568f2a7d4ee941e073a821ee1ff80b844095ea7b30000000000000000000000001d0188c4b276a09366d05d6be06af61a73bc7535"
563080,561858,29,1222,"0000000000000000000000000000000000000000000000000000000007"
563111,498727,63,64384,"0082e7088080000000000000000000000000000000000000000000000000000000000000000000000000000000000000000000000000000232f9022f830306"
563175,551239,233,11936,"843ad3bca483048d9c94cb566e3b6934fa77258d68ea18e931fa75e1aaaa80b902046c459a2800000000000000000000000038de71124f7a447a01d67945a51edce9ff49125100000000000000000000000000000000000000000000000000000000000000800000000000000000000000000000000000000000000000000000000064fad90900000000000000000000000000000000000000000000000000000000000001400000000000000000000000000000000000000000000000000000000000000084704316e500000000000000000000000000000000000000000000000000000000000000"
563440,551504,33,11936,"720000000000000000000000000000000000000000000000000000000000000014"
563473,563409,63,64,"965b76bdec6e193347f103cb9ea805908d191a800a9d444d190fbf787b494e7200000000000000000000000000000000000000000000000000000000000000"
563536,560878,29,2658,"0000000000000000000000000000000000000000000000000000000082"
563582,546012,2,17570,"00c7"
563694,551758,80,11936,"1c00000000000000000000000000000000000000000000000000000000000082e70880800000000000000000000000000000000000000000000000000000000000000000000000000000000000000000"
563774,517182,8,46592,"0392f9038f830305"
563788,517196,129,46592,"8313f7c094a658742d33ebd2ce2f0bdff73515aa797fd161d980b90364252f7b01000000000000000000000000000000000000000000000000000000000000006f00000000000000000000000045f1a95a4d3f3836523f5c83673c797f4d4d263b0000000000000000000000000000000000000000000000000000000000043238"
563917,551537,32,12380,"abaed32e7b5671ba76c34c9525a6781313a1eb43f6abca32361b25d5a67acb72"
563949,551537,63,12412,"abaed32e7b5671ba76c34c9525a6781313a1eb43f6abca32361b25d5a67acb7200000000000000000000000000000000000000000000000000000000000000"
564012,517420,72,46592,"c000000000000000000000000000000000000000000000000000000000000002740000000000000000000000004d73adb72bc3dd368966edd0f0b2148401a178e20000000000008a"
564085,517493,230,46592,"006f701a95707a0290ac8b90b3719e8ee5b21036088300b745f1a95a4d3f3836523f5c83673c797f4d4d263b0000000000000000000000000000000000000000000000000000000000000001000000000000000000000000000000000000000000000000000000000000000d000000000000000000000000000000000000000000000000000000000000000d00000000000000000000000000000000000000000000000000000000000000000000000000000000000000000000000000000000000000000000000000000000000000000000000000000000000000000000000000000023dc4e"
564321,562117,26,2204,"0000000000000000000000000000000000000000000000000011"
564353,562563,28,1790,"00000000000000000000000000000000000000000000000000000022"
564384,552252,28,12132,"00000000000000000000000000000000000000000000000000000006"
564417,564254,58,163,"00000000000000000000000000000000000000000000000000000000000000000000000000000000000000000000000000000000000000000000"
564475,564411,31,64,"06293689b00a00000000000000000000000000000000000000000000000000"
564513,517921,96,46592,"00000000000000000000000000000000000000000000000000000000000001c000000000000000000000000000000000000000000000000000000000000002000000000000000000000000000000000000000000000000000000000000000014"
564629,560112,106,4517,"000000000000000000000000000000000000000000000000000000000000000000000000000000000000000000000000000000000000000082e7088080000000000000000000000000000000000000000000000000000000000000000000000000000000000000000000"
564735,562911,6,1824,"3602f482e708"
564747,564742,5,5,"8435ecc242"
564776,508459,8,56317,"872386f26fc10000"
564790,564694,41,96,"0000000000000000000000000000000000000000000000000000000000000000000000000000000000"
564835,551843,6,12992,"8435a4e90083"
564845,551892,20,12953,"bc7f67fa9c72f9fccf917cbcee2a50deb031462a"
564872,555022,55,9850,"00000000000000000000000000000000000000000000000000000000000000020000000000000000000000000000000000000000000000"
564935,564519,25,416,"00000000000000000000000000000000000000000000000001"
564968,536458,63,28510,"0000000000000000000000003d391afffed2255a2dd00325c3a96a5a8e023ff80000000000000000000000000000000000000000000000000000000064fa89"
565032,560906,55,4126,"82e70880800000000000000000000000000000000000000000000000000000000000000000000000000000000000000000000000000000"
565087,556927,6,8160,"3002ee82e708"
565093,556231,4,8862,"04842f8d"
565099,565094,4,5,"842f8df2"
565104,555472,79,9632,"83010b3694cce9d3f392c135dc038b147ca73ec496f7f89d938084183ff085c00000000000000000000000000000000000000000000000000000000000000000000000000000000000000000000000"
565187,520996,7,44191,"82e70880842f8d"
565194,565097,9,97,"f2ce842f8df2d88301"
565236,554455,72,10781,"00000000000000000000000000000000000000000000000000000000c000000000000000000000000000000000000000000000000000000000000000000000000000000000000000"
565308,564957,3,351,"000001"
565311,532159,3,33152,"3b02f9"
565315,532163,4,33152,"3782e708"
565319,565190,12,129,"80842f8df2ce842f8df2d883"
565362,557394,3,7968,"00b901"
565370,520531,96,44839,"000000000000000000000000e5d7c2a44ffddf6b295a15c148167daaaf5cf34f000000000000000000000000eb466342c4d449bc9f53a865d5cb90586f4052150000000000000000000000000000000000000000000000000000000000000008"
565466,565453,12,13,"000000000000000000000000"
565484,565477,1,7,"00"
565498,565000,31,498,"0000000000000000000000000000000000000000000000000000000064fa89"
565530,565501,25,29,"00000000000000000000000000000000000000000000000000"
565555,565356,7,199,"7a3ecd9e139000"
565562,563746,29,1816,"0000000000000000000000000000000000000000000000000000000003"
565594,557786,69,7808,"0000000000000000000000000000000000000000000000000000000000000000c0000000000000000000000000000000000000000000000000000000000000000000000000"
565663,565087,6,576,"3002ee82e708"
565670,565094,88,576,"842f8df2ce842f8df2d883010b3694cce9d3f392c135dc038b147ca73ec496f7f89d938084183ff085c000000000000000000000000000000000000000000000000000000000000000000000000000000000000000000000"
565758,565310,21,448,"013b02f9013782e70880842f8df2ce842f8df2d883"
565782,565334,22,448,"94272e156df8da513c69cb41cc7a99185d53f926bb87"
565804,509041,7,56763,"071afd498d0000"
565811,565363,51,448,"b90104a8c9ed67000000000000000000000000e5d7c2a44ffddf6b295a15c148167daaaf5cf34f000000000000000000000000"
565862,535160,51,30702,"7d43aabc515c356145049227cee54b608342c0ad00000000000000000000000000000000000000000000000000000000000000"
565914,557707,13,8207,"000000000000000000000000b1"
565946,565498,31,448,"0000000000000000000000000000000000000000000000000000000064fa89"
565978,509016,32,56962,"00000000000000000000000000000000000000000000000000071afd498d0000"
566010,561670,25,4340,"0000000000000000000000000000000000000000000000002d"
566042,565594,68,448,"0000000000000000000000000000000000000000000000000000000000000000c00000000000000000000000000000000000000000000000000000000000000000000000"
566112,545216,3,20896,"02f902"
566116,565764,3,352,"82e708"
566120,565768,11,352,"842f8df2ce842f8df2d883"
566133,506613,22,59520,"1a9480e38291e06339d10aab483c65695d004dbd5c69"
566155,563205,3,2950,"80b902"
566158,533369,62,32789,"642cc4081e000000000000000000000000000000000000000000000000000000000000006000000000000000000000000000000000000000000000000000"
566227,506715,31,59512,"0000000000000000000000000000000000000000000000000000000064fab3"
566259,533470,151,32789,"0000000000000000000000000000000000000000000000000000000000000001000000000000000000000000000000000000000000000000000000000000002000000000000000000000000000000000000000000000000000000000000000600000000000000000000000007d43aabc515c356145049227cee54b608342c0ad0000000000000000000000000000000000000000000000"
566418,533629,256,32789,"00000000000000000000000000000000000000000000000000000000000000000100000000000000000000000000000000000000000000000000000000000000200000000000000000000000007f72e0d8e9abf9133a92322b8b50bd8e0f9dcfcb00000000000000000000000000000000000000000000000000000000000000800000000000000000000000000000000000000000000000000000000000000000000000000000000000000000000000000000000000000000000000000000010000000000000000000000000000000000000000000000000000000000000000600000000000000000000000007d43aabc515c356145049227cee54b608342c0"
566418,533629,13,32789,"00000000000000000000000000"
566707,566578,64,129,"00000000000000000000000000000000000000000000000000000000000000010000000000000000000000000000000000000000000000000000000000000000"
566771,541939,44,24832,"c000000000000000000000000000000000000000000000000000000000000000000000000000000000000001"
566815,565759,167,1056,"3b02f9013782e70880842f8df2ce842f8df2d883032d9f94272e156df8da513c69cb41cc7a99185d53f926bb87071afd498d0000b90104a8c9ed67000000000000000000000000e5d7c2a44ffddf6b295a15c148167daaaf5cf34f0000000000000000000000007d43aabc515c356145049227cee54b608342c0ad0000000000000000000000000000000000000000000000000000000000000028000000000000000000000000"
566982,512888,20,54094,"1011d91f541332d6c308513fd77a7d2c4bcf7dcd"
567002,565946,164,1056,"0000000000000000000000000000000000000000000000000000000064fa894100000000000000000000000000000000000000000000000000071afd498d00000000000000000000000000000000000000000000000000002d9e4f3e121b282b0000000000000000000000000000000000000000000000000000000000000000c00000000000000000000000000000000000000000000000000000000000000000000000"
567166,565662,7,1504,"003002ee82e708"
567173,520487,4,46686,"06842f8d"
567177,565673,85,1504,"f2ce842f8df2d883010b3694cce9d3f392c135dc038b147ca73ec496f7f89d938084183ff085c000000000000000000000000000000000000000000000000000000000000000000000000000000000000000000000"
567264,566112,3,1152,"02f902"
567268,565090,15,2178,"82e70804842f8df2ce842f8df2d883"
567286,566134,21,1152,"9480e38291e06339d10aab483c65695d004dbd5c69"
567314,566866,2,448,"00b9"
567316,566157,61,1159,"02642cc4081e00000000000000000000000000000000000000000000000000000000000000600000000000000000000000000000000000000000000000"
567386,566227,31,1159,"0000000000000000000000000000000000000000000000000000000064fab3"
567418,566259,108,1159,"000000000000000000000000000000000000000000000000000000000000000100000000000000000000000000000000000000000000000000000000000000200000000000000000000000000000000000000000000000000000000000000060000000000000000000000000"
567526,567525,45,1,"000000000000000000000000000000000000000000000000000000000000000000000000000000000000000000"
567571,567308,7,263,"47e284055d0800"
567578,566419,236,1159,"000000000000000000000000000000000000000000000000000000000000000100000000000000000000000000000000000000000000000000000000000000200000000000000000000000007f72e0d8e9abf9133a92322b8b50bd8e0f9dcfcb0000000000000000000000000000000000000000000000000000000000000080000000000000000000000000000000000000000000000000000000000000000000000000000000000000000000000000000000000000000000000000000001000000000000000000000000000000000000000000000000000000000000000060000000000000000000000000"
567814,566886,32,928,"e5d7c2a44ffddf6b295a15c148167daaaf5cf34f000000000000000000000000"
567846,549512,20,18334,"2c9947b165e0c718a3cbf7d39e8e80d79cc9f5d9"
567866,508315,99,59551,"00000000000000000000000000000000000000000000000000000000000000020000000000000000000000000000000000000000000000000000000000000000c000000000000000000000000000000000000000000000000000000000000000000000"
567965,555357,8,12608,"00003202f082e708"
567973,566823,4,1150,"80842f8d"
567977,555369,11,12608,"8815842f8d881f82520894"
568014,514377,3,53637,"800080"
568017,538513,46,29504,"c0000000000000000000000000000000000000000000000000000000000000000000000000000000000000000001"
568063,566815,12,1248,"3b02f9013782e70880842f8d"
568075,555723,9,12352,"8815842f8d881f8303"
568086,566838,80,1248,"94272e156df8da513c69cb41cc7a99185d53f926bb87071afd498d0000b90104a8c9ed67000000000000000000000000e5d7c2a44ffddf6b295a15c148167daaaf5cf34f000000000000000000000000"
568166,565414,50,2752,"eb466342c4d449bc9f53a865d5cb90586f405215000000000000000000000000000000000000000000000000000000000000"
568218,563048,13,5170,"0000000000000000000000001d"
568250,565498,57,2752,"0000000000000000000000000000000000000000000000000000000064fa894d00000000000000000000000000000000000000000000000000"
568307,567059,31,1248,"071afd498d0000000000000000000000000000000000000000000000000000"
568338,567962,7,376,"00000000003202"
568346,567898,69,448,"0000000000000000000000000000000000000000000000000000000000000000c0000000000000000000000000000000000000000000000000000000000000000000000000"
568415,541119,10,27296,"7102f86e82e70805842f"
568425,567976,9,449,"8d8815842f8d881f82"
568437,568134,20,303,"e5d7c2a44ffddf6b295a15c148167daaaf5cf34f"
568457,555593,64,12864,"80b844095ea7b3000000000000000000000000438670d41d5118003b2f42cc0466fbadd760dbf400000000000000000000000000000000000000000000000000"
568521,542163,7,26358,"470de4df820000"
568529,555313,52,13216,"000000000000000000000000000000000000000000000000000000000000000000000000000000000000000000003202f082e708"
568581,541286,3,27295,"16842f"
568584,567976,12,608,"8d8815842f8d881f82520894"
568623,568015,48,608,"0080c0000000000000000000000000000000000000000000000000000000000000000000000000000000000000000001"
568671,556575,8,12096,"3302f9012f82e708"
568679,545223,3,23456,"02842f"
568685,568680,4,5,"842f8b80"
568690,556594,128,12096,"827e5494d1a3abf42f9e66be86cfdea8c5c2c74f041c5e1480b901045b7d7482000000000000000000000000000000000000000000000000000000000000004000000000000000000000000000000000000000000000000000000000000000a00000000000000000000000000000000000000000000000000000000000000040"
568822,505956,3,62866,"623666"
568828,544794,3,24034,"393835"
568831,545112,3,23719,"653830"
568847,556527,3,12320,"636430"
568851,544785,3,24066,"396338"
568854,522139,3,46715,"306530"
568860,521692,3,47168,"396436"
568870,544783,3,24087,"376639"
568876,520198,3,48678,"663336"
568882,568786,32,96,"0000000000000000000000000000000000000000000000000000000000000040"
568914,522166,3,46748,"363535"
568918,545056,3,23862,"353433"
568921,556763,3,12158,"316430"
568928,545015,3,23913,"316665"
568933,568928,3,5,"316665"
568941,521695,3,47246,"343230"
568944,531493,3,37451,"393335"
568957,540632,3,28325,"383836"
568963,568959,3,4,"363632"
568970,545019,3,23951,"323233"
568974,505943,3,63031,"383965"
568978,556530,45,12448,"c00000000000000000000000000000000000000000000000000000000000000000000000000000000000000001"
569024,568672,3,352,"02f901"
569028,568068,6,960,"82e70880842f"
569034,568682,8,352,"8b807f842f8b8089"
569042,542386,3,26656,"8303a5"
569046,542390,21,26656,"94c9b753d73b17ddb5e87093ff04a9e31845a43af0"
569074,542419,38,26655,"b90124126928c400000000000000000000000000000000000000000000000000000000000000"
569113,542458,96,26655,"000000000000000000000000000000000000000000000000000000000000006000000000000000000000000000000000000000000000000000000000000000a00000000000000000000000000000000000000000000000000000000000000014"
569229,542574,102,26655,"000000000000000000000000000000000000000000000000000000000000000000000000000000000000005600020000000000000000000000000000000000000000000000000000000000030d40000000000000000000000000000000000000000000000000"
569331,568306,8,1025,"00071afd498d0000"
569339,569209,30,130,"8590cb03d394974f2b0fa761c5e72af48e30013b00000000000000000000"
569370,565050,43,4320,"000000000000000000000000000000000000000000000000000000000000000000000000003002ee82e708"
569414,546091,3,23323,"842e15"
569419,569414,4,5,"842e1507"
569424,565680,79,3744,"83010b3694cce9d3f392c135dc038b147ca73ec496f7f89d938084183ff085c00000000000000000000000000000000000000000000000000000000000000000000000000000000000000000000001"
569503,568671,8,832,"3302f9012f82e708"
569512,569419,3,93,"842e15"
569517,569512,4,5,"842e156f"
569522,568690,128,832,"827e5494d1a3abf42f9e66be86cfdea8c5c2c74f041c5e1480b901045b7d7482000000000000000000000000000000000000000000000000000000000000004000000000000000000000000000000000000000000000000000000000000000a00000000000000000000000000000000000000000000000000000000000000040"
569654,506025,3,63629,"353234"
569660,520302,3,49358,"613964"
569673,568968,3,705,"386332"
569687,544769,3,24918,"656537"
569701,556478,4,13223,"32316232"
569705,522065,3,47640,"326666"
569708,556871,3,12837,"653532"
569713,505969,33,63744,"360000000000000000000000000000000000000000000000000000000000000040"
569748,506012,3,63736,"623630"
569751,569669,3,82,"643233"
569754,556852,4,12902,"39363762"
569761,544806,3,24955,"616133"
569764,556869,3,12895,"656565"
569767,505436,3,64331,"316133"
569770,540636,3,29134,"363238"
569779,545134,3,24645,"323234"
569782,522170,3,47612,"383064"
569785,521823,3,47962,"626465"
569791,556863,3,12928,"363236"
569794,556497,3,13297,"613862"
569797,556414,3,13383,"643134"
569802,545131,3,24671,"376462"
569810,522194,98,47616,"c000000000000000000000000000000000000000000000000000000000000000000000000000000000000000010df9010a01842aea5400829d78940872ec4426103482a50f26ffc32acefcec61b3c980b8e4f242432a000000000000000000000000"
569908,561352,20,8556,"82e9cf4869653e8d9d9e07d3156b137e87861187"
569928,522632,256,47296,"000000000000000000000000aec3cacef9457ff2821d9f85429ce3d90b0014590000000000000000000000000000000000000000000000000000000000000005000000000000000000000000000000000000000000000000000000000000000100000000000000000000000000000000000000000000000000000000000000a00000000000000000000000000000000000000000000000000000000000000000000000000000000000000000000000000000000000000000000000000000000082e708808000000000000000000000000000000000000000000000000000000000000000000000000000000000000000000000000000010df9010a01842aea54"
569928,522632,44,47296,"000000000000000000000000aec3cacef9457ff2821d9f85429ce3d90b001459000000000000000000000000"
570228,561372,20,8856,"ff0bc8f08aad3633c9eebd1298462ecb1cfcd3d8"
570248,569928,256,320,"000000000000000000000000aec3cacef9457ff2821d9f85429ce3d90b0014590000000000000000000000000000000000000000000000000000000000000005000000000000000000000000000000000000000000000000000000000000000100000000000000000000000000000000000000000000000000000000000000a00000000000000000000000000000000000000000000000000000000000000000000000000000000000000000000000000000000000000000000000000000000082e708808000000000000000000000000000000000000000000000000000000000000000000000000000000000000000000000000000010df9010a01842aea54"
570248,569928,44,320,"000000000000000000000000aec3cacef9457ff2821d9f85429ce3d90b001459000000000000000000000000"
570548,561332,20,9216,"37413b5fd8edefb6d11e15114e98604815e1490f"
570568,558024,256,12544,"000000000000000000000000aec3cacef9457ff2821d9f85429ce3d90b0014590000000000000000000000000000000000000000000000000000000000000005000000000000000000000000000000000000000000000000000000000000000100000000000000000000000000000000000000000000000000000000000000a00000000000000000000000000000000000000000000000000000000000000000000000000000000000000000000000000000000000000000000000000000000082e70880800000000000000000000000000000000000000000000000000000000000000000000000000000000000000000000000000001eff901ec80842aea54"
570568,558024,225,12544,"000000000000000000000000aec3cacef9457ff2821d9f85429ce3d90b0014590000000000000000000000000000000000000000000000000000000000000005000000000000000000000000000000000000000000000000000000000000000100000000000000000000000000000000000000000000000000000000000000a00000000000000000000000000000000000000000000000000000000000000000000000000000000000000000000000000000000000000000000000000000000082e708808000000000000000000000000000000000000000000000000000000000"
571050,560650,160,10400,"00000000000000000000000000000000000000000000000000000000000000000000000000000000000000000000000000000000000000000000000000000005000000000000000000000000000000000000000000000000000000000000000000000000000000000000000000000000000000000000000000000000000001400000000000000000000000000000000000000000000000000000000000000041"
571273,548905,85,22368,"6c1c0000000000000000000000000000000000000000000000000000000000000082e70880800000000000000000000000000000000000000000000000000000000000000000000000000000000000000000000000"
571358,523198,235,48160,"01eff901ec80842aea540083015f90940872ec4426103482a50f26ffc32acefcec61b3c980b901c4d4dfd6bc0000000000000000000000000000000000000000000000000000000000000000000000000000000000000000000000000000000000000000000000000000000000000000000000000000000000000000000000000000000000000000000000000000000000000000000000000000000000000000000000000000000000000001000000000000000000000000000000000000000000000000000000000000000100000000000000000000000000000000000000000000000000000000651418"
571594,548682,161,22912,"0000000000000000000000000000000000000000000000000000000000000000000000000000000000000000000000000000000000000000000000000000000500000000000000000000000000000000000000000000000000000000000000000000000000000000000000000000000000000000000000000000000000000140000000000000000000000000000000000000000000000000000000000000004165"
571786,571752,2,34,"0041"
571818,548906,87,22912,"1c0000000000000000000000000000000000000000000000000000000000000082e70880800000000000000000000000000000000000000000000000000000000000000000000000000000000000000000000000002ceb"
571906,560322,9,11584,"842aea540082520894"
571935,524511,116,47424,"865af3107a40008082e7088080000000000000000000000000000000000000000000000000000000000000000000000000000000000000000000000000000000ecf8ea01842aea5400829b28940872ec4426103482a50f26ffc32acefcec61b3c980b8c4f242432a000000000000000000000000"
572051,561452,32,10599,"b4dfff5516dbaf2c82df3f4adbbff1e9379b88e4000000000000000000000000"
572083,524659,204,47424,"01e4a663fffaf1430d3a36588b2c14b72231d8b40000000000000000000000000000000000000000000000000000000000000005000000000000000000000000000000000000000000000000000000000000000100000000000000000000000000000000000000000000000000000000000000a0000000000000000000000000000000000000000000000000000000000000000082e7088080000000000000000000000000000000000000000000000000000000000000000000000000000000000000000000000000000000"
572287,560223,12,12064,"2ceb4d842aea540082520894"
572319,571935,64,384,"865af3107a40008082e7088080000000000000000000000000000000000000000000000000000000000000000000000000000000000000000000000000000000"
572383,524863,4,47520,"2eed8202"
572388,572290,9,98,"842aea540082520894"
572417,524897,94,47520,"8654953ff6d0008082e7088080000000000000000000000000000000000000000000000000000000000000000000000000000000000000000000000000000000000000000000000000000000000000000000000000000000000000000002"
572512,525012,20,47500,"45a318273749d6eb00f5f6ca3bc7cd3de26d642a"
572532,572512,20,20,"45a318273749d6eb00f5f6ca3bc7cd3de26d642a"
572572,560992,20,11580,"b8ff877ed78ba520ece21b1de7843a8a57ca47cb"
572592,525112,20,47480,"e93685f3bba03016f02bd1828badd6195988d950"
572632,564980,20,7652,"3d391afffed2255a2dd00325c3a96a5a8e023ff8"
572692,565478,20,7214,"9e586e1ac1bb00a67fc25e1dbd35a2f5b8eb2eab"
572732,565926,20,6806,"b1cb55b33bfaf20d55b20df30741fab5e28d6afd"
572752,566687,20,6065,"7fa2a0db85e3dee05c6ada495391f8daf995acdf"
572772,566982,20,5790,"1011d91f541332d6c308513fd77a7d2c4bcf7dcd"
572812,567846,20,4966,"2c9947b165e0c718a3cbf7d39e8e80d79cc9f5d9"
572852,568230,20,4622,"1dd8bf4b97d1b8e034afcca66ed38d40fb2f5185"
572872,561152,20,11720,"d42aa370fcd06c683b7154ffa799a8e00ac0121e"
572892,561112,20,11780,"859e8a75af297726c506d297613af5bd396ff61c"
572932,569339,20,3593,"8590cb03d394974f2b0fa761c5e72af48e30013b"
572972,572952,20,20,"d428952b3d78072b3ea116405541c5ad68d5e66e"
572992,561352,40,11640,"82e9cf4869653e8d9d9e07d3156b137e87861187ff0bc8f08aad3633c9eebd1298462ecb1cfcd3d8"
573032,570548,20,2484,"37413b5fd8edefb6d11e15114e98604815e1490f"
573052,560331,20,12721,"bd427b3326458a257d4b550b5ed2e9943e7b647d"
573072,560235,20,12837,"3b86cc4429ad1a15726977815ad1a5035d08fbe4"
573092,525472,20,47620,"161dbc3f770dc97288eed3c864daba618a209a24"
573112,572051,20,1061,"b4dfff5516dbaf2c82df3f4adbbff1e9379b88e4"
573132,525452,20,47680,"b268e06dd9826e7c47c4b6bbc9f16df2d3bdc9ae"
573152,525512,56,47640,"01e4a663fffaf1430d3a36588b2c14b72231d8b4000000000000000000000000000000000000000000000000000000000000000000000000"
573208,567082,9,6126,"00000000000000002d"
573248,561536,31,11712,"0000000000000000000000000000000000000000000000000000000064fa84"
573280,568347,62,4933,"00000000000000000000000000000000000000000000000000000000000000c0000000000000000000000000000000000000000000000000000000000000"
573343,525919,32,47424,"0000000000000000000000000000000000000000000000000000000000000025"
573376,562656,31,10720,"00000000000000000000000000000000000000000000000000000000000027"
573408,550400,94,23008,"00000000000000000000000000000000000000000000000000000000000000180000000000000000000000000000000000000000000000000000000000000300000000000000000000000000000000000000000000000000000000000000"
573502,513470,64,60032,"036000000000000000000000000000000000000000000000000000000000000003c0000000000000000000000000000000000000000000000000000000000000"
573568,554990,31,18578,"00000000000000000000000000000000000000000000000000000000000009"
573600,535730,31,37870,"0000000000000000000000000000000000000000000000000000000000000a"
573632,561888,31,11744,"0000000000000000000000000000000000000000000000000000000000000b"
573664,556093,31,17571,"0000000000000000000000000000000000000000000000000000000000000e"
573696,562080,31,11616,"0000000000000000000000000000000000000000000000000000000000000f"
573728,573696,31,32,"0000000000000000000000000000000000000000000000000000000000000f"
573759,550687,32,23072,"8000000000000000000000000000000000000000000000000000000000000013"
573791,562143,32,11648,"0000000000000000000000000000000000000000000000000000000000000013"
573824,562208,31,11616,"00000000000000000000000000000000000000000000000000000000000015"
573855,561473,32,12382,"0000000000000000000000000000000000000000000000000000000000000016"
573888,550848,31,23040,"00000000000000000000000000000000000000000000000000000000000019"
573919,513791,63,60128,"0000000000000000000000000000000000000000000000000000000000000019a0000000000000000000000000000000000000000000000000000000000000"
573984,513856,63,60128,"0000000000000000000000000000000000000000000000000000000000001b600000000000000000000000000000000000000000000000000000000000001d"
574048,562464,31,11584,"0000000000000000000000000000000000000000000000000000000000001e"
574079,525855,32,48224,"c000000000000000000000000000000000000000000000000000000000000020"
574112,564282,31,9830,"00000000000000000000000000000000000000000000000000000000000023"
574143,564281,32,9862,"0000000000000000000000000000000000000000000000000000000000000023"
574176,574144,31,32,"00000000000000000000000000000000000000000000000000000000000023"
574208,562880,39,11328,"000000000000000000000000000000000000000000000000000000000000003602f482e70882ab"
574248,562920,16,11328,"8502040eba5285026b44df95825a3c94"
574284,562860,59,11424,"87354a6ba7a1800780c000000000000000000000000000000000000000000000000000000000000000000000000000000000003602f482e70882ab"
574344,574248,16,96,"8502040eba5285026b44df95825a3c94"
574380,574284,50,96,"87354a6ba7a1800780c000000000000000000000000000000000000000000000000000000000000000000000000000000000"
574430,563166,8,11264,"0232f9022f830306"
574438,517190,3,57248,"3a843a"
574444,563180,128,11264,"83048d9c94cb566e3b6934fa77258d68ea18e931fa75e1aaaa80b902046c459a2800000000000000000000000038de71124f7a447a01d67945a51edce9ff49125100000000000000000000000000000000000000000000000000000000000000800000000000000000000000000000000000000000000000000000000064fad9"
574573,551373,100,23200,"00000000000000000000000000000000000000000000000000000000000001400000000000000000000000000000000000000000000000000000000000000084704316e5000000000000000000000000000000000000000000000000000000000000006f"
574705,569177,32,5528,"0000000000000000000000000000000000000000000000000000000000000014"
574737,574673,63,64,"a3bff6519e716b0b479a48a3e1ebf774449f86fa7ba7bf1362930dfaece9f1f600000000000000000000000000000000000000000000000000000000000000"
574800,572203,29,2597,"0000000000000000000000000000000000000000000000000000000082"
574958,563694,88,11264,"1c00000000000000000000000000000000000000000000000000000000000082e708808000000000000000000000000000000000000000000000000000000000000000000000000000000000000000000392f9038f830305"
575047,574439,6,608,"843ad88e1183"
575053,563789,63,11264,"13f7c094a658742d33ebd2ce2f0bdff73515aa797fd161d980b90364252f7b0100000000000000000000000000000000000000000000000000000000000000"
575117,563853,64,11264,"00000000000000000000000045f1a95a4d3f3836523f5c83673c797f4d4d263b0000000000000000000000000000000000000000000000000000000000043238"
575181,563473,32,11708,"965b76bdec6e193347f103cb9ea805908d191a800a9d444d190fbf787b494e72"
575213,563473,63,11740,"965b76bdec6e193347f103cb9ea805908d191a800a9d444d190fbf787b494e7200000000000000000000000000000000000000000000000000000000000000"
575276,564012,71,11264,"c000000000000000000000000000000000000000000000000000000000000002740000000000000000000000004d73adb72bc3dd368966edd0f0b2148401a178e2000000000000"
575349,575115,2,234,"006e"
575371,564107,205,11264,"00b745f1a95a4d3f3836523f5c83673c797f4d4d263b0000000000000000000000000000000000000000000000000000000000000001000000000000000000000000000000000000000000000000000000000000000d000000000000000000000000000000000000000000000000000000000000000d000000000000000000000000000000000000000000000000000000000000000000000000000000000000000000000000000000000000000000000000000000000000000000000000000000000000000000000000000000"
575585,575551,25,34,"00000000000000000000000000000000000000000000000000"
575617,575549,27,68,"000000000000000000000000000000000000000000000000000000"
575648,573795,28,1853,"00000000000000000000000000000000000000000000000000000013"
575681,575518,58,163,"00000000000000000000000000000000000000000000000000000000000000000000000000000000000000000000000000000000000000000000"
575739,575675,31,64,"132e6a8eb90100000000000000000000000000000000000000000000000000"
575777,564513,96,11264,"00000000000000000000000000000000000000000000000000000000000001c000000000000000000000000000000000000000000000000000000000000002000000000000000000000000000000000000000000000000000000000000000014"
575873,512728,20,63145,"6232e78d54c4845c977fc9e11d7e61c5316d12d1"
575893,570704,106,5189,"000000000000000000000000000000000000000000000000000000000000000000000000000000000000000000000000000000000000000082e7088080000000000000000000000000000000000000000000000000000000000000000000000000000000000000000000"
576019,513693,4,62326,"00146000"
576027,574539,2,1488,"0080"
576033,576027,1,6,"00"
576045,566219,2,9826,"0035"
576052,550173,2,25879,"0081"
576060,576053,3,7,"811460"
576067,576060,3,7,"811460"
576074,576067,3,7,"811460"
576081,576074,3,7,"811460"
576088,576052,4,36,"00811460"
576103,576026,3,77,"600080"
576107,576094,5,13,"6084565b63"
576116,576103,9,13,"600080a16084565b63"
576129,576116,9,13,"600080a16084565b63"
576142,576129,9,13,"600080a16084565b63"
576155,576142,8,13,"600080a16084565b"
576164,576155,4,9,"600080a1"
576178,576164,3,14,"600080"
576186,538563,4,37623,"5082e708"
576192,573185,32,3007,"000000000000000000000000000000000000000000000000000000000000002d"
576226,576003,5,223,"843109cbb9"
576261,576178,3,83,"600080"
576264,572425,54,3839,"82e708808000000000000000000000000000000000000000000000000000000000000000000000000000000000000000000000000000"
576319,542367,3,33952,"5b02f9"
576323,542371,6,33952,"5782e7088084"
576329,576227,4,102,"3109cbb9"
576333,576003,7,330,"843109cbb98302"
576343,563060,20,13283,"1d0188c4b276a09366d05d6be06af61a73bc7535"
576369,568113,3,8256,"0000b9"
576378,569113,63,7265,"000000000000000000000000000000000000000000000000000000000000006000000000000000000000000000000000000000000000000000000000000000"
576442,534187,44,42255,"0000000000000000000000000000000000000000000000000000000000000120000000000000000000000000"
576486,575820,32,666,"0000000000000000000000000000000000000002000000000000000000000000"
576518,563021,20,13497,"176211869ca2b568f2a7d4ee941e073a821ee1ff"
576538,552101,20,24437,"eeeeeeeeeeeeeeeeeeeeeeeeeeeeeeeeeeeeeeee"
576558,539998,42,36560,"eeeeeeeeeeeeeeeeeeeeeeee000000000000000000000000000000000000000000000000000000000000"
576600,575838,34,762,"00020000000000000000000000000000000000000000000000000000000000000000"
576634,572447,64,4187,"00000000000000000000000000000000000000000000000000000000000000000000000000000000000000000000000000000000000000000000000000000002"
576698,554826,63,21872,"000000000000000000000000000000000000000000000000000000000000004000000000000000000000000000000000000000000000000000000000000001"
576762,576748,12,14,"000000000000000000000000"
576794,576378,94,416,"000000000000000000000000000000000000000000000000000000000000006000000000000000000000000000000000000000000000000000000000000000c0000000000000000000000000000000000000000000000000000000000000"
576888,576696,3,192,"000200"
576892,576875,14,17,"0000000000000000000000000000"
576907,554617,15,22290,"ffffffffffffffffffffffffffffff"
576924,576892,30,32,"00000000000000000000000000007fffffffffffffffffffffffffffffff"
576954,571625,95,5329,"0000000000000000000000000000000000000000000000000000000000000000050000000000000000000000000000000000000000000000000000000000000000000000000000000000000000000000000000000000000000000000000000"
577049,569144,64,7905,"6000000000000000000000000000000000000000000000000000000000000000a000000000000000000000000000000000000000000000000000000000000000"
577114,576890,16,224,"00010000000000000000000000000000"
577130,520740,13,56390,"fffffffffffffffffffffffffc"
577146,568346,69,8800,"0000000000000000000000000000000000000000000000000000000000000000c0000000000000000000000000000000000000000000000000000000000000000000000000"
577215,565183,7,12032,"5102f84e82e708"
577223,554692,5,22531,"843105c7de"
577228,554531,7,22697,"843105c7de8301"
577264,577203,12,61,"000000000000000000000000"
577276,512748,20,64528,"786c772c1b232c927d244ce96bbf36b98847c5c1"
577297,577003,46,294,"00000000000000000000000000000000000000000000000000000000000000000000000000000000000000000000"
577346,556580,5,20766,"82e7080b84"
577351,577224,10,127,"3105c7de843105c7de83"
577392,574635,2,2757,"0084"
577399,576279,40,1120,"00000000000000000000000000000000000000000000000000000000000000000000000000000003"
577453,576342,21,1111,"941d0188c4b276a09366d05d6be06af61a73bc7535"
577474,575077,3,2397,"80b903"
577477,576373,256,1104,"24d3115a8a000000000000000000000000000000000000000000000000000000000000006000000000000000000000000000000000000000000000000000000000000000c000000000000000000000000000000000000000000000000000000000000001200000000000000000000000000000000000000000000000000000000000000002000000000000000000000000176211869ca2b568f2a7d4ee941e073a821ee1ffeeeeeeeeeeeeeeeeeeeeeeeeeeeeeeeeeeeeeeeeeeeeeeeeeeeeeeeeeeeeeeee0000000000000000000000000000000000000000000000000000000000000002000000000000000000000000000000000000000000000000000000"
577477,576373,2,1104,"24d3"
577738,576634,256,1104,"0000000000000000000000000000000000000000000000000000000000000000000000000000000000000000000000000000000000000000000000000000000200000000000000000000000000000000000000000000000000000000000000400000000000000000000000000000000000000000000000000000000000000120000000000000000000000000e2c67a9b15e9e7ff8a9cb0dfb8fee5609923e5db000000000000000000000000000000000000000000000000000000000000006000000000000000000000000000000000000000000000000000000000000000c00000000000000000000000000000000000000000000000000000000000000002"
577738,576634,1,1104,"00"
577995,576923,31,1072,"0200000000000000000000000000007fffffffffffffffffffffffffffffff"
578027,576891,31,1136,"0100000000000000000000000000007fffffffffffffffffffffffffffffff"
578058,576954,160,1104,"00000000000000000000000000000000000000000000000000000000000000000500000000000000000000000000000000000000000000000000000000000000000000000000000000000000000000000000000000000000000000000000006000000000000000000000000000000000000000000000000000000000000000a00000000000000000000000000000000000000000000000000000000000000001"
578219,577115,24,1104,"010000000000000000000000000000ffffffffffffffffff"
578250,572199,85,6051,"000000000000000000000000000000000000000000000000000000000000000082e7088080000000000000000000000000000000000000000000000000000000000000000000000000000000000000000000000000"
578339,577444,5,895,"843103f0b4"
578368,568457,3,9911,"80b844"
578375,573970,13,4405,"0000000000000000000000001a"
578404,578386,1,18,"00"
578407,578186,32,221,"0000000000000000000000000000000000000000000000000000000000000001"
578439,560359,56,18080,"82e7088080000000000000000000000000000000000000000000000000000000000000000000000000000000000000000000000000000001"
578495,566815,167,11680,"3b02f9013782e70880842f8df2ce842f8df2d883032d9f94272e156df8da513c69cb41cc7a99185d53f926bb87071afd498d0000b90104a8c9ed67000000000000000000000000e5d7c2a44ffddf6b295a15c148167daaaf5cf34f0000000000000000000000007d43aabc515c356145049227cee54b608342c0ad0000000000000000000000000000000000000000000000000000000000000028000000000000000000000000"
578682,567002,89,11680,"0000000000000000000000000000000000000000000000000000000064fa894100000000000000000000000000000000000000000000000000071afd498d00000000000000000000000000000000000000000000000000002d"
578778,556154,77,22624,"0000000000000000000000000000000000000000000000000000000000000000c00000000000000000000000000000000000000000000000000000000000000000000000013302f9012f82e708"
578855,568679,139,10176,"02842f8b807f842f8b8089827e5494d1a3abf42f9e66be86cfdea8c5c2c74f041c5e1480b901045b7d7482000000000000000000000000000000000000000000000000000000000000004000000000000000000000000000000000000000000000000000000000000000a00000000000000000000000000000000000000000000000000000000000000040"
578995,545016,3,33979,"666532"
579001,569765,3,9236,"656531"
579006,521684,3,57322,"333737"
579010,556377,3,22633,"396335"
579019,544709,3,34310,"346632"
579022,520289,3,58733,"633931"
579025,569782,3,9243,"383064"
579033,568835,3,10198,"303730"
579038,521737,3,57301,"303038"
579043,569668,3,9375,"656432"
579046,556829,3,22217,"636662"
579058,578962,32,96,"0000000000000000000000000000000000000000000000000000000000000040"
579090,556413,3,22677,"306431"
579096,569807,3,9289,"313862"
579107,556733,4,22374,"34616138"
579111,522154,3,56957,"386334"
579115,568917,3,10198,"653534"
579123,520235,3,58888,"323664"
579132,556781,3,22351,"633437"
579136,522186,3,56950,"373539"
579139,520335,3,58804,"653934"
579154,545170,53,33984,"c000000000000000000000000000000000000000000000000000000000000000000000000000000000000000027402f9027082e708"
579208,569032,12,10176,"842f8b807f842f8b80898303"
579222,554701,60,24521,"94f82537fb6c56a3b50092d3951f84f5f6c835b4f580b902445ae401dc0000000000000000000000000000000000000000000000000000000064fa85"
579283,554762,176,24521,"000000000000000000000000000000000000000000000000000000000000004000000000000000000000000000000000000000000000000000000000000000020000000000000000000000000000000000000000000000000000000000000040000000000000000000000000000000000000000000000000000000000000016000000000000000000000000000000000000000000000000000000000000000e404e45aaf000000000000000000000000"
579459,534840,32,44619,"a219439258ca9da29e9cc4ce5596924745e12b93000000000000000000000000"
579491,554970,113,24521,"e5d7c2a44ffddf6b295a15c148167daaaf5cf34f00000000000000000000000000000000000000000000000000000000000009c400000000000000000000000000000000000000000000000000000000000000020000000000000000000000000000000000000000000000000000000000"
579607,578744,27,863,"00000000000000000000000000000000000000000000000000002d"
579639,555118,121,24521,"000000000000000000000000000000000000000000000000000000000000000000000000000000000000000000000000000000000000000000000000000000000000000000000000000000000000000000000000000000000000004449404b7c00000000000000000000000000000000000000000000000000"
579760,579632,19,128,"002d2dc9225f6f000000000000000000000000"
579799,565236,72,14563,"00000000000000000000000000000000000000000000000000000000c000000000000000000000000000000000000000000000000000000000000000000000000000000000000000"
579871,568415,7,11456,"7102f86e82e708"
579878,578855,12,1023,"02842f8b807f842f8b808982"
579892,563020,40,16872,"94176211869ca2b568f2a7d4ee941e073a821ee1ff80b844095ea7b3000000000000000000000000"
579932,533190,48,46742,"80e38291e06339d10aab483c65695d004dbd5c6900000000000000000000000000000000000000000000000000000000"
579980,538509,49,41471,"2d0df155c00000000000000000000000000000000000000000000000000000000000000000000000000000000000000000"
580029,577213,9,2816,"00005102f84e82e708"
580044,580039,4,5,"842e14cb"
580051,573629,2,6422,"000a"
580080,527897,13,52183,"000000000000000000000000d5"
580093,580091,1,2,"00"
580112,557904,100,22208,"c0000000000000000000000000000000000000000000000000000000000000000000000000000000000000000000010df9010a01842aea5400829d78940872ec4426103482a50f26ffc32acefcec61b3c980b8e4f242432a000000000000000000000000"
580212,573072,20,7140,"3b86cc4429ad1a15726977815ad1a5035d08fbe4"
580232,547112,256,33120,"000000000000000000000000aec3cacef9457ff2821d9f85429ce3d90b0014590000000000000000000000000000000000000000000000000000000000000005000000000000000000000000000000000000000000000000000000000000000100000000000000000000000000000000000000000000000000000000000000a00000000000000000000000000000000000000000000000000000000000000000000000000000000000000000000000000000000000000000000000000000000082e70880800000000000000000000000000000000000000000000000000000000000000000000000000000000000000000000000000001eff901ec80842aea54"
580232,547112,225,33120,"000000000000000000000000aec3cacef9457ff2821d9f85429ce3d90b0014590000000000000000000000000000000000000000000000000000000000000005000000000000000000000000000000000000000000000000000000000000000100000000000000000000000000000000000000000000000000000000000000a00000000000000000000000000000000000000000000000000000000000000000000000000000000000000000000000000000000000000000000000000000000082e708808000000000000000000000000000000000000000000000000000000000"
580714,571594,160,9120,"00000000000000000000000000000000000000000000000000000000000000000000000000000000000000000000000000000000000000000000000000000005000000000000000000000000000000000000000000000000000000000000000000000000000000000000000000000000000000000000000000000000000001400000000000000000000000000000000000000000000000000000000000000041"
580938,559274,85,21664,"1b0000000000000000000000000000000000000000000000000000000000000082e7088080000000000000000000000000000000000000000000000000000000000000000000000000000000000000000000000001"
581023,580159,53,864,"0df9010a01842aea5400829d78940872ec4426103482a50f26ffc32acefcec61b3c980b8e4f242432a000000000000000000000000"
581076,573052,20,8024,"bd427b3326458a257d4b550b5ed2e9943e7b647d"
581096,580232,256,864,"000000000000000000000000aec3cacef9457ff2821d9f85429ce3d90b0014590000000000000000000000000000000000000000000000000000000000000005000000000000000000000000000000000000000000000000000000000000000100000000000000000000000000000000000000000000000000000000000000a00000000000000000000000000000000000000000000000000000000000000000000000000000000000000000000000000000000000000000000000000000000082e70880800000000000000000000000000000000000000000000000000000000000000000000000000000000000000000000000000001eff901ec80842aea54"
581096,580232,225,864,"000000000000000000000000aec3cacef9457ff2821d9f85429ce3d90b0014590000000000000000000000000000000000000000000000000000000000000005000000000000000000000000000000000000000000000000000000000000000100000000000000000000000000000000000000000000000000000000000000a00000000000000000000000000000000000000000000000000000000000000000000000000000000000000000000000000000000000000000000000000000000082e708808000000000000000000000000000000000000000000000000000000000"
581578,580714,160,864,"00000000000000000000000000000000000000000000000000000000000000000000000000000000000000000000000000000000000000000000000000000005000000000000000000000000000000000000000000000000000000000000000000000000000000000000000000000000000000000000000000000000000001400000000000000000000000000000000000000000000000000000000000000041"
581802,559274,97,22528,"1b0000000000000000000000000000000000000000000000000000000000000082e7088080000000000000000000000000000000000000000000000000000000000000000000000000000000000000000000000001eff901ec80842aea54008301"
581901,560429,220,21472,"940872ec4426103482a50f26ffc32acefcec61b3c980b901c4d4dfd6bc0000000000000000000000000000000000000000000000000000000000000000000000000000000000000000000000000000000000000000000000000000000000000000000000000000000000000000000000000000000000000000000000000000000000000000000000000000000000000000000000000000000000000001000000000000000000000000000000000000000000000000000000000000000100000000000000000000000000000000000000000000000000000000652211"
582122,581578,160,544,"00000000000000000000000000000000000000000000000000000000000000000000000000000000000000000000000000000000000000000000000000000005000000000000000000000000000000000000000000000000000000000000000000000000000000000000000000000000000000000000000000000000000001400000000000000000000000000000000000000000000000000000000000000041"
582324,582117,2,207,"0065"
582328,575575,2,6753,"0021"
582346,581802,84,544,"1b0000000000000000000000000000000000000000000000000000000000000082e70880800000000000000000000000000000000000000000000000000000000000000000000000000000000000000000000000"
582430,524382,13,58048,"002ceb4f842aea540082520894"
582463,524319,76,58144,"865af3107a40008082e70880800000000000000000000000000000000000000000000000000000000000000000000000000000000000000000000000000000002ceb4f842aea540082520894"
582559,582463,76,96,"865af3107a40008082e70880800000000000000000000000000000000000000000000000000000000000000000000000000000000000000000000000000000002ceb4f842aea540082520894"
582655,549215,95,33440,"865af3107a40008082e708808000000000000000000000000000000000000000000000000000000000000000000000000000000000000000000000000000000000000000000000000000000000000000000000000000000000000000000000"
582752,572512,40,10240,"45a318273749d6eb00f5f6ca3bc7cd3de26d642a45a318273749d6eb00f5f6ca3bc7cd3de26d642a"
582792,572572,40,10220,"b8ff877ed78ba520ece21b1de7843a8a57ca47cbe93685f3bba03016f02bd1828badd6195988d950"
582852,576235,20,6617,"02ec8af780b1a5a159a8b37be8a43cbb34e36e7a"
582872,549752,20,33120,"42601170d8cb28522671979bd89a708b93ac11b1"
582892,577276,20,5616,"786c772c1b232c927d244ce96bbf36b98847c5c1"
582932,561072,20,21860,"94e9dbee7f3bfdd887fedc8227b4b0c2cb69bf9e"
582955,582780,1,175,"00"
582972,578662,20,4310,"c75f2eaf9f0cc1bcc5ab628a12f20ba35bf82418"
583012,579779,20,3233,"fb0efcb02b94811fc32e6d6fcb3982c61f95a829"
583032,549452,20,33580,"2d318c186f321ff6e9e60fc3ec8798762c5cd76d"
583072,580212,20,2860,"3b86cc4429ad1a15726977815ad1a5035d08fbe4"
583092,571915,20,11177,"23014ee5e9297351a8ba16816653b11a51cc878a"
583112,581076,20,2036,"bd427b3326458a257d4b550b5ed2e9943e7b647d"
583132,572299,20,10833,"81a2928da93433dcae3b07599856fd8b18403997"
583152,572397,20,10755,"1ad8e2b7f3c8a9f5bea8781d293f01561125c3c3"
583172,549912,92,33260,"f269e8574583c27fe74b69b3f998a64efd8d0448c65347b43019f8f453d7b486d259fd6146da334e40082e6f1c15d2b27b3de80cb7ad04e9ed1219000000000000000000000000000000000000000000000000000000000000000000"
583296,573248,31,10048,"0000000000000000000000000000000000000000000000000000000064fa84"
583328,578779,62,4549,"00000000000000000000000000000000000000000000000000000000000000c0000000000000000000000000000000000000000000000000000000000000"
583392,583360,30,32,"000000000000000000000000000000000000000000000000000000000000"
583423,574304,32,9119,"0000000000000000000000000000000000000000000000000000000000000036"
583456,567450,62,16006,"0000000000000000000000000000000000000000000000000000000000000020000000000000000000000000000000000000000000000000000000000000"
583519,543515,32,40004,"0000000000000000000000000000000000000000000000000000000000000004"
583552,583520,31,32,"00000000000000000000000000000000000000000000000000000000000004"
583583,529496,32,54087,"c000000000000000000000000000000000000000000000000000000000000008"
583616,573600,31,10016,"0000000000000000000000000000000000000000000000000000000000000a"
583648,561888,62,21760,"0000000000000000000000000000000000000000000000000000000000000ba0000000000000000000000000000000000000000000000000000000000000"
583711,573663,32,10048,"200000000000000000000000000000000000000000000000000000000000000e"
583744,562080,94,21664,"0000000000000000000000000000000000000000000000000000000000000fa00000000000000000000000000000000000000000000000000000000000001100000000000000000000000000000000000000000000000000000000000000"
583840,573856,31,9984,"00000000000000000000000000000000000000000000000000000000000016"
583872,550784,31,33088,"00000000000000000000000000000000000000000000000000000000000017"
583904,562400,62,21504,"0000000000000000000000000000000000000000000000000000000000001c60000000000000000000000000000000000000000000000000000000000000"
583968,574048,31,9920,"0000000000000000000000000000000000000000000000000000000000001e"
583999,583807,31,192,"00000000000000000000000000000000000000000000000000000000000000"
584032,562496,31,21536,"0000000000000000000000000000000000000000000000000000000000001f"
584064,562560,62,21504,"0000000000000000000000000000000000000000000000000000000000002220000000000000000000000000000000000000000000000000000000000000"
584128,574176,31,9952,"00000000000000000000000000000000000000000000000000000000000023"
584159,551103,32,33056,"e000000000000000000000000000000000000000000000000000000000000026"
584192,573376,31,10816,"00000000000000000000000000000000000000000000000000000000000027"
584224,584192,31,32,"00000000000000000000000000000000000000000000000000000000000027"
584256,562720,62,21536,"0000000000000000000000000000000000000000000000000000000000002920000000000000000000000000000000000000000000000000000000000000"
584320,582593,31,1727,"0000000000000000000000000000000000000000000000000000000000002c"
584352,572353,31,11999,"0000000000000000000000000000000000000000000000000000000000002e"
584384,569377,31,15007,"00000000000000000000000000000000000000000000000000000000000030"
584416,557825,31,26591,"00000000000000000000000000000000000000000000000000000000000031"
584448,568545,31,15903,"00000000000000000000000000000000000000000000000000000000000032"
584480,584448,31,32,"00000000000000000000000000000000000000000000000000000000000032"
584512,574304,39,10208,"000000000000000000000000000000000000000000000000000000000000003602f482e70882ab"
584552,574344,16,10208,"8502040eba5285026b44df95825a3c94"
584588,574284,59,10304,"87354a6ba7a1800780c000000000000000000000000000000000000000000000000000000000000000000000000000000000003602f482e70882ab"
584648,584552,16,96,"8502040eba5285026b44df95825a3c94"
584684,584588,50,96,"87354a6ba7a1800780c000000000000000000000000000000000000000000000000000000000000000000000000000000000"
584734,577438,5,7296,"034ff9034c"
584745,577449,256,7296,"83027132941d0188c4b276a09366d05d6be06af61a73bc753580b90324d3115a8a000000000000000000000000000000000000000000000000000000000000006000000000000000000000000000000000000000000000000000000000000000c000000000000000000000000000000000000000000000000000000000000001200000000000000000000000000000000000000000000000000000000000000002000000000000000000000000176211869ca2b568f2a7d4ee941e073a821ee1ffeeeeeeeeeeeeeeeeeeeeeeeeeeeeeeeeeeeeeeeeeeeeeeeeeeeeeeeeeeeeeeee00000000000000000000000000000000000000000000000000000000000000"
584745,577449,29,7296,"83027132941d0188c4b276a09366d05d6be06af61a73bc753580b90324"
585034,577738,256,7296,"0000000000000000000000000000000000000000000000000000000000000000000000000000000000000000000000000000000000000000000000000000000200000000000000000000000000000000000000000000000000000000000000400000000000000000000000000000000000000000000000000000000000000120000000000000000000000000e2c67a9b15e9e7ff8a9cb0dfb8fee5609923e5db000000000000000000000000000000000000000000000000000000000000006000000000000000000000000000000000000000000000000000000000000000c00000000000000000000000000000000000000000000000000000000000000002"
585034,577738,249,7296,"0000000000000000000000000000000000000000000000000000000000000000000000000000000000000000000000000000000000000000000000000000000200000000000000000000000000000000000000000000000000000000000000400000000000000000000000000000000000000000000000000000000000000120000000000000000000000000e2c67a9b15e9e7ff8a9cb0dfb8fee5609923e5db000000000000000000000000000000000000000000000000000000000000006000000000000000000000000000000000000000000000000000000000000000c000000000000000000000000000000000000000000000000000"
585539,564830,2,20709,"00cd"
585546,581256,84,4290,"000000000000000000000000000000000000000000000000000000000000000082e70880800000000000000000000000000000000000000000000000000000000000000000000000000000000000000000000000"
585630,574430,8,11200,"0232f9022f830306"
585639,574439,133,11200,"843ad88e1183048d9c94cb566e3b6934fa77258d68ea18e931fa75e1aaaa80b902046c459a2800000000000000000000000038de71124f7a447a01d67945a51edce9ff49125100000000000000000000000000000000000000000000000000000000000000800000000000000000000000000000000000000000000000000000000064fad9"
585773,574573,99,11200,"00000000000000000000000000000000000000000000000000000000000001400000000000000000000000000000000000000000000000000000000000000084704316e500000000000000000000000000000000000000000000000000000000000000"
585905,575841,32,10064,"0000000000000000000000000000000000000000000000000000000000000014"
585937,585873,63,64,"8a56308391da8cd6c36bc57a57c08589db8e19d683d0e99e1803552eea1d239c00000000000000000000000000000000000000000000000000000000000000"
586000,585550,29,450,"0000000000000000000000000000000000000000000000000000000082"
586158,551758,81,34400,"1c00000000000000000000000000000000000000000000000000000000000082e7088080000000000000000000000000000000000000000000000000000000000000000000000000000000000000000000"
586239,564831,3,21408,"cdf8cb"
586243,564835,7,21408,"8435a4e9008303"
586252,564844,59,21408,"94bc7f67fa9c72f9fccf917cbcee2a50deb031462a80b8a45f4b9bde00000000000000000000000000000000000000000000000000000000000000"
586311,585774,30,537,"000000000000000000000000000000000000000000000000000000000001"
586343,586316,25,27,"00000000000000000000000000000000000000000000000001"
586376,564968,63,21408,"0000000000000000000000003d391afffed2255a2dd00325c3a96a5a8e023ff80000000000000000000000000000000000000000000000000000000064fa89"
586440,581288,55,5152,"82e70880800000000000000000000000000000000000000000000000000000000000000000000000000000000000000000000000000001"
586500,586243,6,257,"8435a4e90083"
586509,542006,22,44503,"94032b241de86a8660f1ae0691a4760b426ea246d787"
586531,564777,7,21754,"2386f26fc10000"
586538,542035,83,44503,"b9012475ceafe6000000000000000000000000000000000000000000000000000000000000002000000000000000000000000000000000000000000000000000000000000000a0000000000000000000000000"
586641,584133,26,2508,"0000000000000000000000000000000000000000000000000023"
586667,586532,6,135,"86f26fc10000"
586673,586672,29,1,"0000000000000000000000000000000000000000000000000000000000"
586704,567385,31,19319,"5e0000000000000000000000000000000000000000000000000000000064fa"
586737,542234,96,44503,"000000000000000000000000000000000000000000000000000000000000002be5d7c2a44ffddf6b295a15c148167daaaf5cf34f0001f4176211869ca2b568f2a7d4ee941e073a821ee1ff000000000000000000000000000000000000000000"
586833,586440,45,393,"82e708808000000000000000000000000000000000000000000000000000000000000000000000000000000000"
586878,557022,12,29856,"011b02f9011782e70880842f"
586892,521900,3,64992,"8b842f"
586902,557046,22,29856,"948731d54e9d02c286767d56ac03e8037c07e01e9888"
586932,557076,37,29856,"b8e41114cd2a00000000000000000000000000000000000000000000000000000000000000"
586970,586957,12,13,"000000000000000000000000"
587002,585450,56,1552,"00000000000000000000000000000000000000000000000000000000000000a0000000000000000000000000000000000000000000000000"
587066,587034,25,32,"00000000000000000000000000000000000000000000000002"
587098,585905,32,1193,"0000000000000000000000000000000000000000000000000000000000000014"
587130,586982,32,148,"ed826ce2c8a16ed83e504bd94d9f6f4262691850000000000000000000000000"
587162,578810,37,8352,"c0000000000000000000000000000000000000000000000000000000000000000000000001"
587199,586879,8,320,"1b02f9011782e708"
587208,586888,12,320,"842f912e8b842f912e958307"
587222,557046,23,30176,"948731d54e9d02c286767d56ac03e8037c07e01e988801"
587251,557075,51,30176,"96b8e41114cd2a000000000000000000000000000000000000000000000000000000000000006e000000000000000000000000"
587321,538738,57,48583,"ed00000000000000000000000000000000000000000000000000000000000000a0000000000000000000000000000000000000000000000000"
587385,587173,26,212,"0000000000000000000000000000000000000000000000000001"
587417,575840,33,11577,"000000000000000000000000000000000000000000000000000000000000000014"
587450,587302,32,148,"fe71606ff0d7ebbbeaed320a542290939d0703ed000000000000000000000000"
587482,587162,37,320,"c0000000000000000000000000000000000000000000000000000000000000000000000001"
587519,578495,11,9024,"3b02f9013782e70880842f"
587530,587210,9,320,"912e8b842f912e9583"
587541,587517,1,24,"00"
587542,578518,144,9024,"94272e156df8da513c69cb41cc7a99185d53f926bb87071afd498d0000b90104a8c9ed67000000000000000000000000e5d7c2a44ffddf6b295a15c148167daaaf5cf34f0000000000000000000000007d43aabc515c356145049227cee54b608342c0ad0000000000000000000000000000000000000000000000000000000000000028000000000000000000000000"
587706,586705,31,1001,"0000000000000000000000000000000000000000000000000000000064fa89"
587738,578714,133,9024,"00000000000000000000000000000000000000000000000000071afd498d00000000000000000000000000000000000000000000000000002da0a9d1f1764c5e0000000000000000000000000000000000000000000000000000000000000000c0000000000000000000000000000000000000000000000000000000000000000000000001"
587871,587519,21,352,"3b02f9013782e70880842f912e8b842f912e958303"
587894,587542,22,352,"94272e156df8da513c69cb41cc7a99185d53f926bb87"
587921,587569,53,352,"0000b90104a8c9ed67000000000000000000000000e5d7c2a44ffddf6b295a15c148167daaaf5cf34f000000000000000000000000"
587974,555978,51,31996,"176211869ca2b568f2a7d4ee941e073a821ee1ff00000000000000000000000000000000000000000000000000000000000000"
588026,545783,60,42243,"000000000000000000000000e821e4b24562b8f659dbd1997bd42c8e9b01a8cc00000000000000000000000000000000000000000000000000000000"
588086,587734,29,352,"64fa895900000000000000000000000000000000000000000000000000"
588115,587916,7,199,"415eb3d7de0000"
588122,587842,29,280,"0000000000000000000000000000000000000000000000000000000001"
588154,587802,68,352,"0000000000000000000000000000000000000000000000000000000000000000c00000000000000000000000000000000000000000000000000000000000000000000000"
588224,576320,3,11904,"02f903"
588228,544868,6,43360,"82e70808842f"
588234,587882,9,352,"912e8b842f912e9583"
588267,584770,3,3497,"80b903"
588271,542967,67,45304,"ac9650d8000000000000000000000000000000000000000000000000000000000000002000000000000000000000000000000000000000000000000000000000000000"
588339,567674,62,20665,"0000000000000000000000000000000000000000000000000000000000000080000000000000000000000000000000000000000000000000000000000000"
588402,534795,32,53607,"6000000000000000000000000000000000000000000000000000000000000002"
588435,588403,31,32,"00000000000000000000000000000000000000000000000000000000000002"
588467,588339,31,128,"00000000000000000000000000000000000000000000000000000000000000"
588503,573536,31,14967,"00000000000000000000000000000000000000000000000000000000000006"
588535,545861,27,42674,"000000000000000000000000000000000000000000000000000092"
588567,582129,57,6438,"000000000000000000000000000000000000000000000000000000000000000000000000000000000000000000000000000000000000000005"
588631,579251,31,9380,"0000000000000000000000000000000000000000000000000000000064fa85"
588663,586281,59,2382,"0000000000000000000000000000000000000000000000000000000000000000000000000000000000000000000000000000000000000000000000"
588727,588503,58,224,"000000000000000000000000000000000000000000000000000000000000068f0000000000000000000000000000000000000000000000000000"
588785,588784,22,1,"00000000000000000000000000000000000000000000"
588807,554616,16,34191,"ffffffffffffffffffffffffffffffff"
588823,588791,48,32,"00000000000000000000000000000000ffffffffffffffffffffffffffffffff00000000000000000000000000000000"
588871,579687,72,9184,"000000000000000000000000000000000000000000000000000000000000000000000000000000000000004449404b7c000000000000000000000000000000000000000000000000"
588943,588623,20,320,"054607fc96a5f934000000000000000000000000"
588983,588855,59,128,"0000000000000000000000000000000000000000000000000000000000000000000000000000000000000000000000000000000000000000000000"
589047,587962,63,1085,"000000000000000000000000176211869ca2b568f2a7d4ee941e073a821ee1ff00000000000000000000000000000000000000000000000000000000000000"
589110,578322,14,10788,"000000000000000000000000006c"
589124,588964,47,160,"325d0121bec268af0c44c30e428ace5d68551c00000000000000000000000000000000000000000000000000000000"
589171,566771,44,22400,"c000000000000000000000000000000000000000000000000000000000000000000000000000000000000001"
589215,578847,8,10368,"3302f9012f82e708"
589224,588232,10,992,"842f912e8b842f912e95"
589234,578866,128,10368,"827e5494d1a3abf42f9e66be86cfdea8c5c2c74f041c5e1480b901045b7d7482000000000000000000000000000000000000000000000000000000000000004000000000000000000000000000000000000000000000000000000000000000a00000000000000000000000000000000000000000000000000000000000000040"
589362,545159,3,44203,"373330"
589368,544718,3,44650,"336339"
589371,569788,3,19583,"356361"
589374,569680,5,19694,"3835396366"
589380,568840,3,20540,"663731"
589387,556875,3,32512,"373464"
589394,589384,3,10,"666434"
589399,556370,3,33029,"383031"
589402,544774,3,44628,"313436"
589406,568942,3,20464,"323039"
589410,545068,4,44342,"61336433"
589416,545053,3,44363,"623162"
589426,569714,33,19712,"000000000000000000000000000000000000000000000000000000000000004064"
589459,556839,3,32620,"373832"
589462,589416,3,46,"623162"
589469,528803,3,60666,"383532"
589472,569689,3,19783,"373735"
589477,531707,3,57770,"336338"
589482,545058,4,44424,"33373137"
589488,544790,3,44698,"363065"
589491,544768,3,44723,"346565"
589512,579109,4,10403,"61383863"
589516,556730,4,32786,"36353034"
589523,543503,44,46020,"0000000000000000000000000000000000000000000000000000000000000000000000000000000000000004"
589567,566111,3,23456,"9402f9"
589571,566115,4,23456,"9082e708"
589575,544871,4,44704,"08842f8d"
589579,578507,8,11072,"f2ce842f8df2d883"
589590,566134,23,23456,"9480e38291e06339d10aab483c65695d004dbd5c6980b9"
589619,584842,55,4777,"00000000000000000000000000000000000000000000000000000000000001200000000000000000000000000000000000000000000000"
589683,567386,31,22297,"0000000000000000000000000000000000000000000000000000000064fab3"
589715,579447,32,10268,"000000000000000000000000a219439258ca9da29e9cc4ce5596924745e12b93"
589747,554600,32,35147,"ffffffffffffffffffffffffffffffffffffffffffffffffffffffffffffffff"
589779,589683,31,96,"0000000000000000000000000000000000000000000000000000000064fab3"
589811,562399,32,27412,"000000000000000000000000000000000000000000000000000000000000001c"
589907,567418,108,22489,"000000000000000000000000000000000000000000000000000000000000000100000000000000000000000000000000000000000000000000000000000000200000000000000000000000000000000000000000000000000000000000000060000000000000000000000000"
590015,534840,48,55175,"a219439258ca9da29e9cc4ce5596924745e12b9300000000000000000000000000000000000000000000000000000000"
590067,579315,108,10752,"000000000000000000000000000000000000000000000000000000000000000200000000000000000000000000000000000000000000000000000000000000400000000000000000000000000000000000000000000000000000000000000160000000000000000000000000"
590195,567674,140,22521,"0000000000000000000000000000000000000000000000000000000000000080000000000000000000000000000000000000000000000000000000000000000000000000000000000000000000000000000000000000000000000000000001000000000000000000000000000000000000000000000000000000000000000060000000000000000000000000"
590335,590015,32,320,"a219439258ca9da29e9cc4ce5596924745e12b93000000000000000000000000"
590387,582674,76,7713,"00000000000000000000000000000000000000000000000000000000000000000000000000000000000000000000000000000000000000000000000000000000000000000000000000000000"
590463,590367,51,96,"4a1a485c5dd548c7c57e7f329442a78df5e5a24600000000000000000000000000000000000000000000000000000000000000"
590514,566546,141,23968,"800000000000000000000000000000000000000000000000000000000000000000000000000000000000000000000000000000000000000000000000000000010000000000000000000000000000000000000000000000000000000000000000600000000000000000000000007d43aabc515c356145049227cee54b608342c0ad000000000000000000000000"
590675,567866,101,22809,"00000000000000000000000000000000000000000000000000000000000000020000000000000000000000000000000000000000000000000000000000000000c0000000000000000000000000000000000000000000000000000000000000000000000000"
590776,568568,13,22208,"000000000000003202f082e708"
590790,589576,10,1214,"842f8df2ce842f8df2d8"
590800,582631,4,8169,"82520894"
590830,568014,49,22816,"800080c0000000000000000000000000000000000000000000000000000000000000000000000000000000000000000001"
590879,587199,8,3680,"1b02f9011782e708"
590888,590795,3,93,"842f8d"
590893,590888,4,5,"842f8d49"
590898,586898,3,4000,"83076a"
590902,587222,23,3680,"948731d54e9d02c286767d56ac03e8037c07e01e988801"
590932,586932,50,4000,"b8e41114cd2a000000000000000000000000000000000000000000000000000000000000006f000000000000000000000000"
591002,587322,57,3680,"00000000000000000000000000000000000000000000000000000000000000a000000000000000000000000000000000000000000000000001"
591064,590852,27,212,"000000000000000000000000000000000000000000000000000001"
591097,587417,33,3680,"000000000000000000000000000000000000000000000000000000000000000014"
591130,590982,32,148,"58c45a80ce70cb14824ead2c395bed7207b58f52000000000000000000000000"
591162,568378,44,22784,"c00000000000000000000000000000000000000000000000000000000000000000000000007102f86e82e708"
591207,590888,10,319,"842f8d4986842f8d4990"
591241,578368,71,12873,"80b844a22cb4650000000000000000000000001a7b46c660603ebb5fbe3ae51e80ad21df00bdd10000000000000000000000000000000000000000000000000000000000000001"
591313,555505,53,35808,"000000000000000000000000000000000000000000000000000000000000000000000000000000000000000000007102f86e82e708"
591367,591207,11,160,"842f8d4986842f8d499082"
591380,579892,40,11488,"94176211869ca2b568f2a7d4ee941e073a821ee1ff80b844095ea7b3000000000000000000000000"
591420,557367,20,34053,"678aa4bf4e210cf2166753e054d5b7c31cc7fa86"
591440,588595,29,2845,"0000000000000000000000000000000000000000000000000000000005"
591473,585585,46,5888,"00000000000000000000000000000000000000000000000000000000000000000000000000000000000000000002"
591519,588223,3,3296,"b402f9"
591523,588227,4,3296,"b082e708"
591528,579208,11,12320,"842f8b807f842f8b808983"
591542,579222,24,12320,"94f82537fb6c56a3b50092d3951f84f5f6c835b4f580b902"
591567,579247,35,12320,"5ae401dc0000000000000000000000000000000000000000000000000000000064fa85"
591603,579283,127,12320,"00000000000000000000000000000000000000000000000000000000000000400000000000000000000000000000000000000000000000000000000000000002000000000000000000000000000000000000000000000000000000000000004000000000000000000000000000000000000000000000000000000000000001"
591730,532601,33,59129,"a00000000000000000000000000000000000000000000000000000000000000124"
591763,543835,80,47928,"b858183f00000000000000000000000000000000000000000000000000000000000000200000000000000000000000000000000000000000000000000000000000000080000000000000000000000000"
591843,591647,48,196,"000000000000000000000000000000000000000200000000000000000000000000000000000000000000000000000000"
591895,589542,25,2353,"00000000000000000000000000000000000000000000000004"
591927,543999,32,47928,"0000000000000000000000000000000000000000000000000000000000000042"
591959,568166,21,23793,"eb466342c4d449bc9f53a865d5cb90586f40521500"
591980,544052,25,47928,"09c47d43aabc515c356145049227cee54b608342c0ad0009c4"
592005,532885,81,59120,"e5d7c2a44ffddf6b295a15c148167daaaf5cf34f00000000000000000000000000000000000000000000000000000000000000000000000000000000000000000000000000000000000000000000000000"
592086,588886,57,3200,"000000000000000000000000000000000000000000000000000000004449404b7c000000000000000000000000000000000000000000000000"
592143,591919,20,224,"0409f9f22ca85b34000000000000000000000000"
592183,590711,72,1472,"00000000000000000000000000000000000000000000000000000000c000000000000000000000000000000000000000000000000000000000000000000000000000000000000000"
592255,569407,6,22848,"3002ee82e708"
592261,556583,3,35678,"0b842f"
592264,591530,9,734,"8b807f842f8b808983"
592273,569425,86,22848,"010b3694cce9d3f392c135dc038b147ca73ec496f7f89d938084183ff085c000000000000000000000000000000000000000000000000000000000000000000000000000000000000000000000013302f9012f82e708"
592359,587207,3,5152,"0d842f"
592362,578858,136,13504,"8b807f842f8b8089827e5494d1a3abf42f9e66be86cfdea8c5c2c74f041c5e1480b901045b7d7482000000000000000000000000000000000000000000000000000000000000004000000000000000000000000000000000000000000000000000000000000000a00000000000000000000000000000000000000000000000000000000000000040"
592500,556836,3,35664,"313466"
592512,544811,3,47701,"323434"
592516,556383,3,36133,"316562"
592519,544778,4,47741,"65333135"
592523,579115,4,13408,"65353466"
592531,579133,4,13398,"34373637"
592536,545167,3,47369,"306330"
592544,545145,3,47399,"313366"
592548,579111,3,13437,"386334"
592561,569713,33,22848,"360000000000000000000000000000000000000000000000000000000000000040"
592598,556830,3,35768,"666262"
592603,579008,3,13595,"373339"
592606,540642,3,51964,"343838"
592610,569708,3,22902,"653532"
592613,589412,3,3201,"643337"
592619,568849,3,23770,"306539"
592622,556759,3,35863,"333461"
592642,568865,3,23777,"663933"
592647,592522,3,125,"356535"
592651,589392,3,3259,"316466"
592654,556378,4,36276,"63353864"
592658,579154,45,13504,"c00000000000000000000000000000000000000000000000000000000000000000000000000000000000000002"
592703,591519,8,1184,"b402f902b082e708"
592711,589575,3,3136,"08842f"
592714,592264,9,450,"8b807f842f8b808983"
592726,557366,21,35360,"94678aa4bf4e210cf2166753e054d5b7c31cc7fa86"
592747,591563,256,1184,"80b902845ae401dc0000000000000000000000000000000000000000000000000000000064fa85ed00000000000000000000000000000000000000000000000000000000000000400000000000000000000000000000000000000000000000000000000000000002000000000000000000000000000000000000000000000000000000000000004000000000000000000000000000000000000000000000000000000000000001a00000000000000000000000000000000000000000000000000000000000000124b858183f00000000000000000000000000000000000000000000000000000000000000200000000000000000000000000000000000000000"
592747,591563,72,1184,"80b902845ae401dc0000000000000000000000000000000000000000000000000000000064fa85ed0000000000000000000000000000000000000000000000000000000000000040"
593079,583590,25,9489,"00000000000000000000000000000000000000000000000008"
593111,591927,32,1184,"0000000000000000000000000000000000000000000000000000000000000042"
593143,590335,22,2808,"a219439258ca9da29e9cc4ce5596924745e12b930000"
593166,589059,21,4107,"176211869ca2b568f2a7d4ee941e073a821ee1ff00"
593189,592005,138,1184,"e5d7c2a44ffddf6b295a15c148167daaaf5cf34f00000000000000000000000000000000000000000000000000000000000000000000000000000000000000000000000000000000000000000000000000000000000000000000000000000000000000000000000000000000004449404b7c000000000000000000000000000000000000000000000000"
593327,593103,20,224,"088d2a8a14d6a6fe000000000000000000000000"
593367,592183,72,1184,"00000000000000000000000000000000000000000000000000000000c000000000000000000000000000000000000000000000000000000000000000000000000000000000000000"
593439,565183,10,28256,"5102f84e82e70880842f"
593449,592264,10,1185,"8b807f842f8b80898301"
593459,565203,107,28256,"0a3b949dba31e492b7e98b8195e254ee13b6b027e4a59d80a4a7f68792766f746500000000000000000000000000000000000000000000000000000000c0000000000000000000000000000000000000000000000000000000000000000000000000000000000000000000"
593566,568414,11,25152,"007102f86e82e70805842f"
593577,579881,51,13696,"8b807f842f8b808982eb8694176211869ca2b568f2a7d4ee941e073a821ee1ff80b844095ea7b3000000000000000000000000"
593648,576194,30,17454,"00000000000000000000000000000000000000000000000000000000002d"
593680,580112,100,13568,"c0000000000000000000000000000000000000000000000000000000000000000000000000000000000000000000010df9010a01842aea5400829d78940872ec4426103482a50f26ffc32acefcec61b3c980b8e4f242432a000000000000000000000000"
593780,583092,20,10688,"23014ee5e9297351a8ba16816653b11a51cc878a"
593800,546248,256,47552,"000000000000000000000000aec3cacef9457ff2821d9f85429ce3d90b0014590000000000000000000000000000000000000000000000000000000000000005000000000000000000000000000000000000000000000000000000000000000100000000000000000000000000000000000000000000000000000000000000a00000000000000000000000000000000000000000000000000000000000000000000000000000000000000000000000000000000000000000000000000000000082e70880800000000000000000000000000000000000000000000000000000000000000000000000000000000000000000000000000001eff901ec80842aea54"
593800,546248,225,47552,"000000000000000000000000aec3cacef9457ff2821d9f85429ce3d90b0014590000000000000000000000000000000000000000000000000000000000000005000000000000000000000000000000000000000000000000000000000000000100000000000000000000000000000000000000000000000000000000000000a00000000000000000000000000000000000000000000000000000000000000000000000000000000000000000000000000000000000000000000000000000000082e708808000000000000000000000000000000000000000000000000000000000"
594282,582122,160,12160,"00000000000000000000000000000000000000000000000000000000000000000000000000000000000000000000000000000000000000000000000000000005000000000000000000000000000000000000000000000000000000000000000000000000000000000000000000000000000000000000000000000000000001400000000000000000000000000000000000000000000000000000000000000041"
594506,580938,138,13568,"1b0000000000000000000000000000000000000000000000000000000000000082e70880800000000000000000000000000000000000000000000000000000000000000000000000000000000000000000000000010df9010a01842aea5400829d78940872ec4426103482a50f26ffc32acefcec61b3c980b8e4f242432a000000000000000000000000"
594644,583132,20,11512,"81a2928da93433dcae3b07599856fd8b18403997"
594664,570568,256,24096,"000000000000000000000000aec3cacef9457ff2821d9f85429ce3d90b0014590000000000000000000000000000000000000000000000000000000000000005000000000000000000000000000000000000000000000000000000000000000100000000000000000000000000000000000000000000000000000000000000a00000000000000000000000000000000000000000000000000000000000000000000000000000000000000000000000000000000000000000000000000000000082e70880800000000000000000000000000000000000000000000000000000000000000000000000000000000000000000000000000001eff901ec80842aea54"
594664,570568,225,24096,"000000000000000000000000aec3cacef9457ff2821d9f85429ce3d90b0014590000000000000000000000000000000000000000000000000000000000000005000000000000000000000000000000000000000000000000000000000000000100000000000000000000000000000000000000000000000000000000000000a00000000000000000000000000000000000000000000000000000000000000000000000000000000000000000000000000000000000000000000000000000000082e708808000000000000000000000000000000000000000000000000000000000"
595146,594282,160,864,"00000000000000000000000000000000000000000000000000000000000000000000000000000000000000000000000000000000000000000000000000000005000000000000000000000000000000000000000000000000000000000000000000000000000000000000000000000000000000000000000000000000000001400000000000000000000000000000000000000000000000000000000000000041"
595370,559274,256,36096,"1b0000000000000000000000000000000000000000000000000000000000000082e7088080000000000000000000000000000000000000000000000000000000000000000000000000000000000000000000000001eff901ec80842aea540083015f90940872ec4426103482a50f26ffc32acefcec61b3c980b901c4d4dfd6bc0000000000000000000000000000000000000000000000000000000000000000000000000000000000000000000000000000000000000000000000000000000000000000000000000000000000000000000000000000000000000000000000000000000000000000000000000000000000000000000000000000000000000001"
595370,559274,63,36096,"1b0000000000000000000000000000000000000000000000000000000000000082e70880800000000000000000000000000000000000000000000000000000"
595690,595146,160,544,"00000000000000000000000000000000000000000000000000000000000000000000000000000000000000000000000000000000000000000000000000000005000000000000000000000000000000000000000000000000000000000000000000000000000000000000000000000000000000000000000000000000000001400000000000000000000000000000000000000000000000000000000000000041"
595914,582346,85,13568,"1b0000000000000000000000000000000000000000000000000000000000000082e7088080000000000000000000000000000000000000000000000000000000000000000000000000000000000000000000000000"
595999,571999,52,24000,"ecf8ea01842aea5400829b28940872ec4426103482a50f26ffc32acefcec61b3c980b8c4f242432a000000000000000000000000"
596051,583152,20,12899,"1ad8e2b7f3c8a9f5bea8781d293f01561125c3c3"
596071,572071,218,24000,"00000000000000000000000001e4a663fffaf1430d3a36588b2c14b72231d8b40000000000000000000000000000000000000000000000000000000000000005000000000000000000000000000000000000000000000000000000000000000100000000000000000000000000000000000000000000000000000000000000a0000000000000000000000000000000000000000000000000000000000000000082e70880800000000000000000000000000000000000000000000000000000000000000000000000000000000000000000000000000000002ceb"
596289,582625,10,13664,"4f842aea540082520894"
596319,560255,76,36064,"865af3107a40008082e70880800000000000000000000000000000000000000000000000000000000000000000000000000000000000000000000000000000002ceb4e842aea540082520894"
596397,588024,2,8373,"0028"
596404,596133,2,271,"0005"
596415,572319,68,24096,"865af3107a40008082e70880800000000000000000000000000000000000000000000000000000000000000000000000000000000000000000000000000000002eed8202"
596484,596386,9,98,"842aea540082520894"
596513,572417,94,24096,"8654953ff6d0008082e7088080000000000000000000000000000000000000000000000000000000000000000000000000000000000000000000000000000000000000000000000000000000000000000000000000000000000000000002"
596608,572512,80,24096,"45a318273749d6eb00f5f6ca3bc7cd3de26d642a45a318273749d6eb00f5f6ca3bc7cd3de26d642a4ff7308017c6c7ccfce40c2e08efce91259d639fb8ff877ed78ba520ece21b1de7843a8a57ca47cb"
596688,586388,20,10300,"3d391afffed2255a2dd00325c3a96a5a8e023ff8"
596708,586621,20,10087,"fcdb212e7e7588d2dd2cc44c30f6c79fb507db4b"
596728,587130,20,9598,"ed826ce2c8a16ed83e504bd94d9f6f4262691850"
596748,587450,20,9298,"fe71606ff0d7ebbbeaed320a542290939d0703ed"
596768,587686,20,9082,"97bd845f07c2f1557290c0fad634345510d0a677"
596788,588038,20,8750,"e821e4b24562b8f659dbd1997bd42c8e9b01a8cc"
596808,589123,20,7685,"6c325d0121bec268af0c44c30e428ace5d68551c"
596848,590655,20,6193,"eb30f3f6c9e5501283aed59745ba19ba6ab856cb"
596868,572892,20,23976,"859e8a75af297726c506d297613af5bd396ff61c"
596888,591130,20,5758,"58c45a80ce70cb14824ead2c395bed7207b58f52"
596928,561272,20,35656,"905ef06810b5d168d0c8d351593ed5d1880dbc28"
596948,592163,20,4785,"02b03934f71bb6de4465051de5eee5c05e09774a"
596991,596636,1,355,"00"
597008,593347,20,3661,"8305fba9ed35363d691bd30935c602aba23bbe5f"
597068,593780,20,3288,"23014ee5e9297351a8ba16816653b11a51cc878a"
597088,582443,20,14645,"b1a8a26c3fe0a142d71053bcc8664108d4cd4575"
597108,594644,20,2464,"81a2928da93433dcae3b07599856fd8b18403997"
597128,582635,20,14493,"c0416708b0f643119608167749906c515b819899"
597148,582539,20,14609,"3aa95afda96ad4a75522d8f54b6b8c8867f0526c"
597168,596051,20,1117,"1ad8e2b7f3c8a9f5bea8781d293f01561125c3c3"
597188,561432,20,35756,"9dbad420963e53775a51ea9aad4afa3af6e5d753"
597208,561412,20,35796,"f6f8b5bc021ff67a9932346447dd7e78aa674224"
597228,573152,52,24076,"01e4a663fffaf1430d3a36588b2c14b72231d8b40000000000000000000000000000000000000000000000000000000000000000"
597312,583296,31,14016,"0000000000000000000000000000000000000000000000000000000064fa84"
597344,590708,62,6636,"00000000000000000000000000000000000000000000000000000000000000c0000000000000000000000000000000000000000000000000000000000000"
597408,597376,31,32,"00000000000000000000000000000000000000000000000000000000000036"
597440,597408,30,32,"000000000000000000000000000000000000000000000000000000000000"
597472,597344,31,128,"00000000000000000000000000000000000000000000000000000000000000"
597504,588192,31,9312,"00000000000000000000000000000000000000000000000000000000000003"
597535,561823,32,35712,"e000000000000000000000000000000000000000000000000000000000000005"
597568,583234,31,14334,"00000000000000000000000000000000000000000000000000000000000007"
597600,573632,62,23968,"0000000000000000000000000000000000000000000000000000000000000b20000000000000000000000000000000000000000000000000000000000000"
597663,597472,31,191,"00000000000000000000000000000000000000000000000000000000000000"
597694,583742,33,13952,"0e600000000000000000000000000000000000000000000000000000000000000f"
597727,597663,31,64,"00000000000000000000000000000000000000000000000000000000000000"
597760,583808,31,13952,"00000000000000000000000000000000000000000000000000000000000012"
597791,550719,32,47072,"e000000000000000000000000000000000000000000000000000000000000014"
597824,597792,31,32,"00000000000000000000000000000000000000000000000000000000000014"
597855,573823,63,24032,"a00000000000000000000000000000000000000000000000000000000000001500000000000000000000000000000000000000000000000000000000000000"
597919,583839,32,14080,"6000000000000000000000000000000000000000000000000000000000000016"
597952,597250,31,702,"00000000000000000000000000000000000000000000000000000000000017"
597984,573409,31,24575,"00000000000000000000000000000000000000000000000000000000000018"
598016,573920,31,24096,"00000000000000000000000000000000000000000000000000000000000019"
598048,573984,31,24064,"0000000000000000000000000000000000000000000000000000000000001b"
598080,574016,31,24064,"0000000000000000000000000000000000000000000000000000000000001d"
598112,592952,31,5160,"00000000000000000000000000000000000000000000000000000000000020"
598144,551008,62,47136,"00000000000000000000000000000000000000000000000000000000000020a0000000000000000000000000000000000000000000000000000000000000"
598207,584063,32,14144,"4000000000000000000000000000000000000000000000000000000000000022"
598240,561632,31,36608,"0000000000000000000000000000000000000000000000000000000000002a"
598272,586738,31,11534,"0000000000000000000000000000000000000000000000000000000000002b"
598303,550079,32,48224,"a00000000000000000000000000000000000000000000000000000000000002c"
598336,598304,30,32,"000000000000000000000000000000000000000000000000000000000000"
598367,592224,32,6143,"0000000000000000000000000000000000000000000000000000000000000030"
598399,584479,32,13920,"4000000000000000000000000000000000000000000000000000000000000032"
598432,598400,31,32,"00000000000000000000000000000000000000000000000000000000000032"
598463,583359,32,15104,"c000000000000000000000000000000000000000000000000000000000000033"
598495,543802,32,54693,"2000000000000000000000000000000000000000000000000000000000000001"
598541,590902,22,7639,"948731d54e9d02c286767d56ac03e8037c07e01e9888"
598571,590932,37,7639,"b8e41114cd2a00000000000000000000000000000000000000000000000000000000000000"
598609,598596,12,13,"000000000000000000000000"
598641,596167,56,2474,"00000000000000000000000000000000000000000000000000000000000000a0000000000000000000000000000000000000000000000000"
598703,597892,27,811,"000000000000000000000000000000000000000000000000000015"
598736,591097,33,7639,"000000000000000000000000000000000000000000000000000000000000000014"
598769,598621,32,148,"8cd398f7b6a869ada246818a6ee3f26346de3ca9000000000000000000000000"
598801,596521,45,2280,"82e708808000000000000000000000000000000000000000000000000000000000000000000000000000000000"
598847,590879,3,7968,"1b02f9"
598851,586883,6,11968,"1782e7088084"
598857,534535,4,64322,"3b9aca00"
598861,534534,6,64327,"843b9aca0083"
598870,557366,22,41504,"94678aa4bf4e210cf2166753e054d5b7c31cc7fa8687"
598899,543668,37,55231,"b901e45ae401dc0000000000000000000000000000000000000000000000000000000064fa"
598938,543707,208,55231,"0000000000000000000000000000000000000000000000000000000000000040000000000000000000000000000000000000000000000000000000000000000100000000000000000000000000000000000000000000000000000000000000200000000000000000000000000000000000000000000000000000000000000124b858183f00000000000000000000000000000000000000000000000000000000000000200000000000000000000000000000000000000000000000000000000000000080000000000000000000000000"
599166,597573,26,1593,"0000000000000000000000000000000000000000000000000007"
599192,598893,6,299,"fe5437920906"
599198,597441,30,1757,"000000000000000000000000000000000000000000000000000000000038"
599230,543999,53,55231,"0000000000000000000000000000000000000000000000000000000000000042e5d7c2a44ffddf6b295a15c148167daaaf5cf34f00"
599283,593164,23,6119,"0064176211869ca2b568f2a7d4ee941e073a821ee1ff00"
599306,599283,2,23,"0064"
599308,534840,51,64468,"a219439258ca9da29e9cc4ce5596924745e12b9300000000000000000000000000000000000000000000000000000000000000"
599359,588159,64,11200,"000000000000000000000000000000000000000000000000000000c0000000000000000000000000000000000000000000000000000000000000000000000003"
599423,575039,7,24384,"92f9038f830305"
599430,551238,3,48192,"38843a"
599436,563788,129,35648,"8313f7c094a658742d33ebd2ce2f0bdff73515aa797fd161d980b90364252f7b01000000000000000000000000000000000000000000000000000000000000006f00000000000000000000000045f1a95a4d3f3836523f5c83673c797f4d4d263b0000000000000000000000000000000000000000000000000000000000043238"
599565,574737,32,24828,"a3bff6519e716b0b479a48a3e1ebf774449f86fa7ba7bf1362930dfaece9f1f6"
599597,574737,63,24860,"a3bff6519e716b0b479a48a3e1ebf774449f86fa7ba7bf1362930dfaece9f1f600000000000000000000000000000000000000000000000000000000000000"
599660,564012,72,35648,"c000000000000000000000000000000000000000000000000000000000000002740000000000000000000000004d73adb72bc3dd368966edd0f0b2148401a178e20000000000008a"
599733,564085,256,35648,"006f701a95707a0290ac8b90b3719e8ee5b21036088300b745f1a95a4d3f3836523f5c83673c797f4d4d263b0000000000000000000000000000000000000000000000000000000000000001000000000000000000000000000000000000000000000000000000000000000d000000000000000000000000000000000000000000000000000000000000000d00000000000000000000000000000000000000000000000000000000000000000000000000000000000000000000000000000000000000000000000000000000000000000000000000000000000000000000000000000023dc4efd3e76df838e0000000000000000000000000000000000000000"
599733,564085,4,35648,"006f701a"
600001,599075,27,926,"000000000000000000000000000000000000000000000000000020"
600032,597540,27,2492,"000000000000000000000000000000000000000000000000000005"
600065,595696,58,4369,"00000000000000000000000000000000000000000000000000000000000000000000000000000000000000000000000000000000000000000005"
600123,600059,30,64,"ba533c7b8c07000000000000000000000000000000000000000000000000"
600161,575777,96,24384,"00000000000000000000000000000000000000000000000000000000000001c000000000000000000000000000000000000000000000000000000000000002000000000000000000000000000000000000000000000000000000000000000014"
600277,594800,105,5477,"000000000000000000000000000000000000000000000000000000000000000000000000000000000000000000000000000000000000000082e70880800000000000000000000000000000000000000000000000000000000000000000000000000000000000000000"
600387,599427,3,960,"830305"
600390,563174,3,37216,"39843a"
600400,599440,21,960,"94a658742d33ebd2ce2f0bdff73515aa797fd161d9"
600421,555755,10,44666,"870221b262dd8000b901"
600436,585841,32,14595,"0000000000000000000000000000000000000000000000000000000000000066"
600468,600455,12,13,"000000000000000000000000"
600480,569047,20,31433,"c9b753d73b17ddb5e87093ff04a9e31845a43af0"
600500,569275,32,31225,"0000000000000000000000000000000000000000000000000000000000030d40"
600532,585937,32,14595,"8a56308391da8cd6c36bc57a57c08589db8e19d683d0e99e1803552eea1d239c"
600564,585937,63,14627,"8a56308391da8cd6c36bc57a57c08589db8e19d683d0e99e1803552eea1d239c00000000000000000000000000000000000000000000000000000000000000"
600628,600615,12,13,"000000000000000000000000"
600640,542554,51,58086,"5065d26cf60080425710e2d76079bb4e3e3419c900000000000000000000000000000000000000000000000000000000000000"
600692,599693,38,999,"0000000000000000000000004d73adb72bc3dd368966edd0f0b2148401a178e2000000000000"
600732,600466,2,266,"0066"
600742,586387,2,14355,"003d"
600754,599755,2,999,"00b7"
600756,600480,20,276,"c9b753d73b17ddb5e87093ff04a9e31845a43af0"
600776,600640,44,136,"5065d26cf60080425710e2d76079bb4e3e3419c9000000000000000000000000000000000000000000000000"
600820,600333,42,487,"82e708808000000000000000000000000000000000000000000000000000000000000000000000000000"
600862,592350,9,8512,"013302f9012f82e708"
600906,592394,4,8512,"80b90104"
600914,588026,13,12888,"000000000000000000000000e8"
600946,600914,44,32,"000000000000000000000000e815264a16e15dd1d8c9404905432a0d60fad92b000000000000000000000000"
600990,564431,45,36559,"000000000000000000000000000000000000000000000000000000000000000000000000000000000000000006"
601040,599895,65,1145,"0000000000000000000000000000000000000000000000000000000000000000000000000000000000000000000000000000000000000000000000000000000000"
601106,600500,30,606,"000000000000000000000000000000000000000000000000000000000003"
601138,590707,76,10431,"0000000000000000000000000000000000000000000000000000000000000000c000000000000000000000000000000000000000000000000000000000000000000000000000000000000000"
601214,579870,10,21344,"007102f86e82e7080284"
601257,593609,19,7648,"80b844095ea7b3000000000000000000000000"
601281,573012,3,28269,"ff0bc8"
601296,542833,77,58463,"ffffffffffffffffffffffffffffffffffffffffffffffffffffffffffffffffc00000000000000000000000000000000000000000000000000000000000000000000000000000000000000000"
601373,600861,10,512,"00013302f9012f82e708"
601384,586500,5,14884,"8435a4e900"
601389,601384,5,5,"8435a4e900"
601397,568693,126,32704,"94d1a3abf42f9e66be86cfdea8c5c2c74f041c5e1480b901045b7d7482000000000000000000000000000000000000000000000000000000000000004000000000000000000000000000000000000000000000000000000000000000a0000000000000000000000000000000000000000000000000000000000000004066"
601530,556390,3,45140,"373364"
601533,556418,3,45115,"396239"
601542,589505,3,12037,"653462"
601548,568824,3,32724,"663137"
601566,592509,3,9057,"313062"
601569,568847,3,32722,"636430"
601579,569778,3,31801,"663232"
601586,556338,33,45248,"000000000000000000000000000000000000000000000000000000000000004038"
601620,569805,3,31815,"333931"
601625,545139,3,56486,"373362"
601628,556518,3,45110,"396232"
601634,545063,3,56571,"376134"
601638,592551,3,9087,"626134"
601647,578996,4,22651,"65323537"
601652,592514,3,9138,"343631"
601656,544810,3,56846,"653234"
601669,592625,3,9044,"626137"
601678,568934,3,32744,"666538"
601681,545169,46,56512,"30c00000000000000000000000000000000000000000000000000000000000000000000000000000000000000002"
601727,576319,3,25408,"5b02f9"
601731,576323,16,25408,"5782e70880843109cbb9843109cbb983"
601750,586509,22,15241,"94032b241de86a8660f1ae0691a4760b426ea246d787"
601778,567314,3,34464,"00b902"
601782,542967,131,58815,"ac9650d800000000000000000000000000000000000000000000000000000000000000200000000000000000000000000000000000000000000000000000000000000002000000000000000000000000000000000000000000000000000000000000004000000000000000000000000000000000000000000000000000000000000001"
601913,592914,33,8999,"a00000000000000000000000000000000000000000000000000000000000000124"
601946,586541,80,15405,"75ceafe6000000000000000000000000000000000000000000000000000000000000002000000000000000000000000000000000000000000000000000000000000000a0000000000000000000000000"
602046,601988,25,58,"00000000000000000000000000000000000000000000000000"
602071,601772,7,299,"53b1f542096400"
602078,601821,29,257,"0000000000000000000000000000000000000000000000000000000002"
602110,598906,30,3204,"0000000000000000000000000000000000000000000000000000000064fa"
602142,586737,53,15405,"000000000000000000000000000000000000000000000000000000000000002be5d7c2a44ffddf6b295a15c148167daaaf5cf34f00"
602197,589059,64,13138,"176211869ca2b568f2a7d4ee941e073a821ee1ff0000000000000000000000000000000000000000000000000000000000000000000000000000000000000000"
602261,543510,104,58751,"0000000000000000000000000000000000000000000000000000000000000000000000000412210e8a00000000000000000000000000000000000000000000000000000000c000000000000000000000000000000000000000000000000000000000000000000000"
602365,601943,2,422,"0001"
602372,601741,3,631,"843109"
602381,544214,22,58167,"948731d54e9d02c286767d56ac03e8037c07e01e9887"
602408,598569,52,3839,"161eb8e41114cd2a00000000000000000000000000000000000000000000000000000000000000b8000000000000000000000000"
602480,601458,57,1022,"00000000000000000000000000000000000000000000000000000000000000a000000000000000000000000000000000000000000000000000"
602542,602484,27,58,"000000000000000000000000000000000000000000000000000000"
602575,600224,33,2351,"000000000000000000000000000000000000000000000000000000000000000014"
602608,602460,32,148,"45ddf217e45b6098c7f82e0de475ac4c737a20d8000000000000000000000000"
602640,600333,47,2307,"82e7088080000000000000000000000000000000000000000000000000000000000000000000000000000000000000"
602693,577228,7,25465,"843105c7de8301"
602729,602659,28,70,"00000000000000000000000000000000000000000000000000000000"
602760,578438,55,24322,"0182e708808000000000000000000000000000000000000000000000000000000000000000000000000000000000000000000000000000"
602818,555716,5,47102,"82e7080384"
602827,602822,4,5,"843008fb"
602832,596489,4,6343,"82520894"
602864,590831,47,12033,"0080c00000000000000000000000000000000000000000000000000000000000000000000000000000000000000000"
602911,569407,8,33504,"3002ee82e7082684"
602922,589228,3,13694,"8b842f"
602928,592272,90,10656,"83010b3694cce9d3f392c135dc038b147ca73ec496f7f89d938084183ff085c000000000000000000000000000000000000000000000000000000000000000000000000000000000000000000000013302f9012f82e7080d842f"
603018,602920,8,98,"90c08b842f90c095"
603026,569522,129,33504,"827e5494d1a3abf42f9e66be86cfdea8c5c2c74f041c5e1480b901045b7d7482000000000000000000000000000000000000000000000000000000000000004000000000000000000000000000000000000000000000000000000000000000a0000000000000000000000000000000000000000000000000000000000000004064"
603155,579132,3,24023,"633437"
603159,556503,3,46656,"643762"
603168,579094,3,24074,"346531"
603171,601648,3,1523,"323537"
603176,569747,3,33429,"396236"
603189,568862,3,34327,"366261"
603196,592534,4,10662,"37633063"
603200,568844,3,34356,"656466"
603204,537748,4,65456,"35363237"
603208,589366,3,13842,"666533"
603215,589506,3,13709,"346266"
603218,592562,33,10656,"000000000000000000000000000000000000000000000000000000000000004031"
603256,568846,3,34410,"666364"
603259,545122,3,58137,"643834"
603262,540605,3,62657,"393939"
603265,544812,3,58453,"343439"
603273,579039,3,24234,"303863"
603276,568878,3,34398,"366563"
603280,545050,4,58230,"62303862"
603284,601564,3,1720,"613531"
603292,545158,3,58134,"623733"
603296,592554,3,10742,"653863"
603304,603164,3,140,"326638"
603310,592518,3,10792,"626533"
603314,602866,51,448,"c000000000000000000000000000000000000000000000000000000000000000000000000000000000000000003002ee82e708"
603365,567173,3,36192,"06842f"
603368,602920,95,448,"90c08b842f90c09583010b3694cce9d3f392c135dc038b147ca73ec496f7f89d938084183ff085c000000000000000000000000000000000000000000000000000000000000000000000000000000000000000000000013302f9012f82e708"
603464,603016,138,448,"842f90c08b842f90c095827e5494d1a3abf42f9e66be86cfdea8c5c2c74f041c5e1480b901045b7d7482000000000000000000000000000000000000000000000000000000000000004000000000000000000000000000000000000000000000000000000000000000a00000000000000000000000000000000000000000000000000000000000000040"
603603,556488,4,47115,"31366264"
603608,545054,3,58554,"316235"
603615,592628,3,10987,"636133"
603624,589389,3,14235,"643636"
603630,544792,3,58838,"656139"
603633,603198,3,435,"306365"
603636,556426,3,47210,"656364"
603650,544695,3,58955,"376633"
603654,568966,3,34688,"666438"
603660,568932,3,34728,"373166"
603663,603202,3,461,"663835"
603666,579058,33,24608,"000000000000000000000000000000000000000000000000000000000000004030"
603699,592608,3,11091,"383665"
603703,568965,3,34738,"326664"
603706,603257,3,449,"636464"
603710,601528,3,2182,"623937"
603713,556422,3,47291,"303337"
603717,592631,3,11086,"343031"
603736,568879,3,34857,"656330"
603739,544716,3,59023,"663833"
603744,556511,3,47233,"663631"
603749,540844,3,62905,"633266"
603753,601662,3,2091,"326536"
603759,556722,3,47037,"396364"
603762,556530,53,47232,"c000000000000000000000000000000000000000000000000000000000000000000000000000000000000000013302f9012f82e708"
603815,567271,3,36544,"04842f"
603818,603466,136,352,"90c08b842f90c095827e5494d1a3abf42f9e66be86cfdea8c5c2c74f041c5e1480b901045b7d7482000000000000000000000000000000000000000000000000000000000000004000000000000000000000000000000000000000000000000000000000000000a00000000000000000000000000000000000000000000000000000000000000040"
603956,556824,3,47132,"373862"
603969,589394,3,14575,"666434"
603974,556846,3,47128,"383864"
603979,578994,3,24985,"356665"
603986,603633,3,353,"306365"
603989,579104,3,24885,"353834"
603999,603303,3,696,"613266"
604004,592633,3,11371,"313033"
604011,556761,3,47250,"616631"
604014,603305,3,709,"663862"
604018,568882,33,35136,"000000000000000000000000000000000000000000000000000000000000004036"
604053,556470,3,47583,"356636"
604057,601657,3,2400,"323438"
604060,601577,3,2483,"323966"
604064,603640,3,424,"313633"
604073,556387,3,47686,"393231"
604076,568850,3,35226,"653963"
604080,568914,3,35166,"363535"
604083,603196,3,887,"376330"
604090,601570,3,2520,"643038"
604097,604092,3,5,"383530"
604105,545165,3,58940,"623530"
604110,568943,3,35167,"303933"
604114,603762,53,352,"c000000000000000000000000000000000000000000000000000000000000000000000000000000000000000013302f9012f82e708"
604167,589223,3,14944,"0e842f"
604170,603818,136,352,"90c08b842f90c095827e5494d1a3abf42f9e66be86cfdea8c5c2c74f041c5e1480b901045b7d7482000000000000000000000000000000000000000000000000000000000000004000000000000000000000000000000000000000000000000000000000000000a00000000000000000000000000000000000000000000000000000000000000040"
604312,589461,3,14851,"326231"
604315,540635,3,63680,"383632"
604320,568826,3,35494,"373439"
604323,540596,3,63727,"363034"
604327,579003,3,25324,"313762"
604333,568848,3,35485,"643065"
604346,545144,3,59202,"343133"
604349,544686,3,59663,"373839"
604356,603293,3,1063,"373364"
604363,556481,3,47882,"326163"
604366,569674,3,34692,"633239"
604369,556433,33,47936,"340000000000000000000000000000000000000000000000000000000000000040"
604403,604354,4,49,"34643733"
604407,603709,3,698,"616239"
604412,556765,3,47647,"303736"
604415,592523,3,11892,"653534"
604419,568869,3,35550,"353766"
604422,601549,3,2873,"313765"
604425,603745,3,680,"363163"
604431,603986,3,445,"306365"
604434,604069,4,365,"62383237"
604439,568862,4,35577,"36626166"
604444,579011,3,25433,"633565"
604447,579102,5,25345,"3732353834"
604452,556780,3,47672,"626334"
604456,576023,3,28433,"393033"
604462,589458,3,15004,"643738"
604466,604114,45,352,"c00000000000000000000000000000000000000000000000000000000000000000000000000000000000000001"
604511,553983,8,50528,"f402f901f082e708"
604519,544871,11,59648,"08842f8de966842f8de96f"
604534,589590,23,14944,"9480e38291e06339d10aab483c65695d004dbd5c6980b9"
604563,567642,63,36921,"0000000000000000000000007f72e0d8e9abf9133a92322b8b50bd8e0f9dcfcb00000000000000000000000000000000000000000000000000000000000000"
604626,584841,32,19785,"c000000000000000000000000000000000000000000000000000000000000001"
604659,602273,25,2386,"00000000000000000000000000000000000000000000000004"
604691,595754,63,8937,"000000000000000000000000000000000000000000000000000000000000000000000000000000000000000000000000000000000000000000000000000001"
604755,601818,44,2937,"0000000000000000000000000000000000000000000000000000000000000002000000000000000000000000"
604799,566367,44,38432,"7d43aabc515c356145049227cee54b608342c0ad000000000000000000000000000000000000000000000001"
604851,539818,107,65033,"0000000000000000000000000000000000000000000000000000000000000000000000000000000000000000000000000000000000000000000000000000000000000000000000000000000000000000000000000000000000000000000000200000000000000000000000"
604958,566686,52,38272,"007fa2a0db85e3dee05c6ada495391f8daf995acdf00000000000000000000000000000000000000000000000000000000000000"
605010,601169,44,3841,"00c0000000000000000000000000000000000000000000000000000000000000000000000000000000000000"
605054,566110,9,38944,"029402f9029082e708"
605063,555719,3,49344,"03842f"
605066,593449,10,11617,"8b807f842f8b80898301"
605078,566134,86,38944,"9480e38291e06339d10aab483c65695d004dbd5c6980b902642cc4081e000000000000000000000000000000000000000000000000000000000000006000000000000000000000000000000000000000000000000000"
605171,589779,31,15392,"0000000000000000000000000000000000000000000000000000000064fab3"
605203,566259,151,38944,"0000000000000000000000000000000000000000000000000000000000000001000000000000000000000000000000000000000000000000000000000000002000000000000000000000000000000000000000000000000000000000000000600000000000000000000000007d43aabc515c356145049227cee54b608342c0ad0000000000000000000000000000000000000000000000"
605354,602814,2,2540,"0033"
605363,566419,256,38944,"000000000000000000000000000000000000000000000000000000000000000100000000000000000000000000000000000000000000000000000000000000200000000000000000000000007f72e0d8e9abf9133a92322b8b50bd8e0f9dcfcb00000000000000000000000000000000000000000000000000000000000000800000000000000000000000000000000000000000000000000000000000000000000000000000000000000000000000000000000000000000000000000000010000000000000000000000000000000000000000000000000000000000000000600000000000000000000000007d43aabc515c356145049227cee54b608342c0ad"
605363,566419,12,38944,"000000000000000000000000"
605651,566707,107,38944,"00000000000000000000000000000000000000000000000000000000000000010000000000000000000000000000000000000000000000000000000000000000c0000000000000000000000000000000000000000000000000000000000000000000000000000000000000"
605758,590981,2,14777,"0058"
605763,593443,16,12320,"82e70880842f8b807f842f8b80898301"
605809,588497,2,17312,"00a4"
605815,605023,32,792,"0000000000000000000000000000000000000000000000000000000000000002"
605848,601176,46,4672,"0000000000000000000000000000000000000000000000000000000000000000000000000000007102f86e82e708"
605895,593575,53,12320,"842f8b807f842f8b808982eb8694176211869ca2b568f2a7d4ee941e073a821ee1ff80b844095ea7b3000000000000000000000000"
605948,591420,48,14528,"678aa4bf4e210cf2166753e054d5b7c31cc7fa8600000000000000000000000000000000000000000000000000000000"
605996,584029,2,21967,"001e"
606000,601328,55,4672,"c0000000000000000000000000000000000000000000000000000000000000000000000000000000000000000000013302f9012f82e708"
606061,606056,4,5,"842e1310"
606066,603826,129,2240,"827e5494d1a3abf42f9e66be86cfdea8c5c2c74f041c5e1480b901045b7d7482000000000000000000000000000000000000000000000000000000000000004000000000000000000000000000000000000000000000000000000000000000a0000000000000000000000000000000000000000000000000000000000000004061"
606195,545067,3,61128,"656133"
606200,603197,3,3003,"633063"
606203,589378,3,16825,"663966"
606207,603155,3,3052,"633437"
606213,603996,3,2217,"633761"
606216,592638,3,13578,"353831"
606223,592632,3,13591,"303130"
606227,579139,3,27088,"653934"
606236,603161,3,3075,"623838"
606239,604327,3,1912,"313762"
606242,579143,3,27099,"376337"
606248,544775,3,61473,"343665"
606253,592640,3,13613,"316566"
606258,606162,33,96,"000000000000000000000000000000000000000000000000000000000000004061"
606291,601637,3,4654,"646261"
606297,568829,3,37468,"383565"
606300,556758,3,49542,"353334"
606306,568956,3,37350,"333838"
606314,604091,3,2223,"303835"
606321,592648,3,13673,"653532"
606329,545147,3,61182,"663431"
606334,603170,3,3164,"313235"
606339,568860,3,37479,"396436"
606343,601635,3,4708,"613464"
606346,569787,3,36559,"653563"
606355,551955,44,54400,"0000000000000000000000000000000000000000000000000000000000000000000000000000000000000007"
606399,567263,3,39136,"9b02f9"
606403,567267,4,39136,"9782e708"
606409,606056,10,353,"842e131051842e131058"
606423,552022,22,54401,"940cab6977a9c70e04458b740476b498b21401964186"
606450,552049,3,54401,"00b907"
606454,552053,8,54401,"a4d7304100000000"
606462,595685,2,10777,"0065"
606502,584950,20,21552,"eeeeeeeeeeeeeeeeeeeeeeeeeeeeeeeeeeeeeeee"
606534,552133,20,54401,"7538262ae993ca117a0e481f908209137a46268e"
606558,606397,2,161,"0007"
606602,606558,1,44,"00"
606618,552217,64,54401,"00000000000000000000000000000000000000000000000000000000000000c00000000000000000000000000000000000000000000000000000000000000680"
606683,605575,12,1108,"000000000000000000000060"
606714,552313,12,54401,"003201000000000000c803e8"
606726,606470,20,256,"2275fe0244d75b42dfcf1774f50c7bd83f6e163d"
606746,550136,7,56610,"0000000000005a"
606753,606446,5,307,"dbc8035800"
606758,598188,19,8570,"00000000000000000000000000000000000021"
606778,606746,30,32,"0000000000005adbc8035800000000000000000000000000000000000000"
606810,606778,31,32,"0000000000005adbc80358000000000000000000000000000000000000001c"
606842,606746,31,96,"0000000000005adbc803580000000000000000000000000000000000000021"
606874,606842,31,32,"0000000000005adbc803580000000000000000000000000000000000000021"
606906,606810,31,96,"0000000000005adbc80358000000000000000000000000000000000000001c"
606938,606874,31,64,"0000000000005adbc803580000000000000000000000000000000000000021"
606970,606906,31,64,"0000000000005adbc80358000000000000000000000000000000000000001c"
607002,606938,31,64,"0000000000005adbc803580000000000000000000000000000000000000021"
607034,606970,31,64,"0000000000005adbc80358000000000000000000000000000000000000001c"
607066,607034,31,32,"0000000000005adbc80358000000000000000000000000000000000000001c"
607098,607066,31,32,"0000000000005adbc80358000000000000000000000000000000000000001c"
607130,607002,31,128,"0000000000005adbc803580000000000000000000000000000000000000021"
607162,607130,31,32,"0000000000005adbc803580000000000000000000000000000000000000021"
607194,607162,31,32,"0000000000005adbc803580000000000000000000000000000000000000021"
607226,607098,31,128,"0000000000005adbc80358000000000000000000000000000000000000001c"
607258,607194,31,64,"0000000000005adbc803580000000000000000000000000000000000000021"
607290,607258,31,32,"0000000000005adbc803580000000000000000000000000000000000000021"
607322,607290,31,32,"0000000000005adbc803580000000000000000000000000000000000000021"
607354,607226,31,128,"0000000000005adbc80358000000000000000000000000000000000000001c"
607386,607322,31,64,"0000000000005adbc803580000000000000000000000000000000000000021"
607418,607386,31,32,"0000000000005adbc803580000000000000000000000000000000000000021"
607450,607354,31,96,"0000000000005adbc80358000000000000000000000000000000000000001c"
607482,607418,31,64,"0000000000005adbc803580000000000000000000000000000000000000021"
607514,607450,31,64,"0000000000005adbc80358000000000000000000000000000000000000001c"
607546,607482,31,64,"0000000000005adbc803580000000000000000000000000000000000000021"
607578,607514,31,64,"0000000000005adbc80358000000000000000000000000000000000000001c"
607610,607546,31,64,"0000000000005adbc803580000000000000000000000000000000000000021"
607642,607610,31,32,"0000000000005adbc803580000000000000000000000000000000000000021"
607674,607578,31,96,"0000000000005adbc80358000000000000000000000000000000000000001c"
607706,607674,31,32,"0000000000005adbc80358000000000000000000000000000000000000001c"
607738,607706,30,32,"0000000000005adbc8035800000000000000000000000000000000000000"
607770,607738,31,32,"0000000000005adbc803580000000000000000000000000000000000000015"
607802,607642,31,160,"0000000000005adbc803580000000000000000000000000000000000000021"
607834,607706,31,128,"0000000000005adbc80358000000000000000000000000000000000000001c"
607866,607802,31,64,"0000000000005adbc803580000000000000000000000000000000000000021"
607898,607834,31,64,"0000000000005adbc80358000000000000000000000000000000000000001c"
607930,607866,31,64,"0000000000005adbc803580000000000000000000000000000000000000021"
607962,607898,31,64,"0000000000005adbc80358000000000000000000000000000000000000001c"
607994,607930,31,64,"0000000000005adbc803580000000000000000000000000000000000000021"
608026,607962,31,64,"0000000000005adbc80358000000000000000000000000000000000000001c"
608058,607994,31,64,"0000000000005adbc803580000000000000000000000000000000000000021"
608090,608026,31,64,"0000000000005adbc80358000000000000000000000000000000000000001c"
608122,608058,31,64,"0000000000005adbc803580000000000000000000000000000000000000021"
608154,608090,31,64,"0000000000005adbc80358000000000000000000000000000000000000001c"
608186,608122,31,64,"0000000000005adbc803580000000000000000000000000000000000000021"
608218,608186,31,32,"0000000000005adbc803580000000000000000000000000000000000000021"
608250,608218,31,32,"0000000000005adbc803580000000000000000000000000000000000000021"
608282,607770,31,512,"0000000000005adbc803580000000000000000000000000000000000000015"
608313,606905,31,1408,"710000000000005adbc8035800000000000000000000000000000000000000"
608346,602330,37,6016,"c0000000000000000000000000000000000000000000000000000000000000000000000001"
608383,594591,53,13792,"0df9010a01842aea5400829d78940872ec4426103482a50f26ffc32acefcec61b3c980b8e4f242432a000000000000000000000000"
608436,597148,20,11288,"3aa95afda96ad4a75522d8f54b6b8c8867f0526c"
608456,570248,256,38208,"000000000000000000000000aec3cacef9457ff2821d9f85429ce3d90b0014590000000000000000000000000000000000000000000000000000000000000005000000000000000000000000000000000000000000000000000000000000000100000000000000000000000000000000000000000000000000000000000000a00000000000000000000000000000000000000000000000000000000000000000000000000000000000000000000000000000000000000000000000000000000082e708808000000000000000000000000000000000000000000000000000000000000000000000000000000000000000000000000000010df9010a01842aea54"
608456,570248,44,38208,"000000000000000000000000aec3cacef9457ff2821d9f85429ce3d90b001459000000000000000000000000"
608756,597088,20,11668,"b1a8a26c3fe0a142d71053bcc8664108d4cd4575"
608776,594664,256,14112,"000000000000000000000000aec3cacef9457ff2821d9f85429ce3d90b0014590000000000000000000000000000000000000000000000000000000000000005000000000000000000000000000000000000000000000000000000000000000100000000000000000000000000000000000000000000000000000000000000a00000000000000000000000000000000000000000000000000000000000000000000000000000000000000000000000000000000000000000000000000000000082e70880800000000000000000000000000000000000000000000000000000000000000000000000000000000000000000000000000001eff901ec80842aea54"
608776,594664,225,14112,"000000000000000000000000aec3cacef9457ff2821d9f85429ce3d90b0014590000000000000000000000000000000000000000000000000000000000000005000000000000000000000000000000000000000000000000000000000000000100000000000000000000000000000000000000000000000000000000000000a00000000000000000000000000000000000000000000000000000000000000000000000000000000000000000000000000000000000000000000000000000000082e708808000000000000000000000000000000000000000000000000000000000"
609258,546730,161,62528,"00000000000000000000000000000000000000000000000000000000000000000000000000000000000000000000000000000000000000000000000000000005000000000000000000000000000000000000000000000000000000000000000000000000000000000000000000000000000000000000000000000000000001400000000000000000000000000000000000000000000000000000000000000041fc"
609482,594506,138,14976,"1b0000000000000000000000000000000000000000000000000000000000000082e70880800000000000000000000000000000000000000000000000000000000000000000000000000000000000000000000000010df9010a01842aea5400829d78940872ec4426103482a50f26ffc32acefcec61b3c980b8e4f242432a000000000000000000000000"
609620,597128,20,12492,"c0416708b0f643119608167749906c515b819899"
609640,608776,256,864,"000000000000000000000000aec3cacef9457ff2821d9f85429ce3d90b0014590000000000000000000000000000000000000000000000000000000000000005000000000000000000000000000000000000000000000000000000000000000100000000000000000000000000000000000000000000000000000000000000a00000000000000000000000000000000000000000000000000000000000000000000000000000000000000000000000000000000000000000000000000000000082e70880800000000000000000000000000000000000000000000000000000000000000000000000000000000000000000000000000001eff901ec80842aea54"
609640,608776,224,864,"000000000000000000000000aec3cacef9457ff2821d9f85429ce3d90b0014590000000000000000000000000000000000000000000000000000000000000005000000000000000000000000000000000000000000000000000000000000000100000000000000000000000000000000000000000000000000000000000000a00000000000000000000000000000000000000000000000000000000000000000000000000000000000000000000000000000000000000000000000000000000082e7088080000000000000000000000000000000000000000000000000000000"
610122,595690,161,14432,"0000000000000000000000000000000000000000000000000000000000000000000000000000000000000000000000000000000000000000000000000000000500000000000000000000000000000000000000000000000000000000000000000000000000000000000000000000000000000000000000000000000000000140000000000000000000000000000000000000000000000000000000000000004144"
610346,582346,87,28000,"1b0000000000000000000000000000000000000000000000000000000000000082e70880800000000000000000000000000000000000000000000000000000000000000000000000000000000000000000000000002ceb"
610433,596385,10,14048,"4e842aea540082520894"
610463,596319,66,14144,"865af3107a40008082e70880800000000000000000000000000000000000000000000000000000000000000000000000000000000000000000000000000000002ceb"
610530,610434,9,96,"842aea540082520894"
610559,560351,77,50208,"865af3107a40008082e7088080000000000000000000000000000000000000000000000000000000000000000000000000000000000000000000000000000001eff901ec80842aea5400830159"
610636,554005,221,56631,"1c940872ec4426103482a50f26ffc32acefcec61b3c980b901c4d4dfd6bc0000000000000000000000000000000000000000000000000000000000000000000000000000000000000000000000000000000000000000000000000000000000000000000000000000000000000000000000000000000000000000000000000000000000000000000000000000000000000000000000000000000000000001000000000000000000000000000000000000000000000000000000000000000100000000000000000000000000000000000000000000000000000000652211"
610858,610122,160,736,"00000000000000000000000000000000000000000000000000000000000000000000000000000000000000000000000000000000000000000000000000000005000000000000000000000000000000000000000000000000000000000000000000000000000000000000000000000000000000000000000000000000000001400000000000000000000000000000000000000000000000000000000000000041"
611082,610346,85,736,"1b0000000000000000000000000000000000000000000000000000000000000082e7088080000000000000000000000000000000000000000000000000000000000000000000000000000000000000000000000000"
611167,605815,32,5352,"0000000000000000000000000000000000000000000000000000000000000002"
611200,598769,20,12431,"8cd398f7b6a869ada246818a6ee3f26346de3ca9"
611220,599146,20,12074,"4371b56325fe9335e91d5f87aed5403fcdbea866"
611240,582812,20,28428,"e93685f3bba03016f02bd1828badd6195988d950"
611260,611240,20,20,"e93685f3bba03016f02bd1828badd6195988d950"
611280,600958,20,10322,"e815264a16e15dd1d8c9404905432a0d60fad92b"
611317,600754,2,10563,"00b7"
611340,602026,20,9314,"3764630307e5095d5f0a0891543b7ed41738d69f"
611360,602608,20,8752,"45ddf217e45b6098c7f82e0de475ac4c737a20d8"
611480,572712,20,38768,"f8c2f5617408d94e0109c016a5806de109239350"
611540,604959,20,6581,"7fa2a0db85e3dee05c6ada495391f8daf995acdf"
611560,605631,20,5929,"84167e276f9f4fce0825a59b61ee61c4a0966e91"
611611,569338,2,42273,"0085"
611640,606490,8,5150,"84ff5b0a8162e60a"
611648,606522,12,5126,"fc599ad98d7209eeb36a6a14"
611660,608436,20,3224,"3aa95afda96ad4a75522d8f54b6b8c8867f0526c"
611680,608756,20,2924,"b1a8a26c3fe0a142d71053bcc8664108d4cd4575"
611700,596299,20,15401,"a5866ac516395d4e1f54d23813ebc3bd9ad07795"
611720,609620,20,2100,"c0416708b0f643119608167749906c515b819899"
611740,596395,20,15345,"498f00284b4ca84bb60005876e97d4d7dd439d5d"
611760,573132,20,38628,"b268e06dd9826e7c47c4b6bbc9f16df2d3bdc9ae"
611780,573092,20,38688,"161dbc3f770dc97288eed3c864daba618a209a24"
611800,596493,20,15307,"7904110ca274b7d2283597498e752a8cc1913859"
611820,611146,52,674,"00000000000000000000000000000000000000000000000000000000000000000000000000000000000000000000000000000000"
